0 1 1
0 6 1
0 11 1
0 523 1
1 0 1
1 5 1
1 2 1
1 526 1
2 3 1
2 8 1
2 1 1
2 527 1
3 2 1
3 4 1
3 12 1
3 505 1
4 3 1
4 7 1
4 9 1
4 437 1
5 1 1
5 6 1
5 8 1
5 93 1
6 5 1
6 0 1
6 16 1
6 448 1
7 4 1
7 8 1
7 19 1
7 435 1
8 7 1
8 2 1
8 5 1
8 435 1
9 15 1
9 4 1
9 13 1
9 439 1
10 14 1
10 11 1
10 13 1
10 321 1
11 10 1
11 0 1
11 12 1
11 317 1
12 3 1
12 11 1
12 13 1
12 318 1
13 9 1
13 12 1
13 10 1
13 324 1
14 10 1
14 17 1
14 15 1
14 521 1
15 9 1
15 18 1
15 14 1
15 442 1
16 6 1
16 17 1
16 19 1
16 449 1
17 16 1
17 14 1
17 18 1
17 499 1
18 19 1
18 15 1
18 17 1
18 444 1
19 7 1
19 18 1
19 16 1
19 445 1
20 23 1
20 21 1
20 22 1
20 534 1
21 20 1
21 25 1
21 22 1
21 414 1
22 20 1
22 21 1
22 24 1
22 415 1
23 20 1
23 28 1
23 24 1
23 535 1
24 22 1
24 23 1
24 26 1
24 415 1
25 21 1
25 27 1
25 26 1
25 206 1
26 24 1
26 25 1
26 29 1
26 211 1
27 25 1
27 28 1
27 29 1
27 209 1
28 27 1
28 23 1
28 29 1
28 354 1
29 26 1
29 28 1
29 27 1
29 214 1
30 40 1
30 33 1
30 36 1
30 494 1
31 35 1
31 32 1
31 33 1
31 528 1
32 31 1
32 38 1
32 33 1
32 304 1
33 30 1
33 32 1
33 31 1
33 491 1
34 37 1
34 35 1
34 36 1
34 234 1
35 34 1
35 31 1
35 36 1
35 233 1
36 30 1
36 34 1
36 35 1
36 237 1
37 34 1
37 39 1
37 41 1
37 234 1
38 32 1
38 39 1
38 45 1
38 306 1
39 38 1
39 37 1
39 42 1
39 99 1
40 30 1
40 44 1
40 41 1
40 447 1
41 37 1
41 40 1
41 43 1
41 441 1
42 39 1
42 43 1
42 45 1
42 98 1
43 42 1
43 41 1
43 44 1
43 95 1
44 45 1
44 40 1
44 43 1
44 446 1
45 38 1
45 44 1
45 42 1
45 452 1
46 48 1
46 49 1
46 61 1
46 475 1
47 56 1
47 67 1
47 59 1
47 200 1
48 46 1
48 49 1
48 54 1
48 156 1
49 48 1
49 46 1
49 52 1
49 157 1
50 53 1
50 65 1
50 51 1
50 273 1
51 52 1
51 62 1
51 50 1
51 272 1
52 49 1
52 51 1
52 53 1
52 157 1
53 57 1
53 50 1
53 52 1
53 144 1
54 48 1
54 55 1
54 57 1
54 156 1
55 54 1
55 58 1
55 56 1
55 392 1
56 47 1
56 57 1
56 55 1
56 386 1
57 56 1
57 53 1
57 54 1
57 142 1
58 55 1
58 60 1
58 59 1
58 393 1
59 47 1
59 58 1
59 64 1
59 390 1
60 58 1
60 61 1
60 64 1
60 516 1
61 60 1
61 46 1
61 62 1
61 476 1
62 51 1
62 61 1
62 63 1
62 266 1
63 62 1
63 66 1
63 64 1
63 271 1
64 59 1
64 63 1
64 60 1
64 464 1
65 50 1
65 67 1
65 66 1
65 273 1
66 65 1
66 63 1
66 67 1
66 270 1
67 65 1
67 47 1
67 66 1
67 432 1
68 69 1
68 78 1
68 71 1
68 205 1
69 68 1
69 73 1
69 70 1
69 207 1
70 69 1
70 71 1
70 72 1
70 208 1
71 76 1
71 68 1
71 70 1
71 210 1
72 70 1
72 75 1
72 74 1
72 512 1
73 69 1
73 81 1
73 75 1
73 459 1
74 72 1
74 77 1
74 75 1
74 461 1
75 73 1
75 72 1
75 74 1
75 459 1
76 71 1
76 79 1
76 77 1
76 352 1
77 76 1
77 74 1
77 80 1
77 461 1
78 81 1
78 68 1
78 79 1
78 488 1
79 78 1
79 76 1
79 80 1
79 489 1
80 81 1
80 77 1
80 79 1
80 460 1
81 73 1
81 78 1
81 80 1
81 458 1
82 88 1
82 96 1
82 83 1
82 253 1
83 82 1
83 99 1
83 86 1
83 260 1
84 90 1
84 94 1
84 85 1
84 435 1
85 84 1
85 91 1
85 87 1
85 436 1
86 83 1
86 92 1
86 87 1
86 259 1
87 95 1
87 86 1
87 85 1
87 441 1
88 89 1
88 82 1
88 92 1
88 250 1
89 93 1
89 88 1
89 90 1
89 526 1
90 84 1
90 89 1
90 91 1
90 527 1
91 85 1
91 90 1
91 92 1
91 436 1
92 88 1
92 86 1
92 91 1
92 252 1
93 89 1
93 97 1
93 94 1
93 5 1
94 93 1
94 84 1
94 95 1
94 435 1
95 87 1
95 98 1
95 94 1
95 43 1
96 82 1
96 97 1
96 99 1
96 228 1
97 96 1
97 93 1
97 98 1
97 450 1
98 99 1
98 95 1
98 97 1
98 42 1
99 83 1
99 96 1
99 98 1
99 39 1
100 107 1
100 105 1
100 103 1
100 508 1
101 104 1
101 102 1
101 103 1
101 379 1
102 101 1
102 119 1
102 103 1
102 383 1
103 101 1
103 100 1
103 102 1
103 498 1
104 108 1
104 101 1
104 105 1
104 162 1
105 100 1
105 112 1
105 104 1
105 158 1
106 107 1
106 117 1
106 114 1
106 492 1
107 100 1
107 113 1
107 106 1
107 509 1
108 110 1
108 104 1
108 111 1
108 161 1
109 110 1
109 118 1
109 115 1
109 382 1
110 109 1
110 108 1
110 111 1
110 380 1
111 108 1
111 116 1
111 110 1
111 165 1
112 105 1
112 113 1
112 116 1
112 166 1
113 112 1
113 107 1
113 114 1
113 337 1
114 115 1
114 106 1
114 113 1
114 338 1
115 109 1
115 114 1
115 116 1
115 220 1
116 111 1
116 112 1
116 115 1
116 167 1
117 106 1
117 119 1
117 118 1
117 453 1
118 119 1
118 109 1
118 117 1
118 385 1
119 102 1
119 118 1
119 117 1
119 383 1
120 121 1
120 133 1
120 124 1
120 339 1
121 120 1
121 127 1
121 122 1
121 361 1
122 121 1
122 125 1
122 129 1
122 289 1
123 126 1
123 124 1
123 125 1
123 287 1
124 120 1
124 125 1
124 123 1
124 341 1
125 124 1
125 122 1
125 123 1
125 289 1
126 123 1
126 134 1
126 130 1
126 287 1
127 121 1
127 132 1
127 135 1
127 360 1
128 131 1
128 140 1
128 136 1
128 366 1
129 122 1
129 130 1
129 131 1
129 196 1
130 129 1
130 126 1
130 137 1
130 194 1
131 129 1
131 128 1
131 138 1
131 197 1
132 127 1
132 133 1
132 135 1
132 325 1
133 132 1
133 120 1
133 134 1
133 328 1
134 133 1
134 126 1
134 139 1
134 344 1
135 127 1
135 141 1
135 132 1
135 364 1
136 128 1
136 137 1
136 138 1
136 389 1
137 136 1
137 130 1
137 138 1
137 195 1
138 131 1
138 136 1
138 137 1
138 204 1
139 134 1
139 140 1
139 141 1
139 388 1
140 128 1
140 141 1
140 139 1
140 366 1
141 140 1
141 135 1
141 139 1
141 367 1
142 145 1
142 57 1
142 144 1
142 386 1
143 153 1
143 157 1
143 152 1
143 395 1
144 146 1
144 142 1
144 53 1
144 286 1
145 148 1
145 142 1
145 149 1
145 344 1
146 144 1
146 150 1
146 151 1
146 286 1
147 156 1
147 154 1
147 148 1
147 342 1
148 147 1
148 145 1
148 155 1
148 342 1
149 145 1
149 150 1
149 155 1
149 287 1
150 149 1
150 146 1
150 151 1
150 287 1
151 146 1
151 152 1
151 150 1
151 285 1
152 153 1
152 143 1
152 151 1
152 285 1
153 154 1
153 143 1
153 152 1
153 465 1
154 147 1
154 153 1
154 155 1
154 465 1
155 149 1
155 148 1
155 154 1
155 341 1
156 48 1
156 147 1
156 54 1
156 424 1
157 143 1
157 49 1
157 52 1
157 395 1
158 105 1
158 168 1
158 162 1
158 508 1
159 161 1
159 164 1
159 160 1
159 277 1
160 163 1
160 171 1
160 159 1
160 278 1
161 159 1
161 108 1
161 163 1
161 282 1
162 158 1
162 163 1
162 104 1
162 379 1
163 162 1
163 160 1
163 161 1
163 281 1
164 165 1
164 159 1
164 170 1
164 184 1
165 111 1
165 164 1
165 167 1
165 177 1
166 112 1
166 169 1
166 167 1
166 173 1
167 116 1
167 165 1
167 166 1
167 174 1
168 158 1
168 169 1
168 171 1
168 398 1
169 168 1
169 166 1
169 170 1
169 185 1
170 171 1
170 164 1
170 169 1
170 187 1
171 160 1
171 168 1
171 170 1
171 401 1
172 176 1
172 185 1
172 173 1
173 172 1
173 166 1
173 175 1
173 336 1
174 175 1
174 167 1
174 178 1
174 220 1
175 179 1
175 173 1
175 174 1
175 223 1
176 172 1
176 186 1
176 180 1
176 485 1
177 178 1
177 165 1
177 184 1
177 472 1
178 177 1
178 174 1
178 183 1
178 218 1
179 175 1
179 181 1
179 182 1
179 215 1
180 176 1
180 181 1
180 183 1
180 486 1
181 180 1
181 179 1
181 182 1
181 310 1
182 179 1
182 183 1
182 181 1
182 216 1
183 182 1
183 178 1
183 180 1
183 219 1
184 164 1
184 177 1
184 187 1
184 471 1
185 172 1
185 186 1
185 169 1
185 398 1
186 185 1
186 176 1
186 187 1
186 403 1
187 186 1
187 184 1
187 170 1
187 404 1
188 198 1
188 191 1
188 189 1
188 311 1
189 188 1
189 190 1
189 193 1
189 312 1
190 189 1
190 196 1
190 192 1
190 285 1
191 188 1
191 201 1
191 197 1
191 253 1
192 194 1
192 190 1
192 193 1
192 286 1
193 189 1
193 199 1
193 192 1
193 315 1
194 130 1
194 192 1
194 195 1
194 286 1
195 194 1
195 200 1
195 137 1
195 386 1
196 190 1
196 197 1
196 129 1
196 288 1
197 196 1
197 191 1
197 131 1
197 256 1
198 188 1
198 202 1
198 199 1
198 313 1
199 198 1
199 193 1
199 200 1
199 314 1
200 199 1
200 195 1
200 203 1
200 47 1
201 191 1
201 202 1
201 204 1
201 409 1
202 201 1
202 198 1
202 203 1
202 406 1
203 200 1
203 204 1
203 202 1
203 390 1
204 201 1
204 138 1
204 203 1
204 394 1
205 206 1
205 209 1
205 68 1
205 487 1
206 205 1
206 25 1
206 207 1
206 414 1
207 206 1
207 69 1
207 208 1
207 416 1
208 211 1
208 70 1
208 207 1
208 417 1
209 205 1
209 27 1
209 210 1
209 350 1
210 209 1
210 71 1
210 212 1
210 352 1
211 208 1
211 213 1
211 26 1
211 418 1
212 210 1
212 213 1
212 214 1
212 353 1
213 212 1
213 211 1
213 214 1
213 376 1
214 212 1
214 29 1
214 213 1
214 355 1
215 216 1
215 228 1
215 179 1
215 310 1
216 215 1
216 217 1
216 182 1
216 310 1
217 216 1
217 221 1
217 219 1
217 536 1
218 178 1
218 222 1
218 219 1
218 473 1
219 217 1
219 183 1
219 218 1
219 486 1
220 174 1
220 225 1
220 224 1
220 115 1
221 217 1
221 227 1
221 222 1
221 469 1
222 218 1
222 226 1
222 221 1
222 473 1
223 175 1
223 229 1
223 224 1
223 308 1
224 220 1
224 230 1
224 223 1
224 309 1
225 226 1
225 220 1
225 231 1
225 382 1
226 222 1
226 225 1
226 227 1
226 284 1
227 221 1
227 232 1
227 226 1
227 279 1
228 232 1
228 215 1
228 229 1
228 96 1
229 228 1
229 223 1
229 230 1
229 306 1
230 231 1
230 224 1
230 229 1
230 307 1
231 225 1
231 230 1
231 232 1
231 451 1
232 227 1
232 228 1
232 231 1
232 450 1
233 236 1
233 238 1
233 35 1
233 528 1
234 34 1
234 243 1
234 235 1
234 37 1
235 234 1
235 246 1
235 245 1
235 441 1
236 233 1
236 240 1
236 237 1
236 510 1
237 241 1
237 36 1
237 236 1
237 511 1
238 233 1
238 239 1
238 244 1
238 465 1
239 238 1
239 240 1
239 242 1
239 468 1
240 239 1
240 236 1
240 241 1
240 522 1
241 242 1
241 237 1
241 240 1
241 442 1
242 241 1
242 247 1
242 239 1
242 348 1
243 234 1
243 244 1
243 245 1
243 260 1
244 243 1
244 238 1
244 248 1
244 466 1
245 243 1
245 235 1
245 249 1
245 259 1
246 235 1
246 247 1
246 249 1
246 346 1
247 246 1
247 242 1
247 248 1
247 347 1
248 247 1
248 244 1
248 249 1
248 339 1
249 245 1
249 246 1
249 248 1
249 361 1
250 88 1
250 254 1
250 251 1
250 525 1
251 252 1
251 250 1
251 255 1
251 358 1
252 92 1
252 251 1
252 258 1
252 359 1
253 254 1
253 82 1
253 256 1
253 191 1
254 250 1
254 253 1
254 255 1
254 434 1
255 254 1
255 251 1
255 256 1
255 356 1
256 253 1
256 257 1
256 255 1
256 197 1
257 256 1
257 260 1
257 258 1
257 363 1
258 252 1
258 259 1
258 257 1
258 361 1
259 260 1
259 86 1
259 258 1
259 245 1
260 257 1
260 83 1
260 259 1
260 243 1
261 266 1
261 262 1
261 265 1
261 457 1
262 263 1
262 272 1
262 261 1
262 496 1
263 262 1
263 274 1
263 264 1
263 431 1
264 263 1
264 265 1
264 269 1
264 431 1
265 261 1
265 267 1
265 264 1
265 460 1
266 62 1
266 261 1
266 267 1
266 456 1
267 265 1
267 266 1
267 268 1
267 461 1
268 267 1
268 269 1
268 271 1
268 513 1
269 270 1
269 264 1
269 268 1
269 294 1
270 66 1
270 269 1
270 271 1
270 433 1
271 63 1
271 268 1
271 270 1
271 464 1
272 262 1
272 274 1
272 51 1
272 395 1
273 274 1
273 65 1
273 50 1
273 396 1
274 272 1
274 263 1
274 273 1
274 397 1
275 280 1
275 279 1
275 278 1
275 402 1
276 277 1
276 283 1
276 284 1
276 472 1
277 278 1
277 159 1
277 276 1
277 471 1
278 275 1
278 160 1
278 277 1
278 401 1
279 280 1
279 275 1
279 284 1
279 227 1
280 275 1
280 279 1
280 281 1
280 448 1
281 163 1
281 280 1
281 282 1
281 381 1
282 161 1
282 283 1
282 281 1
282 380 1
283 282 1
283 276 1
283 284 1
283 380 1
284 283 1
284 276 1
284 279 1
284 226 1
285 190 1
285 288 1
285 151 1
285 152 1
286 192 1
286 146 1
286 194 1
286 144 1
287 123 1
287 150 1
287 126 1
287 149 1
288 285 1
288 196 1
288 289 1
288 363 1
289 288 1
289 125 1
289 122 1
289 363 1
290 293 1
290 296 1
290 291 1
290 349 1
291 290 1
291 292 1
291 295 1
291 351 1
292 291 1
292 297 1
292 294 1
292 431 1
293 298 1
293 290 1
293 295 1
293 355 1
294 292 1
294 295 1
294 299 1
294 269 1
295 293 1
295 291 1
295 294 1
295 353 1
296 290 1
296 300 1
296 297 1
296 311 1
297 292 1
297 296 1
297 303 1
297 397 1
298 293 1
298 301 1
298 299 1
298 517 1
299 294 1
299 302 1
299 298 1
299 433 1
300 296 1
300 301 1
300 303 1
300 313 1
301 300 1
301 298 1
301 302 1
301 462 1
302 303 1
302 299 1
302 301 1
302 433 1
303 297 1
303 302 1
303 300 1
303 432 1
304 306 1
304 308 1
304 305 1
304 32 1
305 307 1
305 309 1
305 304 1
305 490 1
306 229 1
306 304 1
306 307 1
306 38 1
307 230 1
307 305 1
307 306 1
307 452 1
308 304 1
308 223 1
308 309 1
308 336 1
309 305 1
309 224 1
309 308 1
309 338 1
310 216 1
310 215 1
310 181 1
310 538 1
311 188 1
311 313 1
311 312 1
311 296 1
312 311 1
312 189 1
312 315 1
312 397 1
313 198 1
313 311 1
313 314 1
313 300 1
314 313 1
314 315 1
314 199 1
314 432 1
315 314 1
315 312 1
315 193 1
315 396 1
316 323 1
316 318 1
316 320 1
316 479 1
317 319 1
317 11 1
317 318 1
317 478 1
318 316 1
318 12 1
318 317 1
318 480 1
319 322 1
319 317 1
319 320 1
319 477 1
320 316 1
320 319 1
320 325 1
320 364 1
321 322 1
321 10 1
321 330 1
321 519 1
322 321 1
322 319 1
322 327 1
322 483 1
323 324 1
323 316 1
323 326 1
323 500 1
324 323 1
324 13 1
324 333 1
324 439 1
325 326 1
325 320 1
325 328 1
325 132 1
326 323 1
326 325 1
326 329 1
326 360 1
327 322 1
327 328 1
327 332 1
327 345 1
328 327 1
328 325 1
328 329 1
328 133 1
329 326 1
329 335 1
329 328 1
329 346 1
330 321 1
330 331 1
330 332 1
330 468 1
331 330 1
331 334 1
331 332 1
331 348 1
332 327 1
332 330 1
332 331 1
332 345 1
333 334 1
333 324 1
333 335 1
333 440 1
334 331 1
334 333 1
334 335 1
334 348 1
335 333 1
335 329 1
335 334 1
335 346 1
336 173 1
336 337 1
336 308 1
336 528 1
337 336 1
337 113 1
337 338 1
337 529 1
338 309 1
338 114 1
338 337 1
338 490 1
339 120 1
339 347 1
339 341 1
339 248 1
340 342 1
340 343 1
340 345 1
340 467 1
341 155 1
341 339 1
341 124 1
341 466 1
342 340 1
342 343 1
342 148 1
342 147 1
343 342 1
343 340 1
343 344 1
343 482 1
344 134 1
344 145 1
344 343 1
344 388 1
345 332 1
345 340 1
345 327 1
345 467 1
346 329 1
346 347 1
346 335 1
346 246 1
347 346 1
347 339 1
347 348 1
347 247 1
348 347 1
348 331 1
348 334 1
348 242 1
349 350 1
349 354 1
349 290 1
350 209 1
350 349 1
350 351 1
350 487 1
351 350 1
351 291 1
351 352 1
351 489 1
352 353 1
352 351 1
352 210 1
352 76 1
353 295 1
353 352 1
353 212 1
353 513 1
354 349 1
354 28 1
354 355 1
354 535 1
355 293 1
355 354 1
355 214 1
355 517 1
356 255 1
356 365 1
356 357 1
356 434 1
357 358 1
357 362 1
357 356 1
357 502 1
358 359 1
358 357 1
358 251 1
358 501 1
359 360 1
359 358 1
359 252 1
359 500 1
360 127 1
360 359 1
360 361 1
360 326 1
361 121 1
361 360 1
361 258 1
361 249 1
362 357 1
362 364 1
362 368 1
362 479 1
363 288 1
363 257 1
363 289 1
363 466 1
364 362 1
364 135 1
364 367 1
364 320 1
365 356 1
365 366 1
365 368 1
365 410 1
366 365 1
366 128 1
366 140 1
366 389 1
367 368 1
367 364 1
367 141 1
367 477 1
368 365 1
368 362 1
368 367 1
368 413 1
369 370 1
369 371 1
369 378 1
369 532 1
370 369 1
370 372 1
370 374 1
370 517 1
371 369 1
371 372 1
371 373 1
371 534 1
372 371 1
372 370 1
372 373 1
372 535 1
373 371 1
373 375 1
373 372 1
373 415 1
374 370 1
374 376 1
374 377 1
374 517 1
375 378 1
375 373 1
375 376 1
375 418 1
376 375 1
376 374 1
376 377 1
376 213 1
377 374 1
377 378 1
377 376 1
377 518 1
378 369 1
378 375 1
378 377 1
378 533 1
379 162 1
379 381 1
379 101 1
379 498 1
380 282 1
380 110 1
380 382 1
380 283 1
381 379 1
381 281 1
381 384 1
381 449 1
382 109 1
382 380 1
382 385 1
382 225 1
383 384 1
383 102 1
383 119 1
383 445 1
384 381 1
384 383 1
384 385 1
384 449 1
385 118 1
385 382 1
385 384 1
385 451 1
386 142 1
386 195 1
386 387 1
386 56 1
387 386 1
387 388 1
387 389 1
387 392 1
388 344 1
388 387 1
388 139 1
388 482 1
389 387 1
389 136 1
389 366 1
389 394 1
390 59 1
390 203 1
390 391 1
390 406 1
391 390 1
391 393 1
391 394 1
391 407 1
392 393 1
392 387 1
392 55 1
392 430 1
393 58 1
393 391 1
393 392 1
393 506 1
394 389 1
394 391 1
394 204 1
394 410 1
395 143 1
395 157 1
395 272 1
395 496 1
396 315 1
396 273 1
396 397 1
396 432 1
397 312 1
397 274 1
397 396 1
397 297 1
398 399 1
398 185 1
398 168 1
399 398 1
399 400 1
399 402 1
400 399 1
400 403 1
400 402 1
400 469 1
401 402 1
401 171 1
401 404 1
401 278 1
402 399 1
402 400 1
402 401 1
402 275 1
403 400 1
403 186 1
403 404 1
403 470 1
404 401 1
404 187 1
404 403 1
404 471 1
405 408 1
405 406 1
405 407 1
405 532 1
406 405 1
406 202 1
406 390 1
406 462 1
407 405 1
407 411 1
407 391 1
407 506 1
408 409 1
408 405 1
408 412 1
408 523 1
409 408 1
409 201 1
409 410 1
409 434 1
410 394 1
410 413 1
410 409 1
410 365 1
411 412 1
411 407 1
411 413 1
411 477 1
412 408 1
412 411 1
412 413 1
412 478 1
413 411 1
413 410 1
413 412 1
413 368 1
414 21 1
414 206 1
414 416 1
415 22 1
415 418 1
415 24 1
415 373 1
416 414 1
416 207 1
416 417 1
416 425 1
417 418 1
417 416 1
417 208 1
417 512 1
418 415 1
418 417 1
418 211 1
418 375 1
419 424 1
419 422 1
419 421 1
419 475 1
420 426 1
420 428 1
420 421 1
420 516 1
421 419 1
421 420 1
421 422 1
421 476 1
422 419 1
422 427 1
422 421 1
422 454 1
423 424 1
423 425 1
423 429 1
423 484 1
424 423 1
424 419 1
424 430 1
424 156 1
425 427 1
425 423 1
425 426 1
425 416 1
426 425 1
426 420 1
426 427 1
426 512 1
427 422 1
427 425 1
427 426 1
427 459 1
428 420 1
428 429 1
428 430 1
428 506 1
429 428 1
429 423 1
429 430 1
429 484 1
430 428 1
430 424 1
430 429 1
430 392 1
431 292 1
431 263 1
431 264 1
431 497 1
432 303 1
432 396 1
432 67 1
432 314 1
433 302 1
433 270 1
433 299 1
433 463 1
434 254 1
434 409 1
434 356 1
434 524 1
435 84 1
435 7 1
435 94 1
435 8 1
436 85 1
436 437 1
436 438 1
436 91 1
437 4 1
437 436 1
437 438 1
437 505 1
438 436 1
438 439 1
438 437 1
438 500 1
439 438 1
439 440 1
439 9 1
439 324 1
440 439 1
440 441 1
440 442 1
440 333 1
441 440 1
441 87 1
441 41 1
441 235 1
442 440 1
442 15 1
442 443 1
442 241 1
443 442 1
443 447 1
443 444 1
443 511 1
444 443 1
444 18 1
444 445 1
444 499 1
445 19 1
445 446 1
445 444 1
445 383 1
446 44 1
446 445 1
446 447 1
446 453 1
447 40 1
447 443 1
447 446 1
447 494 1
448 6 1
448 450 1
448 449 1
448 280 1
449 448 1
449 16 1
449 384 1
449 381 1
450 97 1
450 448 1
450 451 1
450 232 1
451 385 1
451 450 1
451 452 1
451 231 1
452 451 1
452 45 1
452 453 1
452 307 1
453 446 1
453 117 1
453 452 1
453 492 1
454 459 1
454 455 1
454 456 1
454 422 1
455 454 1
455 458 1
455 457 1
455 474 1
456 457 1
456 454 1
456 266 1
456 476 1
457 455 1
457 456 1
457 261 1
457 474 1
458 455 1
458 81 1
458 460 1
458 495 1
459 454 1
459 73 1
459 75 1
459 427 1
460 458 1
460 265 1
460 80 1
460 497 1
461 267 1
461 74 1
461 77 1
461 513 1
462 406 1
462 301 1
462 463 1
462 532 1
463 462 1
463 464 1
463 433 1
463 518 1
464 463 1
464 64 1
464 271 1
464 514 1
465 238 1
465 154 1
465 466 1
465 153 1
466 465 1
466 244 1
466 341 1
466 363 1
467 340 1
467 468 1
467 345 1
467 483 1
468 467 1
468 239 1
468 330 1
468 520 1
469 470 1
469 400 1
469 221 1
469 536 1
470 469 1
470 403 1
470 473 1
470 485 1
471 404 1
471 472 1
471 277 1
471 184 1
472 473 1
472 471 1
472 276 1
472 177 1
473 470 1
473 222 1
473 472 1
473 218 1
474 475 1
474 455 1
474 457 1
474 496 1
475 474 1
475 419 1
475 476 1
475 46 1
476 456 1
476 475 1
476 421 1
476 61 1
477 319 1
477 411 1
477 367 1
477 481 1
478 317 1
478 412 1
478 480 1
478 523 1
479 480 1
479 316 1
479 362 1
479 502 1
480 318 1
480 478 1
480 479 1
480 503 1
481 482 1
481 483 1
481 477 1
481 484 1
482 343 1
482 481 1
482 388 1
482 484 1
483 481 1
483 467 1
483 322 1
483 530 1
484 482 1
484 423 1
484 429 1
484 481 1
485 470 1
485 176 1
485 486 1
485 537 1
486 485 1
486 180 1
486 219 1
486 537 1
487 205 1
487 350 1
487 488 1
488 78 1
488 487 1
488 489 1
488 495 1
489 488 1
489 351 1
489 79 1
489 497 1
490 305 1
490 491 1
490 492 1
490 338 1
491 490 1
491 33 1
491 493 1
491 529 1
492 493 1
492 490 1
492 453 1
492 106 1
493 491 1
493 492 1
493 494 1
493 509 1
494 493 1
494 30 1
494 447 1
494 511 1
495 458 1
495 496 1
495 497 1
495 488 1
496 474 1
496 495 1
496 262 1
496 395 1
497 495 1
497 431 1
497 460 1
497 489 1
498 379 1
498 499 1
498 103 1
498 508 1
499 498 1
499 17 1
499 444 1
499 507 1
500 438 1
500 359 1
500 323 1
500 501 1
501 502 1
501 500 1
501 504 1
501 358 1
502 501 1
502 479 1
502 503 1
502 357 1
503 504 1
503 480 1
503 502 1
503 524 1
504 501 1
504 505 1
504 503 1
504 525 1
505 504 1
505 437 1
505 3 1
505 527 1
506 407 1
506 428 1
506 393 1
506 516 1
507 508 1
507 510 1
507 499 1
507 531 1
508 507 1
508 100 1
508 498 1
508 158 1
509 107 1
509 510 1
509 493 1
509 529 1
510 509 1
510 507 1
510 511 1
510 236 1
511 443 1
511 510 1
511 494 1
511 237 1
512 426 1
512 515 1
512 72 1
512 417 1
513 461 1
513 514 1
513 268 1
513 353 1
514 513 1
514 515 1
514 464 1
514 518 1
515 512 1
515 516 1
515 514 1
515 533 1
516 515 1
516 420 1
516 60 1
516 506 1
517 355 1
517 298 1
517 374 1
517 370 1
518 377 1
518 463 1
518 514 1
518 533 1
519 521 1
519 321 1
519 520 1
519 530 1
520 522 1
520 468 1
520 519 1
520 530 1
521 519 1
521 14 1
521 522 1
521 531 1
522 520 1
522 240 1
522 521 1
522 531 1
523 0 1
523 524 1
523 478 1
523 408 1
524 523 1
524 525 1
524 503 1
524 434 1
525 524 1
525 526 1
525 504 1
525 250 1
526 525 1
526 1 1
526 527 1
526 89 1
527 526 1
527 505 1
527 2 1
527 90 1
528 529 1
528 233 1
528 31 1
528 336 1
529 528 1
529 509 1
529 491 1
529 337 1
530 520 1
530 531 1
530 519 1
530 483 1
531 530 1
531 522 1
531 521 1
531 507 1
532 405 1
532 462 1
532 533 1
532 369 1
533 515 1
533 532 1
533 518 1
533 378 1
534 20 1
534 535 1
534 371 1
535 23 1
535 534 1
535 372 1
535 354 1
536 469 1
536 537 1
536 217 1
536 538 1
537 536 1
537 485 1
537 486 1
537 538 1
538 537 1
538 536 1
538 310 1
