0 1 1
0 3 1
0 6 1
0 1003 1
0 15 1
0 1007 1
1 0 1
1 2 1
1 15 1
1 1007 1
1 16 1
1 788 1
2 1 1
2 3 1
2 7 1
2 16 1
2 787 1
2 788 1
3 0 1
3 2 1
3 6 1
3 7 1
3 1003 1
3 787 1
4 996 1
4 5 1
4 517 1
4 9 1
4 27 1
4 28 1
5 516 1
5 4 1
5 517 1
5 6 1
5 23 1
5 27 1
6 0 1
6 3 1
6 516 1
6 5 1
6 1003 1
6 23 1
7 2 1
7 3 1
7 8 1
7 787 1
7 792 1
7 26 1
8 929 1
8 7 1
8 9 1
8 792 1
8 26 1
8 29 1
9 929 1
9 996 1
9 4 1
9 8 1
9 28 1
9 29 1
10 11 1
10 14 1
10 15 1
10 948 1
10 1013 1
10 22 1
11 10 1
11 12 1
11 18 1
11 948 1
11 22 1
11 763 1
12 11 1
12 13 1
12 18 1
12 19 1
12 762 1
12 763 1
13 12 1
13 14 1
13 16 1
13 19 1
13 793 1
13 762 1
14 10 1
14 13 1
14 15 1
14 16 1
14 1013 1
14 793 1
15 0 1
15 1 1
15 10 1
15 14 1
15 1007 1
15 1013 1
16 1 1
16 2 1
16 13 1
16 14 1
16 788 1
16 793 1
17 777 1
17 779 1
17 18 1
17 21 1
17 24 1
17 28 1
18 777 1
18 11 1
18 12 1
18 17 1
18 24 1
18 763 1
19 12 1
19 13 1
19 766 1
19 20 1
19 26 1
19 762 1
20 784 1
20 19 1
20 21 1
20 26 1
20 29 1
20 766 1
21 779 1
21 784 1
21 17 1
21 20 1
21 28 1
21 29 1
22 521 1
22 10 1
22 11 1
22 948 1
22 23 1
22 25 1
23 516 1
23 5 1
23 6 1
23 521 1
23 22 1
23 25 1
24 777 1
24 522 1
24 17 1
24 18 1
24 25 1
24 27 1
25 521 1
25 522 1
25 22 1
25 23 1
25 24 1
25 27 1
26 7 1
26 8 1
26 19 1
26 20 1
26 792 1
26 766 1
27 4 1
27 5 1
27 517 1
27 522 1
27 24 1
27 25 1
28 996 1
28 4 1
28 9 1
28 779 1
28 17 1
28 21 1
29 929 1
29 8 1
29 9 1
29 784 1
29 20 1
29 21 1
30 31 1
30 35 1
30 36 1
30 39 1
30 1044 1
30 1045 1
31 32 1
31 36 1
31 37 1
31 715 1
31 1044 1
31 30 1
32 31 1
32 33 1
32 322 1
32 37 1
32 41 1
32 715 1
33 32 1
33 321 1
33 322 1
33 34 1
33 41 1
33 44 1
34 321 1
34 33 1
34 35 1
34 579 1
34 43 1
34 44 1
35 34 1
35 579 1
35 39 1
35 43 1
35 1045 1
35 30 1
36 31 1
36 37 1
36 38 1
36 719 1
36 1044 1
36 30 1
37 31 1
37 32 1
37 36 1
37 38 1
37 715 1
37 719 1
38 36 1
38 37 1
38 39 1
38 40 1
38 719 1
38 723 1
39 35 1
39 38 1
39 40 1
39 723 1
39 1045 1
39 30 1
40 38 1
40 39 1
40 41 1
40 42 1
40 334 1
40 723 1
41 32 1
41 33 1
41 322 1
41 40 1
41 42 1
41 334 1
42 40 1
42 41 1
42 43 1
42 44 1
42 334 1
42 336 1
43 34 1
43 35 1
43 579 1
43 42 1
43 44 1
43 336 1
44 321 1
44 34 1
44 33 1
44 42 1
44 43 1
44 336 1
45 1032 1
45 46 1
45 51 1
45 374 1
45 59 1
45 60 1
46 63 1
46 45 1
46 47 1
46 373 1
46 374 1
46 59 1
47 63 1
47 46 1
47 48 1
47 373 1
47 1018 1
47 62 1
48 905 1
48 47 1
48 49 1
48 54 1
48 1018 1
48 62 1
49 905 1
49 906 1
49 48 1
49 50 1
49 54 1
49 55 1
50 64 1
50 1033 1
50 906 1
50 49 1
50 51 1
50 55 1
51 64 1
51 1032 1
51 1033 1
51 45 1
51 50 1
51 60 1
52 781 1
52 916 1
52 53 1
52 57 1
52 58 1
52 61 1
53 909 1
53 52 1
53 916 1
53 54 1
53 58 1
53 62 1
54 905 1
54 909 1
54 48 1
54 49 1
54 53 1
54 62 1
55 800 1
55 67 1
55 906 1
55 49 1
55 50 1
55 56 1
56 768 1
56 800 1
56 67 1
56 68 1
56 55 1
56 57 1
57 768 1
57 68 1
57 781 1
57 52 1
57 56 1
57 61 1
58 63 1
58 52 1
58 53 1
58 916 1
58 59 1
58 380 1
59 63 1
59 45 1
59 46 1
59 374 1
59 58 1
59 380 1
60 66 1
60 775 1
60 1032 1
60 45 1
60 51 1
60 61 1
61 66 1
61 775 1
61 781 1
61 52 1
61 57 1
61 60 1
62 909 1
62 47 1
62 48 1
62 53 1
62 54 1
62 1018 1
63 46 1
63 47 1
63 373 1
63 58 1
63 59 1
63 380 1
64 799 1
64 65 1
64 67 1
64 1033 1
64 50 1
64 51 1
65 799 1
65 64 1
65 767 1
65 66 1
65 67 1
65 68 1
66 767 1
66 65 1
66 68 1
66 775 1
66 60 1
66 61 1
67 799 1
67 64 1
67 65 1
67 800 1
67 55 1
67 56 1
68 767 1
68 768 1
68 65 1
68 66 1
68 56 1
68 57 1
69 70 1
69 71 1
69 1001 1
69 79 1
69 84 1
69 213 1
70 69 1
70 71 1
70 79 1
70 213 1
70 85 1
70 219 1
71 69 1
71 70 1
71 1001 1
71 84 1
71 85 1
71 219 1
72 73 1
72 78 1
72 665 1
72 664 1
72 89 1
72 90 1
73 225 1
73 100 1
73 72 1
73 74 1
73 665 1
73 89 1
74 225 1
74 99 1
74 100 1
74 232 1
74 73 1
74 75 1
75 99 1
75 232 1
75 74 1
75 76 1
75 437 1
75 93 1
76 75 1
76 77 1
76 431 1
76 437 1
76 93 1
76 94 1
77 98 1
77 76 1
77 78 1
77 431 1
77 751 1
77 94 1
78 98 1
78 72 1
78 77 1
78 751 1
78 664 1
78 90 1
79 226 1
79 100 1
79 69 1
79 70 1
79 80 1
79 213 1
80 226 1
80 675 1
80 100 1
80 79 1
80 81 1
80 89 1
81 675 1
81 80 1
81 82 1
81 89 1
81 91 1
81 669 1
82 101 1
82 81 1
82 83 1
82 980 1
82 91 1
82 669 1
83 101 1
83 977 1
83 82 1
83 980 1
83 84 1
83 88 1
84 69 1
84 71 1
84 1001 1
84 977 1
84 83 1
84 88 1
85 99 1
85 70 1
85 71 1
85 235 1
85 86 1
85 219 1
86 99 1
86 421 1
86 235 1
86 85 1
86 87 1
86 93 1
87 418 1
87 421 1
87 86 1
87 88 1
87 92 1
87 93 1
88 418 1
88 977 1
88 83 1
88 84 1
88 87 1
88 92 1
89 675 1
89 72 1
89 73 1
89 80 1
89 81 1
89 665 1
90 96 1
90 72 1
90 78 1
90 664 1
90 666 1
90 91 1
91 96 1
91 81 1
91 82 1
91 90 1
91 666 1
91 669 1
92 95 1
92 97 1
92 418 1
92 434 1
92 87 1
92 88 1
93 421 1
93 75 1
93 76 1
93 437 1
93 86 1
93 87 1
94 95 1
94 98 1
94 427 1
94 76 1
94 77 1
94 431 1
95 97 1
95 98 1
95 427 1
95 434 1
95 92 1
95 94 1
96 97 1
96 101 1
96 90 1
96 666 1
96 826 1
96 91 1
97 95 1
97 96 1
97 101 1
97 434 1
97 826 1
97 92 1
98 95 1
98 427 1
98 77 1
98 78 1
98 751 1
98 94 1
99 232 1
99 74 1
99 235 1
99 75 1
99 85 1
99 86 1
100 225 1
100 226 1
100 73 1
100 74 1
100 79 1
100 80 1
101 96 1
101 97 1
101 82 1
101 83 1
101 980 1
101 826 1
102 323 1
102 325 1
102 103 1
102 106 1
102 108 1
102 111 1
103 325 1
103 102 1
103 104 1
103 808 1
103 111 1
103 114 1
104 103 1
104 808 1
104 807 1
104 105 1
104 114 1
104 120 1
105 899 1
105 807 1
105 104 1
105 106 1
105 109 1
105 120 1
106 899 1
106 323 1
106 102 1
106 105 1
106 108 1
106 109 1
107 327 1
107 903 1
107 108 1
107 110 1
107 112 1
107 117 1
108 323 1
108 102 1
108 327 1
108 106 1
108 107 1
108 112 1
109 899 1
109 904 1
109 105 1
109 106 1
109 110 1
109 122 1
110 903 1
110 904 1
110 107 1
110 109 1
110 117 1
110 122 1
111 325 1
111 102 1
111 103 1
111 329 1
111 112 1
111 113 1
112 327 1
112 329 1
112 107 1
112 108 1
112 111 1
112 113 1
113 329 1
113 973 1
113 111 1
113 112 1
113 115 1
113 116 1
114 103 1
114 104 1
114 808 1
114 812 1
114 115 1
114 119 1
115 812 1
115 973 1
115 113 1
115 114 1
115 116 1
115 119 1
116 973 1
116 815 1
116 113 1
116 115 1
116 118 1
116 119 1
117 903 1
117 107 1
117 110 1
117 820 1
117 118 1
117 121 1
118 815 1
118 820 1
118 116 1
118 117 1
118 119 1
118 121 1
119 812 1
119 815 1
119 114 1
119 115 1
119 116 1
119 118 1
120 807 1
120 104 1
120 105 1
120 819 1
120 121 1
120 122 1
121 819 1
121 820 1
121 117 1
121 118 1
121 120 1
121 122 1
122 904 1
122 109 1
122 110 1
122 819 1
122 120 1
122 121 1
123 1024 1
123 128 1
123 140 1
123 141 1
123 788 1
123 124 1
124 1024 1
124 133 1
124 395 1
124 140 1
124 123 1
124 125 1
125 129 1
125 133 1
125 395 1
125 398 1
125 124 1
125 126 1
126 127 1
126 129 1
126 131 1
126 398 1
126 1051 1
126 125 1
127 128 1
127 131 1
127 149 1
127 789 1
127 1051 1
127 126 1
128 127 1
128 141 1
128 788 1
128 149 1
128 789 1
128 123 1
129 130 1
129 132 1
129 398 1
129 402 1
129 125 1
129 126 1
130 129 1
130 131 1
130 132 1
130 1033 1
130 137 1
130 402 1
131 127 1
131 130 1
131 1033 1
131 137 1
131 1051 1
131 126 1
132 129 1
132 130 1
132 134 1
132 136 1
132 402 1
132 407 1
133 134 1
133 395 1
133 403 1
133 148 1
133 124 1
133 125 1
134 132 1
134 133 1
134 136 1
134 403 1
134 148 1
134 407 1
135 767 1
135 774 1
135 136 1
135 138 1
135 146 1
135 147 1
136 132 1
136 134 1
136 135 1
136 774 1
136 146 1
136 407 1
137 799 1
137 130 1
137 131 1
137 1033 1
137 138 1
137 149 1
138 767 1
138 799 1
138 135 1
138 137 1
138 147 1
138 149 1
139 1026 1
139 140 1
139 142 1
139 143 1
139 145 1
139 761 1
140 1024 1
140 1026 1
140 139 1
140 145 1
140 123 1
140 124 1
141 128 1
141 142 1
141 147 1
141 788 1
141 123 1
141 765 1
142 139 1
142 141 1
142 143 1
142 147 1
142 761 1
142 765 1
143 139 1
143 142 1
143 144 1
143 146 1
143 760 1
143 761 1
144 935 1
144 143 1
144 145 1
144 146 1
144 148 1
144 760 1
145 1026 1
145 935 1
145 139 1
145 140 1
145 144 1
145 148 1
146 774 1
146 135 1
146 136 1
146 143 1
146 144 1
146 760 1
147 767 1
147 135 1
147 138 1
147 141 1
147 142 1
147 765 1
148 133 1
148 134 1
148 935 1
148 144 1
148 145 1
148 403 1
149 127 1
149 128 1
149 799 1
149 137 1
149 138 1
149 789 1
150 164 1
150 167 1
150 151 1
150 154 1
150 957 1
150 958 1
151 164 1
151 165 1
151 241 1
151 150 1
151 152 1
151 957 1
152 165 1
152 176 1
152 241 1
152 240 1
152 151 1
152 153 1
153 547 1
153 176 1
153 177 1
153 240 1
153 152 1
153 154 1
154 547 1
154 167 1
154 177 1
154 150 1
154 153 1
154 958 1
155 641 1
155 642 1
155 162 1
155 170 1
155 178 1
155 156 1
156 641 1
156 174 1
156 155 1
156 178 1
156 251 1
156 157 1
157 255 1
157 165 1
157 174 1
157 251 1
157 156 1
157 158 1
158 159 1
158 255 1
158 163 1
158 165 1
158 636 1
158 157 1
159 639 1
159 160 1
159 163 1
159 166 1
159 636 1
159 158 1
160 159 1
160 639 1
160 161 1
160 644 1
160 166 1
160 169 1
161 160 1
161 162 1
161 644 1
161 645 1
161 169 1
161 173 1
162 161 1
162 642 1
162 645 1
162 170 1
162 173 1
162 155 1
163 159 1
163 930 1
163 164 1
163 166 1
163 636 1
163 158 1
164 930 1
164 163 1
164 166 1
164 150 1
164 151 1
164 957 1
165 255 1
165 241 1
165 151 1
165 152 1
165 157 1
165 158 1
166 159 1
166 160 1
166 639 1
166 930 1
166 163 1
166 164 1
167 963 1
167 168 1
167 172 1
167 150 1
167 154 1
167 958 1
168 802 1
168 963 1
168 167 1
168 169 1
168 172 1
168 173 1
169 160 1
169 161 1
169 802 1
169 644 1
169 168 1
169 173 1
170 642 1
170 162 1
170 549 1
170 171 1
170 179 1
170 155 1
171 549 1
171 551 1
171 170 1
171 172 1
171 177 1
171 179 1
172 963 1
172 167 1
172 168 1
172 551 1
172 171 1
172 177 1
173 161 1
173 802 1
173 162 1
173 645 1
173 168 1
173 169 1
174 175 1
174 178 1
174 252 1
174 251 1
174 156 1
174 157 1
175 260 1
175 174 1
175 176 1
175 178 1
175 179 1
175 252 1
176 260 1
176 175 1
176 240 1
176 179 1
176 152 1
176 153 1
177 547 1
177 551 1
177 171 1
177 172 1
177 153 1
177 154 1
178 641 1
178 174 1
178 175 1
178 156 1
178 155 1
178 252 1
179 260 1
179 549 1
179 170 1
179 171 1
179 175 1
179 176 1
180 609 1
180 556 1
180 181 1
180 184 1
180 185 1
180 186 1
181 609 1
181 197 1
181 594 1
181 180 1
181 182 1
181 185 1
182 197 1
182 651 1
182 208 1
182 594 1
182 181 1
182 183 1
183 191 1
183 651 1
183 557 1
183 208 1
183 182 1
183 184 1
184 191 1
184 556 1
184 557 1
184 180 1
184 183 1
184 186 1
185 609 1
185 194 1
185 465 1
185 180 1
185 181 1
185 188 1
186 556 1
186 568 1
186 180 1
186 184 1
186 187 1
186 190 1
187 193 1
187 459 1
187 568 1
187 186 1
187 188 1
187 190 1
188 193 1
188 194 1
188 459 1
188 465 1
188 185 1
188 187 1
189 192 1
189 193 1
189 196 1
189 460 1
189 467 1
189 190 1
190 193 1
190 460 1
190 568 1
190 186 1
190 187 1
190 189 1
191 192 1
191 557 1
191 206 1
191 183 1
191 184 1
191 569 1
192 191 1
192 196 1
192 206 1
192 467 1
192 569 1
192 189 1
193 459 1
193 460 1
193 187 1
193 188 1
193 189 1
193 190 1
194 195 1
194 198 1
194 304 1
194 465 1
194 185 1
194 188 1
195 194 1
195 196 1
195 198 1
195 301 1
195 205 1
195 304 1
196 192 1
196 195 1
196 301 1
196 205 1
196 467 1
196 189 1
197 202 1
197 208 1
197 594 1
197 181 1
197 182 1
197 600 1
198 194 1
198 195 1
198 199 1
198 304 1
198 209 1
198 309 1
199 198 1
199 200 1
199 203 1
199 209 1
199 309 1
199 604 1
200 199 1
200 616 1
200 201 1
200 203 1
200 207 1
200 604 1
201 200 1
201 616 1
201 202 1
201 617 1
201 207 1
201 212 1
202 197 1
202 201 1
202 617 1
202 208 1
202 212 1
202 600 1
203 199 1
203 200 1
203 204 1
203 210 1
203 661 1
203 604 1
204 203 1
204 205 1
204 210 1
204 211 1
204 661 1
204 315 1
205 195 1
205 196 1
205 204 1
205 301 1
205 211 1
205 315 1
206 191 1
206 192 1
206 207 1
206 212 1
206 662 1
206 569 1
207 200 1
207 201 1
207 616 1
207 206 1
207 212 1
207 662 1
208 197 1
208 202 1
208 651 1
208 182 1
208 183 1
208 600 1
209 198 1
209 199 1
209 210 1
209 211 1
209 309 1
209 311 1
210 203 1
210 204 1
210 209 1
210 211 1
210 661 1
210 311 1
211 204 1
211 205 1
211 209 1
211 210 1
211 311 1
211 315 1
212 201 1
212 202 1
212 617 1
212 206 1
212 207 1
212 662 1
213 226 1
213 69 1
213 70 1
213 79 1
213 885 1
213 214 1
214 832 1
214 226 1
214 885 1
214 213 1
214 215 1
214 222 1
215 831 1
215 832 1
215 239 1
215 214 1
215 216 1
215 222 1
216 831 1
216 1065 1
216 239 1
216 215 1
216 217 1
216 220 1
217 677 1
217 1065 1
217 216 1
217 218 1
217 220 1
217 221 1
218 677 1
218 678 1
218 235 1
218 217 1
218 219 1
218 221 1
219 70 1
219 71 1
219 678 1
219 235 1
219 85 1
219 218 1
220 679 1
220 1065 1
220 234 1
220 216 1
220 217 1
220 221 1
221 677 1
221 679 1
221 234 1
221 217 1
221 218 1
221 220 1
222 223 1
222 832 1
222 237 1
222 563 1
222 214 1
222 215 1
223 224 1
223 229 1
223 237 1
223 563 1
223 571 1
223 222 1
224 223 1
224 225 1
224 228 1
224 229 1
224 654 1
224 571 1
225 224 1
225 100 1
225 228 1
225 73 1
225 74 1
225 654 1
226 100 1
226 79 1
226 80 1
226 213 1
226 885 1
226 214 1
227 228 1
227 231 1
227 232 1
227 233 1
227 655 1
227 464 1
228 224 1
228 225 1
228 227 1
228 232 1
228 654 1
228 655 1
229 223 1
229 224 1
229 230 1
229 236 1
229 570 1
229 571 1
230 229 1
230 231 1
230 236 1
230 461 1
230 238 1
230 570 1
231 227 1
231 230 1
231 233 1
231 461 1
231 238 1
231 464 1
232 99 1
232 227 1
232 228 1
232 74 1
232 75 1
232 655 1
233 227 1
233 231 1
233 234 1
233 462 1
233 238 1
233 464 1
234 679 1
234 233 1
234 462 1
234 238 1
234 220 1
234 221 1
235 99 1
235 678 1
235 85 1
235 86 1
235 218 1
235 219 1
236 229 1
236 230 1
236 237 1
236 239 1
236 564 1
236 570 1
237 223 1
237 236 1
237 239 1
237 563 1
237 564 1
237 222 1
238 230 1
238 231 1
238 233 1
238 234 1
238 461 1
238 462 1
239 831 1
239 236 1
239 237 1
239 564 1
239 215 1
239 216 1
240 262 1
240 269 1
240 176 1
240 244 1
240 152 1
240 153 1
241 165 1
241 1002 1
241 242 1
241 245 1
241 151 1
241 152 1
242 1002 1
242 241 1
242 243 1
242 245 1
242 693 1
242 249 1
243 263 1
243 270 1
243 242 1
243 244 1
243 693 1
243 249 1
244 262 1
244 263 1
244 269 1
244 270 1
244 240 1
244 243 1
245 255 1
245 1002 1
245 241 1
245 242 1
245 246 1
245 633 1
246 255 1
246 259 1
246 245 1
246 247 1
246 633 1
246 443 1
247 256 1
247 259 1
247 246 1
247 248 1
247 442 1
247 443 1
248 256 1
248 257 1
248 695 1
248 247 1
248 249 1
248 442 1
249 257 1
249 242 1
249 243 1
249 693 1
249 695 1
249 248 1
250 256 1
250 448 1
250 254 1
250 259 1
250 251 1
250 446 1
251 448 1
251 259 1
251 174 1
251 250 1
251 156 1
251 157 1
252 261 1
252 174 1
252 175 1
252 178 1
252 280 1
252 253 1
253 258 1
253 261 1
253 280 1
253 284 1
253 252 1
253 254 1
254 256 1
254 258 1
254 250 1
254 284 1
254 253 1
254 446 1
255 165 1
255 245 1
255 246 1
255 633 1
255 157 1
255 158 1
256 254 1
256 442 1
256 247 1
256 248 1
256 250 1
256 446 1
257 290 1
257 258 1
257 263 1
257 695 1
257 248 1
257 249 1
258 257 1
258 290 1
258 263 1
258 284 1
258 253 1
258 254 1
259 448 1
259 251 1
259 246 1
259 247 1
259 250 1
259 443 1
260 261 1
260 262 1
260 175 1
260 176 1
260 179 1
260 277 1
261 260 1
261 262 1
261 277 1
261 280 1
261 252 1
261 253 1
262 260 1
262 261 1
262 269 1
262 240 1
262 244 1
262 277 1
263 257 1
263 290 1
263 258 1
263 270 1
263 243 1
263 244 1
264 265 1
264 267 1
264 268 1
264 273 1
264 890 1
265 264 1
265 266 1
265 268 1
265 270 1
265 690 1
266 287 1
266 265 1
266 267 1
266 270 1
266 689 1
266 690 1
267 287 1
267 264 1
267 266 1
267 273 1
267 689 1
267 890 1
268 545 1
268 264 1
268 265 1
268 269 1
268 272 1
269 545 1
269 262 1
269 268 1
269 240 1
269 272 1
269 244 1
270 263 1
270 265 1
270 266 1
270 690 1
270 243 1
270 244 1
271 281 1
271 272 1
271 275 1
271 276 1
271 345 1
271 346 1
272 545 1
272 268 1
272 269 1
272 271 1
272 276 1
272 345 1
273 264 1
273 267 1
273 274 1
273 890 1
273 892 1
273 286 1
274 289 1
274 273 1
274 275 1
274 502 1
274 892 1
274 286 1
275 289 1
275 271 1
275 274 1
275 502 1
275 281 1
275 346 1
276 352 1
276 271 1
276 272 1
276 277 1
276 279 1
276 345 1
277 352 1
277 260 1
277 261 1
277 262 1
277 276 1
277 279 1
278 895 1
278 353 1
278 279 1
278 280 1
278 283 1
278 285 1
279 352 1
279 353 1
279 276 1
279 277 1
279 278 1
279 283 1
280 895 1
280 261 1
280 253 1
280 278 1
280 252 1
280 285 1
281 289 1
281 271 1
281 346 1
281 275 1
281 282 1
281 349 1
282 351 1
282 289 1
282 281 1
282 283 1
282 349 1
282 286 1
283 351 1
283 353 1
283 278 1
283 279 1
283 282 1
283 286 1
284 288 1
284 896 1
284 258 1
284 285 1
284 253 1
284 254 1
285 895 1
285 896 1
285 288 1
285 278 1
285 280 1
285 284 1
286 351 1
286 273 1
286 274 1
286 282 1
286 283 1
286 892 1
287 288 1
287 290 1
287 266 1
287 267 1
287 689 1
287 697 1
288 287 1
288 896 1
288 290 1
288 697 1
288 284 1
288 285 1
289 274 1
289 275 1
289 502 1
289 281 1
289 282 1
289 349 1
290 287 1
290 288 1
290 257 1
290 258 1
290 263 1
290 697 1
291 292 1
291 295 1
291 296 1
291 306 1
291 503 1
291 504 1
292 291 1
292 293 1
292 296 1
292 300 1
292 755 1
292 503 1
293 703 1
293 292 1
293 294 1
293 300 1
293 755 1
293 310 1
294 703 1
294 318 1
294 293 1
294 295 1
294 310 1
294 702 1
295 291 1
295 294 1
295 702 1
295 306 1
295 504 1
295 318 1
296 291 1
296 292 1
296 297 1
296 305 1
296 503 1
296 507 1
297 455 1
297 296 1
297 298 1
297 303 1
297 305 1
297 507 1
298 455 1
298 297 1
298 457 1
298 299 1
298 303 1
298 304 1
299 457 1
299 298 1
299 300 1
299 591 1
299 304 1
299 309 1
300 292 1
300 293 1
300 299 1
300 591 1
300 755 1
300 309 1
301 195 1
301 196 1
301 205 1
301 302 1
301 466 1
301 312 1
302 301 1
302 303 1
302 463 1
302 466 1
302 308 1
302 312 1
303 455 1
303 297 1
303 298 1
303 302 1
303 463 1
303 308 1
304 194 1
304 195 1
304 198 1
304 457 1
304 298 1
304 299 1
305 511 1
305 296 1
305 297 1
305 307 1
305 308 1
305 507 1
306 512 1
306 291 1
306 295 1
306 307 1
306 504 1
306 313 1
307 511 1
307 512 1
307 305 1
307 306 1
307 308 1
307 313 1
308 511 1
308 302 1
308 303 1
308 463 1
308 305 1
308 307 1
309 198 1
309 199 1
309 299 1
309 300 1
309 591 1
309 209 1
310 703 1
310 676 1
310 293 1
310 294 1
310 311 1
310 317 1
311 676 1
311 209 1
311 210 1
311 211 1
311 310 1
311 317 1
312 301 1
312 302 1
312 656 1
312 466 1
312 314 1
312 315 1
313 512 1
313 306 1
313 307 1
313 664 1
313 314 1
313 316 1
314 656 1
314 664 1
314 312 1
314 313 1
314 315 1
314 316 1
315 204 1
315 205 1
315 656 1
315 211 1
315 312 1
315 314 1
316 664 1
316 313 1
316 314 1
316 667 1
316 317 1
316 318 1
317 676 1
317 310 1
317 311 1
317 667 1
317 316 1
317 318 1
318 294 1
318 295 1
318 667 1
318 316 1
318 317 1
318 702 1
319 320 1
319 897 1
319 322 1
319 323 1
319 324 1
319 716 1
320 319 1
320 576 1
320 897 1
320 321 1
320 323 1
320 326 1
321 320 1
321 576 1
321 33 1
321 34 1
321 326 1
321 44 1
322 319 1
322 32 1
322 33 1
322 324 1
322 41 1
322 716 1
323 319 1
323 320 1
323 897 1
323 102 1
323 106 1
323 108 1
324 319 1
324 322 1
324 325 1
324 716 1
324 333 1
324 718 1
325 324 1
325 102 1
325 103 1
325 333 1
325 718 1
325 111 1
326 576 1
326 320 1
326 321 1
326 327 1
326 330 1
326 588 1
327 326 1
327 330 1
327 107 1
327 588 1
327 108 1
327 112 1
328 329 1
328 332 1
328 333 1
328 334 1
328 724 1
328 725 1
329 328 1
329 333 1
329 111 1
329 112 1
329 113 1
329 725 1
330 326 1
330 327 1
330 331 1
330 588 1
330 589 1
330 335 1
331 330 1
331 332 1
331 589 1
331 335 1
331 337 1
331 987 1
332 328 1
332 331 1
332 334 1
332 337 1
332 724 1
332 987 1
333 324 1
333 325 1
333 328 1
333 329 1
333 718 1
333 725 1
334 328 1
334 40 1
334 41 1
334 42 1
334 332 1
334 724 1
335 330 1
335 331 1
335 589 1
335 590 1
335 336 1
335 337 1
336 42 1
336 43 1
336 44 1
336 590 1
336 335 1
336 337 1
337 331 1
337 332 1
337 590 1
337 335 1
337 336 1
337 987 1
338 339 1
338 500 1
338 501 1
338 344 1
338 346 1
338 349 1
339 1063 1
339 338 1
339 340 1
339 500 1
339 349 1
339 350 1
340 1063 1
340 359 1
340 845 1
340 339 1
340 341 1
340 350 1
341 359 1
341 365 1
341 845 1
341 847 1
341 340 1
341 342 1
342 365 1
342 847 1
342 367 1
342 341 1
342 343 1
342 1052 1
343 1051 1
343 367 1
343 342 1
343 344 1
343 347 1
343 1052 1
344 1051 1
344 338 1
344 501 1
344 343 1
344 346 1
344 347 1
345 364 1
345 492 1
345 271 1
345 272 1
345 276 1
345 348 1
346 271 1
346 338 1
346 275 1
346 501 1
346 344 1
346 281 1
347 489 1
347 366 1
347 343 1
347 344 1
347 1051 1
347 348 1
348 489 1
348 492 1
348 364 1
348 366 1
348 345 1
348 347 1
349 289 1
349 338 1
349 339 1
349 500 1
349 281 1
349 282 1
350 351 1
350 358 1
350 1063 1
350 339 1
350 340 1
350 893 1
351 350 1
351 358 1
351 282 1
351 283 1
351 893 1
351 286 1
352 549 1
352 357 1
352 360 1
352 276 1
352 277 1
352 279 1
353 354 1
353 358 1
353 278 1
353 279 1
353 283 1
353 894 1
354 353 1
354 355 1
354 358 1
354 359 1
354 850 1
354 894 1
355 354 1
355 356 1
355 359 1
355 365 1
355 850 1
355 856 1
356 355 1
356 357 1
356 361 1
356 365 1
356 951 1
356 856 1
357 352 1
357 356 1
357 549 1
357 360 1
357 361 1
357 951 1
358 351 1
358 353 1
358 354 1
358 350 1
358 893 1
358 894 1
359 354 1
359 355 1
359 845 1
359 850 1
359 340 1
359 341 1
360 352 1
360 549 1
360 357 1
360 363 1
360 364 1
360 496 1
361 356 1
361 357 1
361 362 1
361 367 1
361 1043 1
361 951 1
362 361 1
362 363 1
362 493 1
362 366 1
362 367 1
362 1043 1
363 360 1
363 362 1
363 364 1
363 493 1
363 366 1
363 496 1
364 360 1
364 363 1
364 492 1
364 496 1
364 345 1
364 348 1
365 355 1
365 356 1
365 847 1
365 341 1
365 342 1
365 856 1
366 489 1
366 362 1
366 363 1
366 493 1
366 347 1
366 348 1
367 361 1
367 362 1
367 1043 1
367 342 1
367 343 1
367 1052 1
368 385 1
368 369 1
368 372 1
368 373 1
368 1015 1
368 1016 1
369 368 1
369 370 1
369 373 1
369 1015 1
369 377 1
369 830 1
370 835 1
370 391 1
370 369 1
370 371 1
370 377 1
370 830 1
371 992 1
371 835 1
371 390 1
371 391 1
371 370 1
371 372 1
372 992 1
372 385 1
372 390 1
372 368 1
372 371 1
372 1016 1
373 63 1
373 46 1
373 47 1
373 368 1
373 369 1
373 1015 1
374 1032 1
374 45 1
374 46 1
374 375 1
374 59 1
374 381 1
375 386 1
375 1032 1
375 374 1
375 376 1
375 381 1
375 1022 1
376 386 1
376 837 1
376 393 1
376 375 1
376 377 1
376 1022 1
377 837 1
377 393 1
377 369 1
377 370 1
377 376 1
377 830 1
378 384 1
378 390 1
378 999 1
378 391 1
378 841 1
378 379 1
379 385 1
379 390 1
379 999 1
379 378 1
379 1019 1
379 380 1
380 63 1
380 385 1
380 1019 1
380 379 1
380 58 1
380 59 1
381 387 1
381 932 1
381 1032 1
381 374 1
381 375 1
381 382 1
382 383 1
382 387 1
382 932 1
382 389 1
382 653 1
382 381 1
383 384 1
383 389 1
383 392 1
383 650 1
383 653 1
383 382 1
384 383 1
384 391 1
384 392 1
384 841 1
384 650 1
384 378 1
385 1019 1
385 368 1
385 372 1
385 1016 1
385 379 1
385 380 1
386 387 1
386 388 1
386 933 1
386 375 1
386 376 1
386 1022 1
387 386 1
387 388 1
387 932 1
387 933 1
387 381 1
387 382 1
388 386 1
388 387 1
388 933 1
388 389 1
388 649 1
388 394 1
389 383 1
389 388 1
389 649 1
389 394 1
389 653 1
389 382 1
390 992 1
390 999 1
390 371 1
390 372 1
390 378 1
390 379 1
391 384 1
391 835 1
391 841 1
391 370 1
391 371 1
391 378 1
392 383 1
392 384 1
392 648 1
392 393 1
392 650 1
392 394 1
393 837 1
393 392 1
393 648 1
393 394 1
393 376 1
393 377 1
394 388 1
394 389 1
394 648 1
394 392 1
394 649 1
394 393 1
395 1023 1
395 133 1
395 396 1
395 405 1
395 124 1
395 125 1
396 1023 1
396 395 1
396 397 1
396 756 1
396 405 1
396 410 1
397 396 1
397 398 1
397 399 1
397 755 1
397 756 1
397 410 1
398 129 1
398 397 1
398 399 1
398 755 1
398 125 1
398 126 1
399 397 1
399 398 1
399 591 1
399 400 1
399 755 1
399 412 1
400 399 1
400 591 1
400 593 1
400 401 1
400 412 1
400 413 1
401 400 1
401 593 1
401 402 1
401 406 1
401 413 1
401 1022 1
402 129 1
402 130 1
402 132 1
402 401 1
402 406 1
402 1022 1
403 611 1
403 133 1
403 134 1
403 148 1
403 404 1
403 408 1
404 611 1
404 403 1
404 405 1
404 408 1
404 411 1
404 606 1
405 1023 1
405 395 1
405 396 1
405 404 1
405 411 1
405 606 1
406 933 1
406 401 1
406 402 1
406 407 1
406 409 1
406 1022 1
407 132 1
407 933 1
407 134 1
407 136 1
407 406 1
407 409 1
408 611 1
408 612 1
408 403 1
408 404 1
408 409 1
408 413 1
409 612 1
409 933 1
409 406 1
409 407 1
409 408 1
409 413 1
410 396 1
410 397 1
410 756 1
410 601 1
410 411 1
410 412 1
411 404 1
411 405 1
411 601 1
411 410 1
411 412 1
411 606 1
412 399 1
412 400 1
412 591 1
412 601 1
412 410 1
412 411 1
413 612 1
413 400 1
413 401 1
413 593 1
413 408 1
413 409 1
414 415 1
414 417 1
414 420 1
414 425 1
414 745 1
414 923 1
415 416 1
415 420 1
415 421 1
415 682 1
415 923 1
415 414 1
416 415 1
416 417 1
416 421 1
416 681 1
416 682 1
416 430 1
417 416 1
417 681 1
417 425 1
417 745 1
417 430 1
417 414 1
418 419 1
418 424 1
418 813 1
418 87 1
418 88 1
418 92 1
419 418 1
419 420 1
419 422 1
419 424 1
419 813 1
419 816 1
420 415 1
420 419 1
420 422 1
420 816 1
420 923 1
420 414 1
421 415 1
421 416 1
421 682 1
421 86 1
421 87 1
421 93 1
422 419 1
422 420 1
422 423 1
422 426 1
422 816 1
422 818 1
423 422 1
423 424 1
423 426 1
423 814 1
423 432 1
423 818 1
424 418 1
424 419 1
424 423 1
424 813 1
424 814 1
424 432 1
425 417 1
425 745 1
425 426 1
425 429 1
425 749 1
425 414 1
426 422 1
426 423 1
426 425 1
426 429 1
426 749 1
426 818 1
427 95 1
427 98 1
427 428 1
427 753 1
427 436 1
427 94 1
428 427 1
428 429 1
428 750 1
428 433 1
428 753 1
428 436 1
429 425 1
429 426 1
429 428 1
429 749 1
429 750 1
429 433 1
430 416 1
430 417 1
430 681 1
430 684 1
430 431 1
430 437 1
431 684 1
431 76 1
431 77 1
431 430 1
431 437 1
431 94 1
432 423 1
432 424 1
432 814 1
432 433 1
432 978 1
432 435 1
433 428 1
433 429 1
433 750 1
433 432 1
433 978 1
433 435 1
434 95 1
434 97 1
434 435 1
434 436 1
434 92 1
434 829 1
435 432 1
435 433 1
435 978 1
435 434 1
435 436 1
435 829 1
436 427 1
436 428 1
436 753 1
436 434 1
436 435 1
436 829 1
437 75 1
437 76 1
437 684 1
437 430 1
437 431 1
437 93 1
438 1055 1
438 846 1
438 439 1
438 440 1
438 441 1
438 444 1
439 1055 1
439 453 1
439 847 1
439 438 1
439 440 1
439 444 1
440 453 1
440 846 1
440 847 1
440 438 1
440 439 1
440 441 1
441 846 1
441 848 1
441 438 1
441 440 1
441 442 1
441 445 1
442 256 1
442 848 1
442 247 1
442 248 1
442 441 1
442 445 1
443 259 1
443 454 1
443 246 1
443 247 1
443 635 1
443 444 1
444 1055 1
444 635 1
444 454 1
444 438 1
444 439 1
444 443 1
445 447 1
445 848 1
445 854 1
445 441 1
445 442 1
445 446 1
446 447 1
446 256 1
446 854 1
446 250 1
446 445 1
446 254 1
447 450 1
447 452 1
447 854 1
447 855 1
447 445 1
447 446 1
448 640 1
448 449 1
448 259 1
448 454 1
448 250 1
448 251 1
449 448 1
449 640 1
449 450 1
449 451 1
449 454 1
449 950 1
450 447 1
450 449 1
450 451 1
450 452 1
450 950 1
450 855 1
451 449 1
451 450 1
451 452 1
451 453 1
451 950 1
451 856 1
452 447 1
452 450 1
452 451 1
452 453 1
452 855 1
452 856 1
453 451 1
453 452 1
453 847 1
453 439 1
453 440 1
453 856 1
454 448 1
454 449 1
454 640 1
454 443 1
454 635 1
454 444 1
455 679 1
455 456 1
455 297 1
455 298 1
455 462 1
455 303 1
456 455 1
456 679 1
456 457 1
456 458 1
456 462 1
456 592 1
457 456 1
457 298 1
457 299 1
457 458 1
457 592 1
457 304 1
458 613 1
458 456 1
458 457 1
458 459 1
458 592 1
458 465 1
459 193 1
459 613 1
459 458 1
459 465 1
459 187 1
459 188 1
460 193 1
460 461 1
460 467 1
460 570 1
460 189 1
460 190 1
461 230 1
461 231 1
461 460 1
461 238 1
461 467 1
461 570 1
462 455 1
462 456 1
462 233 1
462 234 1
462 679 1
462 238 1
463 302 1
463 303 1
463 464 1
463 655 1
463 466 1
463 308 1
464 227 1
464 231 1
464 233 1
464 463 1
464 655 1
464 466 1
465 194 1
465 613 1
465 458 1
465 459 1
465 185 1
465 188 1
466 301 1
466 302 1
466 463 1
466 464 1
466 655 1
466 312 1
467 192 1
467 196 1
467 460 1
467 461 1
467 570 1
467 189 1
468 581 1
468 486 1
468 469 1
468 982 1
468 473 1
468 478 1
469 580 1
469 581 1
469 468 1
469 470 1
469 474 1
469 478 1
470 580 1
470 469 1
470 918 1
470 471 1
470 474 1
470 477 1
471 470 1
471 487 1
471 918 1
471 823 1
471 472 1
471 477 1
472 487 1
472 488 1
472 823 1
472 822 1
472 471 1
472 473 1
473 486 1
473 488 1
473 822 1
473 468 1
473 982 1
473 472 1
474 479 1
474 580 1
474 584 1
474 469 1
474 470 1
474 475 1
475 479 1
475 480 1
475 584 1
475 744 1
475 474 1
475 476 1
476 480 1
476 483 1
476 744 1
476 746 1
476 475 1
476 477 1
477 470 1
477 483 1
477 746 1
477 918 1
477 471 1
477 476 1
478 479 1
478 481 1
478 581 1
478 585 1
478 468 1
478 469 1
479 481 1
479 584 1
479 585 1
479 474 1
479 475 1
479 478 1
480 481 1
480 482 1
480 744 1
480 750 1
480 475 1
480 476 1
481 479 1
481 480 1
481 482 1
481 585 1
481 750 1
481 478 1
482 480 1
482 481 1
482 485 1
482 486 1
482 750 1
482 754 1
483 484 1
483 487 1
483 746 1
483 747 1
483 476 1
483 477 1
484 483 1
484 485 1
484 487 1
484 488 1
484 747 1
484 752 1
485 482 1
485 484 1
485 486 1
485 488 1
485 752 1
485 754 1
486 482 1
486 485 1
486 754 1
486 468 1
486 982 1
486 473 1
487 483 1
487 484 1
487 747 1
487 823 1
487 471 1
487 472 1
488 484 1
488 485 1
488 752 1
488 822 1
488 472 1
488 473 1
489 906 1
489 490 1
489 366 1
489 498 1
489 347 1
489 348 1
490 489 1
490 906 1
490 491 1
490 905 1
490 497 1
490 498 1
491 548 1
491 905 1
491 490 1
491 492 1
491 497 1
491 499 1
492 548 1
492 491 1
492 364 1
492 499 1
492 345 1
492 348 1
493 362 1
493 363 1
493 366 1
493 494 1
493 913 1
493 498 1
494 907 1
494 493 1
494 495 1
494 497 1
494 498 1
494 913 1
495 550 1
495 907 1
495 494 1
495 496 1
495 497 1
495 499 1
496 550 1
496 360 1
496 363 1
496 364 1
496 495 1
496 499 1
497 905 1
497 490 1
497 907 1
497 491 1
497 494 1
497 495 1
498 489 1
498 490 1
498 906 1
498 493 1
498 494 1
498 913 1
499 548 1
499 550 1
499 491 1
499 492 1
499 495 1
499 496 1
500 1072 1
500 338 1
500 339 1
500 501 1
500 502 1
500 349 1
501 1072 1
501 338 1
501 500 1
501 502 1
501 344 1
501 346 1
502 289 1
502 1072 1
502 274 1
502 275 1
502 500 1
502 501 1
503 291 1
503 292 1
503 296 1
503 918 1
503 505 1
503 506 1
504 291 1
504 295 1
504 306 1
504 823 1
504 505 1
504 508 1
505 823 1
505 918 1
505 503 1
505 504 1
505 506 1
505 508 1
506 680 1
506 918 1
506 503 1
506 505 1
506 507 1
506 510 1
507 296 1
507 297 1
507 680 1
507 305 1
507 506 1
507 510 1
508 512 1
508 823 1
508 504 1
508 505 1
508 827 1
508 509 1
509 511 1
509 512 1
509 683 1
509 827 1
509 508 1
509 510 1
510 511 1
510 680 1
510 683 1
510 506 1
510 507 1
510 509 1
511 683 1
511 305 1
511 307 1
511 308 1
511 509 1
511 510 1
512 306 1
512 307 1
512 313 1
512 827 1
512 508 1
512 509 1
513 514 1
513 995 1
513 517 1
513 529 1
513 882 1
513 534 1
514 513 1
514 866 1
514 515 1
514 525 1
514 882 1
514 534 1
515 865 1
515 514 1
515 866 1
515 516 1
515 523 1
515 525 1
516 865 1
516 515 1
516 5 1
516 6 1
516 523 1
516 23 1
517 513 1
517 995 1
517 4 1
517 5 1
517 529 1
517 27 1
518 519 1
518 937 1
518 522 1
518 938 1
518 526 1
518 533 1
519 518 1
519 520 1
519 937 1
519 874 1
519 524 1
519 526 1
520 869 1
520 519 1
520 521 1
520 874 1
520 523 1
520 524 1
521 869 1
521 520 1
521 523 1
521 22 1
521 23 1
521 25 1
522 518 1
522 938 1
522 533 1
522 24 1
522 25 1
522 27 1
523 865 1
523 515 1
523 516 1
523 869 1
523 520 1
523 521 1
524 519 1
524 520 1
524 871 1
524 874 1
524 525 1
524 528 1
525 866 1
525 514 1
525 515 1
525 871 1
525 524 1
525 528 1
526 518 1
526 519 1
526 937 1
526 652 1
526 527 1
526 539 1
527 651 1
527 652 1
527 526 1
527 528 1
527 536 1
527 539 1
528 871 1
528 651 1
528 524 1
528 525 1
528 527 1
528 536 1
529 513 1
529 995 1
529 517 1
529 840 1
529 530 1
529 538 1
530 543 1
530 840 1
530 529 1
530 531 1
530 567 1
530 538 1
531 543 1
531 575 1
531 544 1
531 530 1
531 532 1
531 567 1
532 575 1
532 544 1
532 939 1
532 531 1
532 533 1
532 540 1
533 518 1
533 522 1
533 939 1
533 938 1
533 532 1
533 540 1
534 513 1
534 514 1
534 882 1
534 535 1
534 537 1
534 573 1
535 557 1
535 534 1
535 536 1
535 537 1
535 573 1
535 542 1
536 651 1
536 557 1
536 527 1
536 528 1
536 535 1
536 542 1
537 543 1
537 561 1
537 534 1
537 535 1
537 538 1
537 573 1
538 543 1
538 840 1
538 529 1
538 530 1
538 561 1
538 537 1
539 652 1
539 558 1
539 527 1
539 526 1
539 541 1
539 542 1
540 544 1
540 939 1
540 532 1
540 533 1
540 541 1
540 574 1
541 544 1
541 574 1
541 558 1
541 539 1
541 540 1
541 542 1
542 557 1
542 558 1
542 535 1
542 536 1
542 539 1
542 541 1
543 561 1
543 530 1
543 531 1
543 567 1
543 537 1
543 538 1
544 575 1
544 531 1
544 532 1
544 540 1
544 541 1
544 574 1
545 546 1
545 548 1
545 1068 1
545 268 1
545 269 1
545 272 1
546 545 1
546 547 1
546 548 1
546 552 1
546 1067 1
546 1068 1
547 546 1
547 552 1
547 1067 1
547 177 1
547 153 1
547 154 1
548 545 1
548 546 1
548 491 1
548 1068 1
548 492 1
548 499 1
549 352 1
549 357 1
549 360 1
549 170 1
549 171 1
549 179 1
550 551 1
550 552 1
550 495 1
550 496 1
550 1042 1
550 499 1
551 550 1
551 552 1
551 171 1
551 172 1
551 177 1
551 1042 1
552 546 1
552 547 1
552 550 1
552 551 1
552 1067 1
552 1042 1
553 832 1
553 833 1
553 554 1
553 555 1
553 562 1
553 563 1
554 832 1
554 553 1
554 555 1
554 877 1
554 563 1
554 572 1
555 833 1
555 553 1
555 554 1
555 877 1
555 562 1
555 572 1
556 648 1
556 560 1
556 180 1
556 565 1
556 184 1
556 186 1
557 191 1
557 535 1
557 536 1
557 183 1
557 184 1
557 542 1
558 542 1
558 653 1
558 559 1
558 539 1
558 541 1
558 574 1
559 650 1
559 653 1
559 558 1
559 560 1
559 566 1
559 574 1
560 648 1
560 650 1
560 556 1
560 559 1
560 565 1
560 566 1
561 543 1
561 839 1
561 562 1
561 537 1
561 538 1
561 573 1
562 833 1
562 839 1
562 553 1
562 555 1
562 561 1
562 573 1
563 223 1
563 832 1
563 553 1
563 554 1
563 237 1
563 222 1
564 838 1
564 236 1
564 237 1
564 239 1
564 565 1
564 568 1
565 838 1
565 648 1
565 556 1
565 560 1
565 564 1
565 568 1
566 575 1
566 841 1
566 650 1
566 559 1
566 560 1
566 567 1
567 543 1
567 575 1
567 841 1
567 530 1
567 531 1
567 566 1
568 838 1
568 564 1
568 565 1
568 186 1
568 187 1
568 190 1
569 191 1
569 192 1
569 206 1
569 658 1
569 571 1
569 572 1
570 229 1
570 230 1
570 460 1
570 236 1
570 461 1
570 467 1
571 223 1
571 224 1
571 229 1
571 658 1
571 569 1
571 572 1
572 554 1
572 555 1
572 877 1
572 658 1
572 569 1
572 571 1
573 839 1
573 561 1
573 562 1
573 534 1
573 535 1
573 537 1
574 544 1
574 653 1
574 558 1
574 559 1
574 540 1
574 541 1
575 544 1
575 841 1
575 531 1
575 532 1
575 566 1
575 567 1
576 320 1
576 321 1
576 577 1
576 898 1
576 326 1
576 583 1
577 576 1
577 578 1
577 898 1
577 580 1
577 583 1
578 1056 1
578 577 1
578 579 1
578 580 1
578 582 1
579 1056 1
579 578 1
579 34 1
579 35 1
579 582 1
579 43 1
580 577 1
580 578 1
580 469 1
580 470 1
580 474 1
581 582 1
581 590 1
581 468 1
581 981 1
581 469 1
581 478 1
582 1056 1
582 578 1
582 579 1
582 581 1
582 590 1
582 981 1
583 576 1
583 577 1
583 898 1
583 902 1
583 584 1
583 587 1
584 479 1
584 902 1
584 583 1
584 587 1
584 474 1
584 475 1
585 479 1
585 481 1
585 586 1
585 589 1
585 986 1
585 478 1
586 903 1
586 585 1
586 587 1
586 588 1
586 589 1
586 986 1
587 902 1
587 583 1
587 584 1
587 903 1
587 586 1
587 588 1
588 326 1
588 327 1
588 903 1
588 586 1
588 330 1
588 587 1
589 585 1
589 586 1
589 330 1
589 331 1
589 335 1
589 986 1
590 581 1
590 582 1
590 335 1
590 336 1
590 337 1
590 981 1
591 299 1
591 300 1
591 399 1
591 400 1
591 309 1
591 412 1
592 613 1
592 456 1
592 457 1
592 458 1
592 593 1
592 1021 1
593 613 1
593 592 1
593 400 1
593 401 1
593 1021 1
593 413 1
594 610 1
594 197 1
594 652 1
594 595 1
594 181 1
594 182 1
595 610 1
595 611 1
595 936 1
595 652 1
595 594 1
595 596 1
596 1025 1
596 611 1
596 936 1
596 595 1
596 597 1
596 606 1
597 1025 1
597 596 1
597 598 1
597 1050 1
597 605 1
597 606 1
598 608 1
598 876 1
598 597 1
598 599 1
598 1050 1
598 605 1
599 608 1
599 615 1
599 871 1
599 876 1
599 598 1
599 600 1
600 197 1
600 615 1
600 871 1
600 202 1
600 208 1
600 599 1
601 410 1
601 758 1
601 602 1
601 411 1
601 412 1
601 605 1
602 607 1
602 758 1
602 759 1
602 601 1
602 603 1
602 605 1
603 607 1
603 616 1
603 663 1
603 759 1
603 602 1
603 604 1
604 199 1
604 200 1
604 616 1
604 203 1
604 663 1
604 603 1
605 602 1
605 598 1
605 597 1
605 758 1
605 601 1
605 1050 1
606 1025 1
606 596 1
606 404 1
606 405 1
606 597 1
606 411 1
607 608 1
607 614 1
607 875 1
607 759 1
607 602 1
607 603 1
608 607 1
608 614 1
608 875 1
608 876 1
608 598 1
608 599 1
609 610 1
609 612 1
609 649 1
609 180 1
609 181 1
609 185 1
610 609 1
610 612 1
610 649 1
610 652 1
610 594 1
610 595 1
611 936 1
611 403 1
611 404 1
611 595 1
611 596 1
611 408 1
612 609 1
612 610 1
612 649 1
612 408 1
612 409 1
612 413 1
613 458 1
613 459 1
613 592 1
613 465 1
613 593 1
613 1021 1
614 607 1
614 608 1
614 615 1
614 872 1
614 617 1
614 875 1
615 614 1
615 871 1
615 872 1
615 617 1
615 599 1
615 600 1
616 200 1
616 201 1
616 207 1
616 663 1
616 603 1
616 604 1
617 614 1
617 615 1
617 872 1
617 201 1
617 202 1
617 212 1
618 1057 1
618 1066 1
618 619 1
618 621 1
618 623 1
618 626 1
619 1066 1
619 618 1
619 620 1
619 622 1
619 623 1
619 1048 1
620 619 1
620 621 1
620 622 1
620 627 1
620 1047 1
620 1048 1
621 1057 1
621 618 1
621 620 1
621 626 1
621 627 1
621 1047 1
622 619 1
622 620 1
622 625 1
622 627 1
622 1048 1
622 1049 1
623 1059 1
623 1066 1
623 618 1
623 619 1
623 624 1
623 631 1
624 1058 1
624 1059 1
624 623 1
624 625 1
624 628 1
624 631 1
625 1058 1
625 622 1
625 624 1
625 627 1
625 628 1
625 1049 1
626 1057 1
626 618 1
626 621 1
626 629 1
626 630 1
626 983 1
627 620 1
627 621 1
627 622 1
627 625 1
627 1047 1
627 1049 1
628 1058 1
628 624 1
628 625 1
628 629 1
628 632 1
628 987 1
629 626 1
629 628 1
629 630 1
629 983 1
629 632 1
629 987 1
630 631 1
630 626 1
630 629 1
630 983 1
630 632 1
630 984 1
631 1059 1
631 623 1
631 624 1
631 630 1
631 632 1
631 984 1
632 628 1
632 629 1
632 630 1
632 631 1
632 984 1
632 987 1
633 255 1
633 927 1
633 245 1
633 246 1
633 634 1
633 636 1
634 927 1
634 633 1
634 635 1
634 636 1
634 637 1
634 926 1
635 454 1
635 634 1
635 443 1
635 444 1
635 637 1
635 926 1
636 159 1
636 927 1
636 163 1
636 633 1
636 634 1
636 158 1
637 647 1
637 634 1
637 638 1
637 794 1
637 635 1
637 926 1
638 639 1
638 644 1
638 647 1
638 637 1
638 794 1
638 797 1
639 159 1
639 160 1
639 644 1
639 166 1
639 797 1
639 638 1
640 448 1
640 449 1
640 641 1
640 643 1
640 454 1
640 950 1
641 640 1
641 643 1
641 178 1
641 950 1
641 155 1
641 156 1
642 162 1
642 643 1
642 646 1
642 170 1
642 951 1
642 155 1
643 640 1
643 641 1
643 642 1
643 646 1
643 950 1
643 951 1
644 639 1
644 160 1
644 161 1
644 169 1
644 797 1
644 638 1
645 161 1
645 162 1
645 646 1
645 647 1
645 173 1
645 795 1
646 642 1
646 643 1
646 645 1
646 647 1
646 951 1
646 795 1
647 645 1
647 646 1
647 794 1
647 795 1
647 637 1
647 638 1
648 392 1
648 393 1
648 394 1
648 556 1
648 560 1
648 565 1
649 609 1
649 610 1
649 388 1
649 389 1
649 612 1
649 394 1
650 383 1
650 384 1
650 392 1
650 559 1
650 560 1
650 566 1
651 527 1
651 208 1
651 528 1
651 182 1
651 183 1
651 536 1
652 610 1
652 526 1
652 527 1
652 594 1
652 595 1
652 539 1
653 383 1
653 389 1
653 382 1
653 558 1
653 559 1
653 574 1
654 224 1
654 225 1
654 228 1
654 656 1
654 657 1
654 665 1
655 227 1
655 228 1
655 232 1
655 463 1
655 464 1
655 466 1
656 654 1
656 657 1
656 312 1
656 665 1
656 314 1
656 315 1
657 672 1
657 654 1
657 656 1
657 659 1
657 660 1
657 665 1
658 883 1
658 659 1
658 662 1
658 569 1
658 571 1
658 572 1
659 672 1
659 657 1
659 658 1
659 883 1
659 660 1
659 662 1
660 672 1
660 673 1
660 657 1
660 659 1
660 661 1
660 663 1
661 673 1
661 203 1
661 204 1
661 210 1
661 660 1
661 663 1
662 206 1
662 207 1
662 658 1
662 883 1
662 212 1
662 659 1
663 673 1
663 616 1
663 660 1
663 661 1
663 603 1
663 604 1
664 72 1
664 78 1
664 314 1
664 313 1
664 90 1
664 316 1
665 72 1
665 73 1
665 654 1
665 656 1
665 657 1
665 89 1
666 96 1
666 667 1
666 708 1
666 90 1
666 91 1
666 668 1
667 708 1
667 668 1
667 666 1
667 316 1
667 317 1
667 318 1
668 674 1
668 708 1
668 709 1
668 666 1
668 667 1
668 670 1
669 671 1
669 91 1
669 81 1
669 82 1
669 955 1
669 670 1
670 671 1
670 674 1
670 709 1
670 955 1
670 668 1
670 669 1
671 672 1
671 675 1
671 888 1
671 955 1
671 669 1
671 670 1
672 671 1
672 675 1
672 657 1
672 659 1
672 660 1
672 888 1
673 674 1
673 676 1
673 710 1
673 660 1
673 661 1
673 663 1
674 673 1
674 676 1
674 709 1
674 710 1
674 668 1
674 670 1
675 671 1
675 672 1
675 80 1
675 81 1
675 888 1
675 89 1
676 673 1
676 674 1
676 710 1
676 310 1
676 311 1
676 317 1
677 678 1
677 1000 1
677 682 1
677 217 1
677 218 1
677 221 1
678 677 1
678 1000 1
678 682 1
678 235 1
678 218 1
678 219 1
679 455 1
679 456 1
679 234 1
679 462 1
679 220 1
679 221 1
680 681 1
680 746 1
680 685 1
680 506 1
680 507 1
680 510 1
681 416 1
681 417 1
681 680 1
681 746 1
681 685 1
681 430 1
682 415 1
682 416 1
682 677 1
682 421 1
682 678 1
682 1000 1
683 511 1
683 684 1
683 748 1
683 685 1
683 509 1
683 510 1
684 683 1
684 748 1
684 685 1
684 430 1
684 431 1
684 437 1
685 680 1
685 681 1
685 746 1
685 683 1
685 748 1
685 684 1
686 687 1
686 690 1
686 691 1
686 693 1
687 844 1
687 686 1
687 688 1
687 691 1
687 692 1
688 843 1
688 844 1
688 687 1
688 689 1
688 692 1
688 698 1
689 287 1
689 266 1
689 267 1
689 843 1
689 688 1
689 698 1
690 265 1
690 266 1
690 686 1
690 270 1
690 693 1
691 846 1
691 687 1
691 686 1
691 692 1
691 694 1
692 844 1
692 846 1
692 687 1
692 688 1
692 691 1
692 694 1
693 686 1
693 242 1
693 243 1
693 690 1
693 249 1
694 846 1
694 848 1
694 691 1
694 692 1
694 695 1
694 696 1
695 257 1
695 248 1
695 848 1
695 694 1
695 696 1
695 249 1
696 848 1
696 851 1
696 694 1
696 695 1
696 697 1
696 698 1
697 287 1
697 288 1
697 290 1
697 851 1
697 696 1
697 698 1
698 843 1
698 688 1
698 689 1
698 851 1
698 696 1
698 697 1
699 703 1
699 705 1
699 713 1
699 757 1
699 700 1
699 1054 1
700 704 1
700 705 1
700 1036 1
700 699 1
700 701 1
700 1054 1
701 704 1
701 708 1
701 1036 1
701 821 1
701 700 1
701 702 1
702 708 1
702 294 1
702 295 1
702 821 1
702 701 1
702 318 1
703 293 1
703 294 1
703 713 1
703 757 1
703 310 1
703 699 1
704 707 1
704 709 1
704 1036 1
704 953 1
704 700 1
704 701 1
705 706 1
705 868 1
705 714 1
705 699 1
705 700 1
705 1054 1
706 705 1
706 867 1
706 707 1
706 868 1
706 711 1
706 714 1
707 704 1
707 706 1
707 867 1
707 709 1
707 711 1
707 953 1
708 821 1
708 666 1
708 667 1
708 668 1
708 701 1
708 702 1
709 704 1
709 674 1
709 707 1
709 953 1
709 668 1
709 670 1
710 673 1
710 674 1
710 676 1
710 712 1
710 713 1
710 759 1
711 706 1
711 867 1
711 707 1
711 712 1
711 714 1
711 875 1
712 710 1
712 711 1
712 713 1
712 714 1
712 875 1
712 759 1
713 703 1
713 710 1
713 712 1
713 757 1
713 759 1
713 699 1
714 705 1
714 706 1
714 868 1
714 711 1
714 712 1
714 875 1
715 31 1
715 32 1
715 37 1
715 716 1
715 717 1
716 319 1
716 322 1
716 324 1
716 715 1
716 717 1
717 1034 1
717 715 1
717 716 1
717 718 1
717 722 1
718 324 1
718 325 1
718 1034 1
718 333 1
718 717 1
718 722 1
719 36 1
719 37 1
719 38 1
719 720 1
719 723 1
719 1049 1
720 1058 1
720 719 1
720 721 1
720 723 1
720 724 1
720 1049 1
721 1058 1
721 1035 1
721 720 1
721 722 1
721 724 1
721 725 1
722 1034 1
722 1035 1
722 717 1
722 718 1
722 721 1
722 725 1
723 38 1
723 39 1
723 40 1
723 719 1
723 720 1
723 1049 1
724 1058 1
724 328 1
724 332 1
724 334 1
724 720 1
724 721 1
725 328 1
725 329 1
725 1035 1
725 333 1
725 721 1
725 722 1
726 736 1
726 740 1
726 885 1
726 886 1
726 727 1
726 731 1
727 737 1
727 740 1
727 885 1
727 726 1
727 728 1
727 860 1
728 737 1
728 741 1
728 727 1
728 729 1
728 859 1
728 860 1
729 741 1
729 742 1
729 968 1
729 728 1
729 730 1
729 859 1
730 742 1
730 968 1
730 1034 1
730 729 1
730 731 1
730 732 1
731 736 1
731 726 1
731 1034 1
731 886 1
731 730 1
731 732 1
732 742 1
732 969 1
732 1034 1
732 730 1
732 731 1
732 733 1
733 738 1
733 742 1
733 969 1
733 972 1
733 732 1
733 734 1
734 735 1
734 738 1
734 739 1
734 972 1
734 954 1
734 733 1
735 736 1
735 739 1
735 743 1
735 887 1
735 954 1
735 734 1
736 735 1
736 743 1
736 726 1
736 886 1
736 887 1
736 731 1
737 864 1
737 738 1
737 741 1
737 727 1
737 728 1
737 860 1
738 864 1
738 737 1
738 741 1
738 972 1
738 733 1
738 734 1
739 735 1
739 740 1
739 743 1
739 888 1
739 954 1
739 734 1
740 739 1
740 743 1
740 885 1
740 726 1
740 727 1
740 888 1
741 864 1
741 737 1
741 738 1
741 728 1
741 729 1
741 859 1
742 968 1
742 969 1
742 729 1
742 730 1
742 732 1
742 733 1
743 735 1
743 736 1
743 739 1
743 740 1
743 887 1
743 888 1
744 480 1
744 745 1
744 924 1
744 749 1
744 475 1
744 476 1
745 417 1
745 744 1
745 425 1
745 749 1
745 924 1
745 414 1
746 483 1
746 680 1
746 681 1
746 685 1
746 476 1
746 477 1
747 483 1
747 484 1
747 487 1
747 748 1
747 751 1
747 827 1
748 747 1
748 683 1
748 684 1
748 685 1
748 751 1
748 827 1
749 744 1
749 745 1
749 425 1
749 426 1
749 429 1
749 924 1
750 480 1
750 481 1
750 482 1
750 428 1
750 429 1
750 433 1
751 98 1
751 747 1
751 748 1
751 77 1
751 78 1
751 827 1
752 484 1
752 485 1
752 488 1
752 753 1
752 754 1
752 828 1
753 427 1
753 428 1
753 752 1
753 754 1
753 436 1
753 828 1
754 482 1
754 485 1
754 486 1
754 752 1
754 753 1
754 828 1
755 292 1
755 293 1
755 300 1
755 397 1
755 398 1
755 399 1
756 396 1
756 397 1
756 757 1
756 758 1
756 410 1
756 1053 1
757 703 1
757 713 1
757 756 1
757 758 1
757 699 1
757 1053 1
758 756 1
758 757 1
758 1053 1
758 601 1
758 602 1
758 605 1
759 607 1
759 710 1
759 712 1
759 713 1
759 602 1
759 603 1
760 770 1
760 935 1
760 143 1
760 144 1
760 146 1
760 764 1
761 139 1
761 142 1
761 143 1
761 793 1
761 762 1
761 765 1
762 761 1
762 12 1
762 13 1
762 19 1
762 793 1
762 765 1
763 776 1
763 11 1
763 12 1
763 945 1
763 18 1
763 764 1
764 770 1
764 935 1
764 776 1
764 945 1
764 760 1
764 763 1
765 761 1
765 141 1
765 142 1
765 147 1
765 793 1
765 762 1
766 769 1
766 785 1
766 19 1
766 20 1
766 26 1
766 797 1
767 65 1
767 66 1
767 68 1
767 135 1
767 138 1
767 147 1
768 769 1
768 801 1
768 68 1
768 786 1
768 56 1
768 57 1
769 768 1
769 801 1
769 785 1
769 786 1
769 797 1
769 766 1
770 771 1
770 934 1
770 935 1
770 776 1
770 760 1
770 764 1
771 770 1
771 772 1
771 934 1
771 776 1
771 777 1
771 938 1
772 771 1
772 773 1
772 777 1
772 778 1
772 939 1
772 938 1
773 772 1
773 932 1
773 774 1
773 775 1
773 778 1
773 939 1
774 932 1
774 773 1
774 135 1
774 136 1
774 775 1
774 146 1
775 66 1
775 932 1
775 773 1
775 774 1
775 60 1
775 61 1
776 770 1
776 771 1
776 934 1
776 945 1
776 763 1
776 764 1
777 771 1
777 772 1
777 938 1
777 17 1
777 18 1
777 24 1
778 772 1
778 773 1
778 999 1
778 779 1
778 939 1
778 780 1
779 999 1
779 778 1
779 780 1
779 17 1
779 21 1
779 28 1
780 965 1
780 999 1
780 778 1
780 779 1
780 782 1
780 783 1
781 782 1
781 786 1
781 52 1
781 917 1
781 57 1
781 61 1
782 965 1
782 780 1
782 781 1
782 783 1
782 786 1
782 917 1
783 931 1
783 965 1
783 780 1
783 782 1
783 784 1
783 785 1
784 931 1
784 783 1
784 785 1
784 20 1
784 21 1
784 29 1
785 769 1
785 931 1
785 783 1
785 784 1
785 797 1
785 766 1
786 768 1
786 769 1
786 801 1
786 781 1
786 782 1
786 917 1
787 1055 1
787 2 1
787 3 1
787 7 1
787 790 1
787 791 1
788 128 1
788 1 1
788 2 1
788 141 1
788 16 1
788 123 1
789 127 1
789 128 1
789 1052 1
789 149 1
789 790 1
789 796 1
790 1055 1
790 1052 1
790 787 1
790 789 1
790 791 1
790 796 1
791 1055 1
791 787 1
791 790 1
791 792 1
791 794 1
791 926 1
792 794 1
792 7 1
792 8 1
792 791 1
792 26 1
792 926 1
793 13 1
793 14 1
793 16 1
793 761 1
793 762 1
793 765 1
794 647 1
794 926 1
794 791 1
794 792 1
794 637 1
794 638 1
795 645 1
795 646 1
795 647 1
795 1043 1
795 796 1
795 798 1
796 1043 1
796 789 1
796 790 1
796 795 1
796 1052 1
796 798 1
797 639 1
797 769 1
797 644 1
797 785 1
797 766 1
797 638 1
798 800 1
798 803 1
798 913 1
798 1043 1
798 795 1
798 796 1
799 64 1
799 65 1
799 67 1
799 137 1
799 138 1
799 149 1
800 67 1
800 803 1
800 913 1
800 55 1
800 56 1
800 798 1
801 768 1
801 769 1
801 802 1
801 803 1
801 786 1
801 914 1
802 801 1
802 803 1
802 168 1
802 169 1
802 173 1
802 914 1
803 800 1
803 801 1
803 802 1
803 913 1
803 914 1
803 798 1
804 805 1
804 808 1
804 968 1
804 811 1
804 812 1
804 859 1
805 804 1
805 806 1
805 809 1
805 811 1
805 858 1
805 859 1
806 805 1
806 807 1
806 809 1
806 817 1
806 919 1
806 858 1
807 806 1
807 104 1
807 105 1
807 817 1
807 919 1
807 120 1
808 804 1
808 103 1
808 104 1
808 968 1
808 812 1
808 114 1
809 805 1
809 806 1
809 810 1
809 816 1
809 858 1
809 861 1
810 809 1
810 811 1
810 813 1
810 816 1
810 861 1
810 862 1
811 804 1
811 805 1
811 810 1
811 813 1
811 859 1
811 862 1
812 804 1
812 808 1
812 968 1
812 114 1
812 115 1
812 119 1
813 418 1
813 419 1
813 424 1
813 810 1
813 811 1
813 862 1
814 423 1
814 424 1
814 974 1
814 815 1
814 432 1
814 820 1
815 974 1
815 814 1
815 820 1
815 116 1
815 118 1
815 119 1
816 419 1
816 420 1
816 422 1
816 809 1
816 810 1
816 861 1
817 806 1
817 807 1
817 818 1
817 819 1
817 919 1
817 925 1
818 422 1
818 423 1
818 426 1
818 817 1
818 819 1
818 925 1
819 817 1
819 818 1
819 120 1
819 121 1
819 122 1
819 925 1
820 974 1
820 815 1
820 814 1
820 117 1
820 118 1
820 121 1
821 708 1
821 1037 1
821 822 1
821 824 1
821 701 1
821 702 1
822 488 1
822 1037 1
822 821 1
822 824 1
822 472 1
822 473 1
823 487 1
823 504 1
823 471 1
823 472 1
823 505 1
823 508 1
824 985 1
824 1037 1
824 821 1
824 822 1
824 825 1
824 828 1
825 979 1
825 824 1
825 985 1
825 826 1
825 828 1
825 829 1
826 96 1
826 97 1
826 101 1
826 979 1
826 825 1
826 829 1
827 512 1
827 747 1
827 748 1
827 751 1
827 508 1
827 509 1
828 985 1
828 752 1
828 753 1
828 754 1
828 824 1
828 825 1
829 434 1
829 435 1
829 436 1
829 979 1
829 825 1
829 826 1
830 831 1
830 836 1
830 1065 1
830 369 1
830 370 1
830 377 1
831 836 1
831 1065 1
831 239 1
831 215 1
831 216 1
831 830 1
832 553 1
832 554 1
832 563 1
832 214 1
832 215 1
832 222 1
833 834 1
833 839 1
833 553 1
833 555 1
833 880 1
833 562 1
834 833 1
834 993 1
834 835 1
834 839 1
834 840 1
834 880 1
835 993 1
835 834 1
835 391 1
835 840 1
835 370 1
835 371 1
836 831 1
836 837 1
836 838 1
836 1065 1
836 1021 1
836 830 1
837 836 1
837 838 1
837 393 1
837 376 1
837 377 1
837 1021 1
838 836 1
838 837 1
838 564 1
838 565 1
838 568 1
838 1021 1
839 833 1
839 834 1
839 880 1
839 561 1
839 562 1
839 573 1
840 993 1
840 834 1
840 835 1
840 529 1
840 530 1
840 538 1
841 575 1
841 384 1
841 391 1
841 566 1
841 567 1
841 378 1
842 1060 1
842 843 1
842 844 1
842 845 1
842 849 1
842 889 1
843 842 1
843 688 1
843 689 1
843 849 1
843 889 1
843 698 1
844 1060 1
844 842 1
844 845 1
844 687 1
844 688 1
844 692 1
845 1060 1
845 359 1
845 842 1
845 844 1
845 340 1
845 341 1
846 694 1
846 691 1
846 692 1
846 438 1
846 440 1
846 441 1
847 453 1
847 365 1
847 341 1
847 342 1
847 439 1
847 440 1
848 694 1
848 695 1
848 696 1
848 441 1
848 442 1
848 445 1
849 842 1
849 843 1
849 850 1
849 852 1
849 889 1
849 894 1
850 354 1
850 355 1
850 359 1
850 849 1
850 852 1
850 894 1
851 896 1
851 853 1
851 854 1
851 696 1
851 697 1
851 698 1
852 895 1
852 849 1
852 850 1
852 853 1
852 855 1
852 894 1
853 895 1
853 896 1
853 851 1
853 852 1
853 854 1
853 855 1
854 447 1
854 896 1
854 851 1
854 853 1
854 445 1
854 446 1
855 447 1
855 895 1
855 450 1
855 452 1
855 852 1
855 853 1
856 451 1
856 452 1
856 355 1
856 356 1
856 453 1
856 365 1
857 863 1
857 1001 1
857 920 1
857 858 1
857 860 1
857 861 1
858 805 1
858 806 1
858 809 1
858 920 1
858 857 1
858 861 1
859 804 1
859 741 1
859 805 1
859 811 1
859 728 1
859 729 1
860 863 1
860 737 1
860 1001 1
860 727 1
860 728 1
860 857 1
861 809 1
861 810 1
861 816 1
861 920 1
861 857 1
861 858 1
862 863 1
862 864 1
862 810 1
862 811 1
862 813 1
862 977 1
863 864 1
863 1001 1
863 977 1
863 857 1
863 860 1
863 862 1
864 863 1
864 737 1
864 738 1
864 741 1
864 977 1
864 862 1
865 515 1
865 868 1
865 516 1
865 870 1
865 523 1
865 1008 1
866 514 1
866 515 1
866 867 1
866 872 1
866 525 1
866 881 1
867 706 1
867 707 1
867 866 1
867 711 1
867 872 1
867 881 1
868 705 1
868 706 1
868 865 1
868 870 1
868 714 1
868 1008 1
869 870 1
869 520 1
869 521 1
869 873 1
869 523 1
869 947 1
870 865 1
870 868 1
870 869 1
870 873 1
870 1008 1
870 947 1
871 615 1
871 524 1
871 525 1
871 528 1
871 599 1
871 600 1
872 866 1
872 867 1
872 614 1
872 615 1
872 617 1
872 881 1
873 869 1
873 870 1
873 874 1
873 876 1
873 941 1
873 947 1
874 519 1
874 520 1
874 873 1
874 876 1
874 524 1
874 941 1
875 607 1
875 608 1
875 614 1
875 711 1
875 712 1
875 714 1
876 608 1
876 873 1
876 874 1
876 941 1
876 598 1
876 599 1
877 554 1
877 555 1
877 878 1
877 883 1
877 884 1
877 572 1
878 877 1
878 879 1
878 881 1
878 883 1
878 884 1
878 952 1
879 878 1
879 880 1
879 881 1
879 1073 1
879 882 1
879 952 1
880 833 1
880 834 1
880 839 1
880 879 1
880 1073 1
880 882 1
881 866 1
881 867 1
881 872 1
881 878 1
881 879 1
881 952 1
882 513 1
882 514 1
882 879 1
882 880 1
882 1073 1
882 534 1
883 877 1
883 878 1
883 658 1
883 659 1
883 884 1
883 662 1
884 877 1
884 878 1
884 883 1
884 886 1
884 887 1
884 952 1
885 226 1
885 740 1
885 726 1
885 213 1
885 214 1
885 727 1
886 736 1
886 884 1
886 726 1
886 887 1
886 952 1
886 731 1
887 735 1
887 736 1
887 743 1
887 884 1
887 886 1
887 952 1
888 671 1
888 672 1
888 675 1
888 739 1
888 740 1
888 743 1
889 1062 1
889 842 1
889 843 1
889 849 1
889 890 1
889 891 1
890 1062 1
890 264 1
890 267 1
890 273 1
890 889 1
890 891 1
891 1062 1
891 1064 1
891 889 1
891 890 1
891 892 1
891 893 1
892 1064 1
892 273 1
892 274 1
892 891 1
892 893 1
892 286 1
893 351 1
893 358 1
893 1064 1
893 891 1
893 892 1
893 350 1
894 353 1
894 354 1
894 358 1
894 849 1
894 850 1
894 852 1
895 852 1
895 853 1
895 278 1
895 855 1
895 280 1
895 285 1
896 288 1
896 851 1
896 853 1
896 854 1
896 284 1
896 285 1
897 319 1
897 320 1
897 898 1
897 323 1
897 900 1
898 576 1
898 577 1
898 897 1
898 900 1
898 583 1
899 900 1
899 901 1
899 105 1
899 106 1
899 109 1
899 989 1
900 897 1
900 898 1
900 899 1
900 901 1
900 989 1
901 899 1
901 900 1
901 902 1
901 904 1
901 989 1
901 990 1
902 901 1
902 583 1
902 584 1
902 904 1
902 587 1
902 990 1
903 586 1
903 107 1
903 587 1
903 588 1
903 110 1
903 117 1
904 901 1
904 902 1
904 109 1
904 110 1
904 122 1
904 990 1
905 490 1
905 491 1
905 48 1
905 49 1
905 497 1
905 54 1
906 489 1
906 490 1
906 49 1
906 50 1
906 498 1
906 55 1
907 908 1
907 494 1
907 495 1
907 912 1
907 497 1
907 1042 1
908 907 1
908 909 1
908 910 1
908 912 1
908 1042 1
908 1020 1
909 908 1
909 910 1
909 53 1
909 54 1
909 1020 1
909 62 1
910 964 1
910 908 1
910 909 1
910 911 1
910 915 1
910 1020 1
911 963 1
911 964 1
911 910 1
911 912 1
911 914 1
911 915 1
912 963 1
912 907 1
912 908 1
912 911 1
912 914 1
912 1042 1
913 800 1
913 803 1
913 493 1
913 494 1
913 498 1
913 798 1
914 801 1
914 802 1
914 803 1
914 963 1
914 911 1
914 912 1
915 964 1
915 967 1
915 910 1
915 911 1
915 916 1
915 917 1
916 967 1
916 915 1
916 52 1
916 53 1
916 917 1
916 58 1
917 967 1
917 781 1
917 782 1
917 786 1
917 915 1
917 916 1
918 503 1
918 470 1
918 471 1
918 505 1
918 506 1
918 477 1
919 806 1
919 807 1
919 817 1
919 921 1
919 922 1
919 989 1
920 1000 1
920 857 1
920 858 1
920 923 1
920 861 1
920 921 1
921 1000 1
921 919 1
921 920 1
921 922 1
921 923 1
921 989 1
922 989 1
922 919 1
922 921 1
922 924 1
922 925 1
922 990 1
923 415 1
923 420 1
923 1000 1
923 920 1
923 921 1
923 414 1
924 744 1
924 745 1
924 749 1
924 922 1
924 925 1
924 990 1
925 817 1
925 818 1
925 819 1
925 922 1
925 924 1
925 990 1
926 794 1
926 791 1
926 792 1
926 634 1
926 635 1
926 637 1
927 928 1
927 930 1
927 962 1
927 633 1
927 634 1
927 636 1
928 927 1
928 929 1
928 930 1
928 931 1
928 962 1
928 961 1
929 928 1
929 961 1
929 931 1
929 8 1
929 9 1
929 29 1
930 927 1
930 928 1
930 962 1
930 163 1
930 164 1
930 166 1
931 928 1
931 929 1
931 961 1
931 783 1
931 784 1
931 785 1
932 387 1
932 773 1
932 774 1
932 775 1
932 381 1
932 382 1
933 386 1
933 387 1
933 388 1
933 406 1
933 407 1
933 409 1
934 770 1
934 771 1
934 936 1
934 776 1
934 937 1
934 942 1
935 770 1
935 144 1
935 145 1
935 148 1
935 760 1
935 764 1
936 611 1
936 934 1
936 937 1
936 942 1
936 595 1
936 596 1
937 518 1
937 519 1
937 936 1
937 934 1
937 526 1
937 942 1
938 771 1
938 772 1
938 518 1
938 777 1
938 522 1
938 533 1
939 772 1
939 773 1
939 778 1
939 532 1
939 533 1
939 540 1
940 1025 1
940 941 1
940 942 1
940 943 1
940 949 1
940 1050 1
941 873 1
941 874 1
941 876 1
941 940 1
941 949 1
941 1050 1
942 1025 1
942 934 1
942 936 1
942 937 1
942 940 1
942 943 1
943 1025 1
943 940 1
943 942 1
943 944 1
943 946 1
943 1010 1
944 943 1
944 945 1
944 946 1
944 1010 1
944 948 1
944 1012 1
945 776 1
945 944 1
945 948 1
945 1012 1
945 763 1
945 764 1
946 943 1
946 944 1
946 1009 1
946 1010 1
946 947 1
946 949 1
947 869 1
947 870 1
947 873 1
947 1009 1
947 946 1
947 949 1
948 10 1
948 11 1
948 944 1
948 945 1
948 1012 1
948 22 1
949 940 1
949 941 1
949 1009 1
949 946 1
949 947 1
949 1050 1
950 640 1
950 449 1
950 450 1
950 451 1
950 641 1
950 643 1
951 642 1
951 643 1
951 356 1
951 357 1
951 646 1
951 361 1
952 878 1
952 879 1
952 881 1
952 884 1
952 886 1
952 887 1
953 704 1
953 707 1
953 709 1
953 1038 1
953 954 1
953 955 1
954 735 1
954 739 1
954 1038 1
954 953 1
954 955 1
954 734 1
955 671 1
955 1038 1
955 953 1
955 954 1
955 669 1
955 670 1
956 960 1
956 961 1
956 962 1
956 1002 1
956 1069 1
956 957 1
957 962 1
957 164 1
957 1002 1
957 150 1
957 151 1
957 956 1
958 959 1
958 964 1
958 167 1
958 150 1
958 1017 1
958 154 1
959 960 1
959 964 1
959 966 1
959 1016 1
959 1017 1
959 958 1
960 959 1
960 961 1
960 966 1
960 1069 1
960 1016 1
960 956 1
961 928 1
961 929 1
961 960 1
961 931 1
961 1069 1
961 956 1
962 927 1
962 928 1
962 930 1
962 1002 1
962 956 1
962 957 1
963 167 1
963 168 1
963 172 1
963 911 1
963 912 1
963 914 1
964 959 1
964 910 1
964 911 1
964 915 1
964 1017 1
964 958 1
965 966 1
965 967 1
965 780 1
965 782 1
965 783 1
965 1019 1
966 959 1
966 960 1
966 965 1
966 967 1
966 1016 1
966 1019 1
967 965 1
967 966 1
967 915 1
967 916 1
967 917 1
967 1019 1
968 804 1
968 742 1
968 808 1
968 812 1
968 729 1
968 730 1
969 742 1
969 970 1
969 1035 1
969 973 1
969 732 1
969 733 1
970 969 1
970 1035 1
970 971 1
970 973 1
970 1039 1
970 976 1
971 970 1
971 972 1
971 1038 1
971 1039 1
971 976 1
971 980 1
972 738 1
972 971 1
972 1038 1
972 980 1
972 733 1
972 734 1
973 969 1
973 970 1
973 1035 1
973 113 1
973 115 1
973 116 1
974 814 1
974 815 1
974 975 1
974 978 1
974 820 1
974 986 1
975 974 1
975 976 1
975 978 1
975 979 1
975 986 1
975 988 1
976 970 1
976 971 1
976 975 1
976 1039 1
976 979 1
976 988 1
977 863 1
977 864 1
977 83 1
977 84 1
977 88 1
977 862 1
978 974 1
978 975 1
978 432 1
978 433 1
978 435 1
978 986 1
979 975 1
979 976 1
979 825 1
979 826 1
979 988 1
979 829 1
980 101 1
980 971 1
980 972 1
980 1038 1
980 82 1
980 83 1
981 1057 1
981 581 1
981 582 1
981 590 1
981 982 1
981 983 1
982 1057 1
982 486 1
982 468 1
982 981 1
982 983 1
982 473 1
983 1057 1
983 630 1
983 982 1
983 626 1
983 981 1
983 629 1
984 1041 1
984 630 1
984 631 1
984 632 1
984 985 1
984 988 1
985 988 1
985 1041 1
985 824 1
985 825 1
985 984 1
985 828 1
986 585 1
986 586 1
986 589 1
986 974 1
986 975 1
986 978 1
987 331 1
987 332 1
987 337 1
987 628 1
987 629 1
987 632 1
988 975 1
988 976 1
988 1041 1
988 979 1
988 984 1
988 985 1
989 899 1
989 900 1
989 901 1
989 919 1
989 921 1
989 922 1
990 901 1
990 902 1
990 904 1
990 922 1
990 924 1
990 925 1
991 992 1
991 993 1
991 1027 1
991 997 1
991 1029 1
991 998 1
992 991 1
992 1029 1
992 390 1
992 998 1
992 371 1
992 372 1
993 991 1
993 834 1
993 835 1
993 1027 1
993 997 1
993 840 1
994 995 1
994 996 1
994 997 1
994 1030 1
994 1031 1
994 998 1
995 513 1
995 994 1
995 997 1
995 517 1
995 1030 1
995 529 1
996 994 1
996 4 1
996 998 1
996 1031 1
996 9 1
996 28 1
997 991 1
997 993 1
997 994 1
997 995 1
997 1027 1
997 1030 1
998 991 1
998 992 1
998 994 1
998 996 1
998 1029 1
998 1031 1
999 390 1
999 778 1
999 779 1
999 780 1
999 378 1
999 379 1
1000 677 1
1000 678 1
1000 682 1
1000 920 1
1000 921 1
1000 923 1
1001 863 1
1001 69 1
1001 71 1
1001 84 1
1001 857 1
1001 860 1
1002 962 1
1002 241 1
1002 242 1
1002 245 1
1002 956 1
1002 957 1
1003 0 1
1003 3 1
1003 6 1
1003 1004 1
1003 1008 1
1003 1054 1
1004 1003 1
1004 1005 1
1004 1008 1
1004 1009 1
1004 1053 1
1004 1054 1
1005 1023 1
1005 1004 1
1005 1006 1
1005 1009 1
1005 1010 1
1005 1053 1
1006 1023 1
1006 1024 1
1006 1005 1
1006 1007 1
1006 1010 1
1006 1011 1
1007 0 1
1007 1 1
1007 1024 1
1007 1006 1
1007 15 1
1007 1011 1
1008 865 1
1008 868 1
1008 870 1
1008 1003 1
1008 1004 1
1008 1054 1
1009 1004 1
1009 1005 1
1009 946 1
1009 947 1
1009 949 1
1009 1053 1
1010 1023 1
1010 1005 1
1010 1006 1
1010 943 1
1010 944 1
1010 946 1
1011 1024 1
1011 1026 1
1011 1006 1
1011 1007 1
1011 1012 1
1011 1013 1
1012 1026 1
1012 944 1
1012 945 1
1012 1011 1
1012 948 1
1012 1013 1
1013 1026 1
1013 10 1
1013 14 1
1013 15 1
1013 1011 1
1013 1012 1
1014 1067 1
1014 1068 1
1014 1015 1
1014 1017 1
1014 1018 1
1014 1020 1
1015 1068 1
1015 368 1
1015 369 1
1015 373 1
1015 1014 1
1015 1018 1
1016 959 1
1016 960 1
1016 385 1
1016 966 1
1016 368 1
1016 372 1
1017 959 1
1017 964 1
1017 1067 1
1017 1014 1
1017 1020 1
1017 958 1
1018 1068 1
1018 47 1
1018 48 1
1018 1014 1
1018 1015 1
1018 62 1
1019 385 1
1019 965 1
1019 966 1
1019 967 1
1019 379 1
1019 380 1
1020 1067 1
1020 908 1
1020 909 1
1020 910 1
1020 1014 1
1020 1017 1
1021 836 1
1021 613 1
1021 837 1
1021 838 1
1021 592 1
1021 593 1
1022 386 1
1022 401 1
1022 402 1
1022 406 1
1022 375 1
1022 376 1
1023 395 1
1023 396 1
1023 1005 1
1023 1006 1
1023 1010 1
1023 405 1
1024 140 1
1024 1006 1
1024 1007 1
1024 1011 1
1024 123 1
1024 124 1
1025 940 1
1025 942 1
1025 943 1
1025 596 1
1025 597 1
1025 606 1
1026 139 1
1026 140 1
1026 145 1
1026 1011 1
1026 1012 1
1026 1013 1
1027 991 1
1027 993 1
1027 1028 1
1027 997 1
1027 1030 1
1027 1073 1
1028 1027 1
1028 1029 1
1028 1030 1
1028 1031 1
1028 1069 1
1028 1073 1
1029 991 1
1029 992 1
1029 1028 1
1029 998 1
1029 1031 1
1029 1069 1
1030 994 1
1030 995 1
1030 1027 1
1030 997 1
1030 1028 1
1030 1073 1
1031 994 1
1031 1028 1
1031 996 1
1031 998 1
1031 1029 1
1031 1069 1
1032 45 1
1032 51 1
1032 374 1
1032 375 1
1032 60 1
1032 381 1
1033 64 1
1033 130 1
1033 131 1
1033 137 1
1033 50 1
1033 51 1
1034 717 1
1034 718 1
1034 722 1
1034 730 1
1034 731 1
1034 732 1
1035 969 1
1035 970 1
1035 973 1
1035 721 1
1035 722 1
1035 725 1
1036 704 1
1036 1066 1
1036 1037 1
1036 1040 1
1036 700 1
1036 701 1
1037 1066 1
1037 1036 1
1037 1040 1
1037 821 1
1037 822 1
1037 824 1
1038 971 1
1038 972 1
1038 980 1
1038 953 1
1038 954 1
1038 955 1
1039 1059 1
1039 970 1
1039 971 1
1039 976 1
1039 1041 1
1039 1040 1
1040 1059 1
1040 1066 1
1040 1036 1
1040 1037 1
1040 1039 1
1040 1041 1
1041 1059 1
1041 1039 1
1041 1040 1
1041 984 1
1041 985 1
1041 988 1
1042 550 1
1042 551 1
1042 552 1
1042 907 1
1042 908 1
1042 912 1
1043 361 1
1043 362 1
1043 367 1
1043 795 1
1043 796 1
1043 798 1
1044 31 1
1044 36 1
1044 1046 1
1044 1048 1
1044 30 1
1045 1056 1
1045 35 1
1045 39 1
1045 1046 1
1045 1047 1
1045 30 1
1046 1056 1
1046 1044 1
1046 1045 1
1046 1047 1
1046 1048 1
1047 1056 1
1047 620 1
1047 621 1
1047 627 1
1047 1045 1
1047 1046 1
1048 619 1
1048 620 1
1048 622 1
1048 1044 1
1048 1046 1
1049 622 1
1049 719 1
1049 720 1
1049 625 1
1049 627 1
1049 723 1
1050 598 1
1050 940 1
1050 941 1
1050 949 1
1050 597 1
1050 605 1
1051 127 1
1051 131 1
1051 343 1
1051 344 1
1051 347 1
1051 126 1
1052 790 1
1052 367 1
1052 789 1
1052 342 1
1052 343 1
1052 796 1
1053 1004 1
1053 1005 1
1053 1009 1
1053 756 1
1053 757 1
1053 758 1
1054 705 1
1054 1003 1
1054 1004 1
1054 1008 1
1054 699 1
1054 700 1
1055 790 1
1055 791 1
1055 787 1
1055 438 1
1055 439 1
1055 444 1
1056 578 1
1056 579 1
1056 582 1
1056 1045 1
1056 1046 1
1056 1047 1
1057 618 1
1057 621 1
1057 626 1
1057 981 1
1057 982 1
1057 983 1
1058 624 1
1058 625 1
1058 720 1
1058 721 1
1058 628 1
1058 724 1
1059 623 1
1059 624 1
1059 1040 1
1059 1039 1
1059 1041 1
1059 631 1
1060 1061 1
1060 1063 1
1060 842 1
1060 844 1
1060 845 1
1060 1071 1
1061 1060 1
1061 1062 1
1061 1063 1
1061 1064 1
1061 1070 1
1061 1071 1
1062 1061 1
1062 1064 1
1062 1070 1
1062 889 1
1062 890 1
1062 891 1
1063 1060 1
1063 1061 1
1063 1071 1
1063 339 1
1063 340 1
1063 350 1
1064 1061 1
1064 1062 1
1064 1070 1
1064 891 1
1064 892 1
1064 893 1
1065 831 1
1065 836 1
1065 216 1
1065 217 1
1065 220 1
1065 830 1
1066 618 1
1066 619 1
1066 1036 1
1066 1037 1
1066 623 1
1066 1040 1
1067 546 1
1067 547 1
1067 552 1
1067 1014 1
1067 1017 1
1067 1020 1
1068 545 1
1068 546 1
1068 548 1
1068 1014 1
1068 1015 1
1068 1018 1
1069 960 1
1069 961 1
1069 1028 1
1069 1029 1
1069 1031 1
1069 956 1
1070 1061 1
1070 1062 1
1070 1064 1
1070 1071 1
1070 1072 1
1071 1060 1
1071 1061 1
1071 1063 1
1071 1070 1
1071 1072 1
1072 1070 1
1072 1071 1
1072 500 1
1072 501 1
1072 502 1
1073 1027 1
1073 1028 1
1073 1030 1
1073 879 1
1073 880 1
1073 882 1
