0 1 1
0 546 1
0 3 1
0 5 1
0 7 1
0 625 1
0 381 1
1 0 1
1 227 1
1 547 1
1 5 1
1 382 1
1 7 1
1 8 1
1 9 1
1 10 1
1 11 1
1 630 1
1 534 1
1 478 1
2 384 1
2 3 1
2 4 1
2 5 1
2 6 1
2 551 1
2 7 1
2 496 1
2 368 1
2 626 1
3 383 1
3 0 1
3 2 1
3 5 1
3 7 1
3 552 1
3 625 1
3 626 1
4 2 1
4 6 1
4 7 1
4 8 1
4 10 1
4 11 1
4 368 1
4 370 1
4 374 1
4 375 1
4 377 1
4 379 1
5 0 1
5 1 1
5 2 1
5 547 1
5 546 1
5 3 1
5 6 1
5 551 1
5 552 1
5 232 1
5 9 1
5 493 1
6 2 1
6 4 1
6 5 1
6 228 1
6 8 1
6 9 1
6 493 1
6 496 1
6 497 1
6 374 1
7 383 1
7 0 1
7 1 1
7 2 1
7 384 1
7 3 1
7 4 1
7 386 1
7 11 1
7 370 1
7 381 1
7 382 1
8 1 1
8 4 1
8 6 1
8 231 1
8 9 1
8 10 1
8 497 1
8 534 1
8 375 1
8 537 1
9 1 1
9 227 1
9 228 1
9 5 1
9 6 1
9 231 1
9 232 1
9 8 1
10 1 1
10 482 1
10 4 1
10 8 1
10 11 1
10 377 1
10 630 1
10 537 1
11 1 1
11 386 1
11 482 1
11 4 1
11 7 1
11 10 1
11 379 1
11 478 1
12 258 1
12 134 1
12 586 1
12 13 1
12 14 1
12 15 1
12 16 1
12 17 1
12 18 1
12 340 1
12 603 1
13 12 1
13 588 1
13 14 1
13 15 1
13 342 1
14 586 1
14 588 1
14 12 1
14 13 1
14 15 1
14 16 1
14 589 1
14 344 1
15 139 1
15 12 1
15 13 1
15 14 1
15 16 1
15 17 1
15 340 1
15 342 1
15 343 1
15 344 1
16 265 1
16 12 1
16 141 1
16 589 1
16 15 1
16 14 1
16 17 1
16 18 1
16 343 1
16 603 1
17 134 1
17 139 1
17 12 1
17 141 1
17 140 1
17 15 1
17 16 1
17 18 1
18 258 1
18 265 1
18 12 1
18 140 1
18 16 1
18 17 1
19 25 1
19 554 1
19 620 1
19 462 1
19 593 1
19 20 1
19 21 1
19 22 1
19 23 1
19 24 1
19 601 1
19 26 1
19 571 1
19 157 1
20 391 1
20 462 1
20 463 1
20 380 1
20 466 1
20 467 1
20 19 1
20 21 1
20 22 1
20 23 1
20 468 1
20 26 1
20 27 1
20 28 1
21 376 1
21 555 1
21 19 1
21 467 1
21 20 1
21 22 1
21 601 1
21 24 1
21 25 1
21 27 1
21 572 1
21 158 1
22 159 1
22 554 1
22 555 1
22 558 1
22 466 1
22 19 1
22 20 1
22 21 1
22 23 1
22 24 1
23 620 1
23 558 1
23 463 1
23 19 1
23 20 1
23 22 1
24 159 1
24 19 1
24 21 1
24 22 1
24 157 1
24 158 1
25 572 1
25 389 1
25 27 1
25 19 1
25 372 1
25 21 1
25 26 1
25 571 1
25 28 1
25 573 1
26 387 1
26 593 1
26 19 1
26 20 1
26 468 1
26 25 1
26 28 1
26 573 1
27 28 1
27 370 1
27 372 1
27 20 1
27 21 1
27 376 1
27 25 1
27 380 1
28 387 1
28 389 1
28 391 1
28 370 1
28 20 1
28 25 1
28 26 1
28 27 1
29 31 1
29 32 1
29 36 1
29 627 1
29 87 1
29 539 1
30 447 1
30 320 1
30 33 1
30 34 1
30 35 1
30 36 1
30 37 1
30 38 1
30 41 1
30 361 1
30 403 1
30 310 1
30 185 1
30 91 1
31 448 1
31 97 1
31 33 1
31 579 1
31 36 1
31 32 1
31 38 1
31 39 1
31 40 1
31 541 1
31 522 1
31 627 1
31 316 1
31 29 1
32 31 1
32 98 1
32 323 1
32 36 1
32 37 1
32 34 1
32 519 1
32 40 1
32 177 1
32 29 1
32 539 1
32 541 1
33 31 1
33 35 1
33 38 1
33 39 1
33 310 1
33 311 1
33 312 1
33 314 1
33 316 1
33 30 1
34 32 1
34 35 1
34 37 1
34 40 1
34 41 1
34 177 1
34 180 1
34 182 1
34 183 1
34 185 1
34 186 1
34 30 1
35 33 1
35 34 1
35 311 1
35 358 1
35 39 1
35 40 1
35 41 1
35 402 1
35 403 1
35 407 1
35 183 1
35 30 1
36 31 1
36 32 1
36 97 1
36 98 1
36 37 1
36 38 1
36 87 1
36 89 1
36 91 1
36 92 1
36 29 1
36 30 1
37 320 1
37 32 1
37 34 1
37 323 1
37 36 1
37 186 1
37 92 1
37 30 1
38 447 1
38 448 1
38 31 1
38 33 1
38 36 1
38 89 1
38 314 1
38 30 1
39 31 1
39 33 1
39 579 1
39 35 1
39 40 1
39 523 1
39 402 1
39 312 1
40 31 1
40 32 1
40 34 1
40 35 1
40 519 1
40 39 1
40 522 1
40 523 1
40 182 1
40 407 1
41 34 1
41 35 1
41 358 1
41 361 1
41 180 1
41 30 1
42 135 1
42 392 1
42 457 1
42 43 1
42 44 1
42 45 1
42 48 1
42 530 1
42 50 1
42 574 1
43 136 1
43 457 1
43 42 1
43 459 1
43 44 1
43 461 1
43 46 1
43 460 1
43 49 1
43 50 1
44 135 1
44 136 1
44 137 1
44 42 1
44 43 1
44 138 1
44 45 1
44 46 1
45 576 1
45 518 1
45 42 1
45 138 1
45 44 1
45 46 1
45 398 1
45 48 1
45 47 1
45 574 1
46 543 1
46 576 1
46 517 1
46 137 1
46 459 1
46 44 1
46 43 1
46 45 1
46 47 1
46 399 1
46 49 1
46 48 1
47 517 1
47 518 1
47 394 1
47 45 1
47 46 1
47 48 1
48 392 1
48 42 1
48 394 1
48 45 1
48 398 1
48 399 1
48 46 1
48 47 1
48 50 1
48 397 1
48 49 1
48 400 1
49 543 1
49 43 1
49 460 1
49 46 1
49 48 1
49 400 1
49 50 1
49 532 1
50 42 1
50 43 1
50 397 1
50 461 1
50 48 1
50 49 1
50 530 1
50 532 1
51 381 1
51 167 1
51 592 1
51 625 1
51 562 1
51 52 1
51 53 1
51 55 1
51 59 1
51 60 1
51 61 1
52 168 1
52 593 1
52 51 1
52 53 1
52 54 1
52 571 1
52 61 1
53 167 1
53 168 1
53 169 1
53 170 1
53 171 1
53 51 1
53 52 1
53 54 1
53 58 1
53 59 1
54 483 1
54 389 1
54 573 1
54 170 1
54 372 1
54 52 1
54 53 1
54 57 1
54 58 1
54 571 1
54 60 1
54 61 1
55 383 1
55 625 1
55 626 1
55 51 1
55 369 1
55 566 1
55 56 1
55 57 1
55 59 1
55 60 1
56 488 1
56 368 1
56 626 1
56 565 1
56 55 1
56 57 1
56 58 1
56 59 1
57 368 1
57 369 1
57 370 1
57 371 1
57 372 1
57 54 1
57 55 1
57 56 1
57 58 1
57 60 1
58 483 1
58 484 1
58 488 1
58 171 1
58 371 1
58 53 1
58 54 1
58 56 1
58 57 1
58 59 1
59 484 1
59 169 1
59 562 1
59 51 1
59 53 1
59 566 1
59 55 1
59 56 1
59 565 1
59 58 1
60 383 1
60 387 1
60 389 1
60 370 1
60 51 1
60 54 1
60 55 1
60 61 1
60 57 1
60 381 1
61 387 1
61 592 1
61 593 1
61 51 1
61 52 1
61 54 1
61 60 1
61 573 1
62 64 1
62 65 1
62 544 1
62 99 1
62 68 1
62 69 1
62 72 1
62 240 1
62 624 1
62 507 1
63 64 1
63 289 1
63 290 1
63 291 1
63 68 1
63 288 1
63 70 1
63 71 1
63 67 1
63 105 1
63 65 1
63 292 1
63 73 1
63 295 1
63 293 1
63 66 1
64 63 1
64 544 1
64 480 1
64 290 1
64 67 1
64 511 1
64 65 1
64 68 1
64 102 1
64 62 1
65 63 1
65 511 1
65 64 1
65 479 1
65 67 1
65 292 1
65 69 1
65 512 1
65 66 1
65 388 1
65 73 1
65 507 1
65 509 1
65 62 1
66 63 1
66 512 1
66 65 1
66 293 1
66 69 1
66 71 1
66 72 1
66 583 1
66 73 1
66 390 1
66 499 1
66 243 1
67 63 1
67 288 1
67 480 1
67 64 1
67 479 1
67 65 1
68 63 1
68 64 1
68 99 1
68 101 1
68 102 1
68 70 1
68 71 1
68 105 1
68 106 1
68 72 1
68 108 1
68 62 1
69 65 1
69 66 1
69 583 1
69 72 1
69 624 1
69 245 1
69 509 1
69 62 1
70 63 1
70 289 1
70 68 1
70 101 1
70 71 1
70 498 1
71 63 1
71 66 1
71 291 1
71 68 1
71 70 1
71 72 1
71 106 1
71 498 1
71 499 1
71 242 1
72 66 1
72 68 1
72 69 1
72 71 1
72 108 1
72 240 1
72 242 1
72 243 1
72 245 1
72 62 1
73 63 1
73 65 1
73 66 1
73 388 1
73 390 1
73 295 1
74 296 1
74 298 1
74 75 1
74 299 1
74 76 1
74 78 1
74 271 1
74 81 1
74 84 1
74 247 1
75 198 1
75 296 1
75 74 1
75 76 1
75 77 1
75 78 1
75 79 1
75 560 1
75 273 1
75 249 1
76 201 1
76 74 1
76 75 1
76 77 1
76 79 1
76 80 1
76 84 1
76 247 1
76 249 1
76 250 1
76 251 1
76 252 1
77 196 1
77 198 1
77 199 1
77 201 1
77 202 1
77 75 1
77 76 1
77 78 1
77 79 1
77 80 1
77 83 1
77 124 1
78 131 1
78 74 1
78 267 1
78 75 1
78 77 1
78 202 1
78 271 1
78 268 1
78 273 1
78 81 1
78 83 1
78 82 1
78 80 1
78 277 1
78 279 1
78 86 1
78 84 1
78 278 1
79 196 1
79 75 1
79 76 1
79 77 1
79 560 1
79 252 1
80 130 1
80 199 1
80 76 1
80 77 1
80 78 1
80 305 1
80 82 1
80 83 1
80 307 1
80 277 1
80 309 1
80 85 1
80 84 1
80 306 1
80 250 1
80 86 1
81 74 1
81 298 1
81 267 1
81 78 1
81 84 1
81 442 1
82 127 1
82 268 1
82 78 1
82 80 1
82 83 1
82 309 1
82 85 1
82 317 1
83 127 1
83 129 1
83 130 1
83 131 1
83 77 1
83 78 1
83 80 1
83 82 1
83 85 1
83 124 1
84 74 1
84 299 1
84 76 1
84 78 1
84 80 1
84 81 1
84 307 1
84 86 1
84 278 1
84 440 1
84 442 1
84 251 1
85 129 1
85 80 1
85 305 1
85 82 1
85 83 1
85 317 1
86 78 1
86 80 1
86 306 1
86 84 1
86 279 1
86 440 1
87 95 1
87 96 1
87 97 1
87 88 1
87 98 1
87 36 1
87 318 1
87 614 1
87 627 1
87 408 1
87 89 1
87 539 1
87 92 1
87 29 1
87 444 1
88 319 1
88 96 1
88 615 1
88 87 1
88 92 1
89 95 1
89 447 1
89 448 1
89 97 1
89 36 1
89 38 1
89 303 1
89 87 1
89 93 1
89 90 1
89 91 1
89 412 1
89 253 1
89 444 1
90 96 1
90 199 1
90 302 1
90 303 1
90 304 1
90 308 1
90 89 1
90 250 1
90 91 1
90 92 1
90 93 1
90 94 1
91 447 1
91 320 1
91 36 1
91 302 1
91 89 1
91 90 1
91 92 1
91 30 1
92 319 1
92 320 1
92 321 1
92 96 1
92 98 1
92 36 1
92 197 1
92 37 1
92 323 1
92 304 1
92 87 1
92 88 1
92 90 1
92 91 1
92 94 1
92 318 1
93 95 1
93 96 1
93 250 1
93 248 1
93 89 1
93 90 1
93 252 1
93 253 1
94 96 1
94 196 1
94 197 1
94 199 1
94 90 1
94 92 1
95 96 1
95 408 1
95 87 1
95 248 1
95 89 1
95 411 1
95 412 1
95 93 1
96 95 1
96 321 1
96 196 1
96 614 1
96 615 1
96 92 1
96 308 1
96 87 1
96 88 1
96 90 1
96 411 1
96 252 1
96 93 1
96 94 1
97 31 1
97 448 1
97 36 1
97 627 1
97 87 1
97 89 1
98 32 1
98 323 1
98 36 1
98 87 1
98 539 1
98 92 1
99 544 1
99 68 1
99 100 1
99 102 1
99 327 1
99 107 1
99 108 1
99 109 1
99 111 1
99 240 1
99 62 1
100 287 1
100 545 1
100 99 1
100 102 1
100 103 1
100 104 1
100 105 1
100 328 1
100 109 1
100 623 1
100 188 1
101 289 1
101 68 1
101 70 1
101 103 1
101 104 1
101 105 1
101 106 1
101 107 1
101 622 1
101 498 1
101 116 1
101 190 1
102 64 1
102 545 1
102 544 1
102 99 1
102 68 1
102 100 1
102 290 1
102 105 1
103 100 1
103 101 1
103 104 1
103 329 1
103 107 1
103 109 1
103 622 1
103 623 1
103 120 1
103 189 1
104 193 1
104 100 1
104 101 1
104 103 1
104 105 1
104 188 1
104 189 1
104 190 1
105 63 1
105 287 1
105 289 1
105 290 1
105 193 1
105 100 1
105 68 1
105 101 1
105 102 1
105 104 1
106 68 1
106 101 1
106 71 1
106 107 1
106 108 1
106 498 1
106 242 1
106 114 1
107 99 1
107 101 1
107 103 1
107 106 1
107 108 1
107 109 1
107 111 1
107 113 1
107 114 1
107 116 1
107 120 1
107 121 1
108 99 1
108 68 1
108 72 1
108 106 1
108 107 1
108 240 1
108 113 1
108 242 1
109 99 1
109 100 1
109 327 1
109 328 1
109 103 1
109 329 1
109 107 1
109 121 1
110 449 1
110 325 1
110 111 1
110 112 1
110 117 1
110 121 1
111 99 1
111 327 1
111 107 1
111 110 1
111 112 1
111 240 1
111 113 1
111 121 1
112 450 1
112 110 1
112 111 1
112 144 1
112 113 1
112 241 1
112 115 1
112 117 1
112 118 1
112 119 1
112 633 1
112 219 1
113 107 1
113 108 1
113 111 1
113 240 1
113 112 1
113 241 1
113 115 1
113 114 1
113 242 1
113 151 1
114 453 1
114 106 1
114 107 1
114 113 1
114 242 1
114 147 1
114 115 1
114 117 1
114 116 1
114 498 1
115 112 1
115 144 1
115 114 1
115 147 1
115 113 1
115 145 1
115 118 1
115 151 1
115 146 1
115 149 1
115 117 1
115 119 1
116 101 1
116 455 1
116 107 1
116 622 1
116 114 1
116 498 1
116 117 1
116 120 1
117 449 1
117 450 1
117 452 1
117 453 1
117 454 1
117 455 1
117 331 1
117 110 1
117 112 1
117 114 1
117 115 1
117 116 1
117 149 1
117 119 1
117 120 1
117 121 1
118 112 1
118 145 1
118 115 1
118 119 1
118 219 1
118 220 1
119 452 1
119 112 1
119 146 1
119 115 1
119 117 1
119 118 1
119 633 1
119 220 1
120 454 1
120 103 1
120 329 1
120 107 1
120 622 1
120 116 1
120 117 1
120 121 1
121 325 1
121 327 1
121 329 1
121 107 1
121 331 1
121 109 1
121 110 1
121 111 1
121 117 1
121 120 1
122 127 1
122 132 1
122 133 1
122 363 1
122 332 1
122 401 1
122 125 1
122 123 1
122 221 1
123 319 1
123 127 1
123 222 1
123 131 1
123 195 1
123 266 1
123 364 1
123 122 1
123 124 1
123 125 1
123 126 1
124 128 1
124 130 1
124 195 1
124 131 1
124 197 1
124 199 1
124 200 1
124 202 1
124 77 1
124 83 1
124 123 1
124 126 1
125 224 1
125 225 1
125 128 1
125 226 1
125 132 1
125 126 1
125 122 1
125 123 1
125 221 1
125 222 1
126 319 1
126 224 1
126 320 1
126 128 1
126 197 1
126 123 1
126 124 1
126 125 1
127 129 1
127 131 1
127 133 1
127 363 1
127 364 1
127 268 1
127 82 1
127 83 1
127 338 1
127 122 1
127 123 1
127 317 1
128 320 1
128 129 1
128 226 1
128 130 1
128 132 1
128 200 1
128 302 1
128 403 1
128 310 1
128 124 1
128 125 1
128 126 1
129 127 1
129 128 1
129 130 1
129 132 1
129 133 1
129 305 1
129 83 1
129 85 1
129 310 1
129 311 1
129 315 1
129 317 1
130 128 1
130 129 1
130 199 1
130 302 1
130 80 1
130 305 1
130 83 1
130 124 1
131 127 1
131 266 1
131 202 1
131 268 1
131 78 1
131 83 1
131 123 1
131 124 1
132 128 1
132 225 1
132 129 1
132 133 1
132 335 1
132 401 1
132 403 1
132 311 1
132 122 1
132 125 1
133 127 1
133 129 1
133 132 1
133 332 1
133 335 1
133 338 1
133 122 1
133 315 1
134 258 1
134 135 1
134 136 1
134 456 1
134 139 1
134 12 1
134 140 1
134 17 1
134 340 1
135 134 1
135 136 1
135 457 1
135 42 1
135 139 1
135 44 1
135 138 1
135 341 1
135 574 1
136 262 1
136 135 1
136 456 1
136 457 1
136 134 1
136 43 1
136 44 1
136 140 1
136 137 1
136 459 1
137 576 1
137 136 1
137 264 1
137 138 1
137 459 1
137 44 1
137 139 1
137 46 1
137 140 1
137 526 1
137 142 1
137 141 1
137 346 1
137 606 1
138 576 1
138 135 1
138 137 1
138 139 1
138 44 1
138 45 1
138 345 1
138 574 1
139 134 1
139 135 1
139 137 1
139 138 1
139 141 1
139 15 1
139 17 1
139 340 1
139 341 1
139 343 1
139 345 1
139 346 1
140 258 1
140 262 1
140 134 1
140 136 1
140 264 1
140 137 1
140 263 1
140 265 1
140 141 1
140 142 1
140 17 1
140 18 1
141 137 1
141 265 1
141 139 1
141 140 1
141 142 1
141 16 1
141 17 1
141 528 1
141 343 1
141 606 1
142 263 1
142 137 1
142 140 1
142 141 1
142 526 1
142 528 1
143 418 1
143 611 1
143 154 1
143 592 1
143 145 1
143 146 1
143 632 1
143 148 1
143 144 1
143 598 1
143 152 1
143 218 1
143 155 1
144 143 1
144 112 1
144 241 1
144 145 1
144 115 1
144 593 1
144 219 1
144 212 1
144 151 1
144 153 1
144 155 1
145 143 1
145 144 1
145 146 1
145 115 1
145 118 1
145 218 1
145 219 1
145 220 1
146 452 1
146 613 1
146 143 1
146 145 1
146 115 1
146 148 1
146 149 1
146 119 1
146 632 1
146 220 1
147 453 1
147 424 1
147 114 1
147 115 1
147 242 1
147 149 1
147 500 1
147 151 1
147 152 1
147 148 1
147 154 1
147 501 1
147 499 1
147 150 1
148 451 1
148 611 1
148 613 1
148 420 1
148 143 1
148 146 1
148 147 1
148 500 1
148 149 1
148 152 1
149 451 1
149 452 1
149 453 1
149 146 1
149 115 1
149 147 1
149 117 1
149 148 1
150 584 1
150 585 1
150 499 1
150 243 1
150 147 1
150 213 1
150 151 1
150 153 1
150 154 1
150 155 1
151 153 1
151 144 1
151 113 1
151 241 1
151 115 1
151 242 1
151 147 1
151 243 1
151 150 1
151 217 1
152 418 1
152 420 1
152 424 1
152 425 1
152 143 1
152 147 1
152 148 1
152 154 1
153 144 1
153 212 1
153 213 1
153 150 1
153 151 1
153 216 1
153 217 1
153 155 1
154 425 1
154 585 1
154 143 1
154 594 1
154 147 1
154 501 1
154 598 1
154 150 1
154 152 1
154 155 1
155 584 1
155 143 1
155 144 1
155 593 1
155 592 1
155 594 1
155 150 1
155 216 1
155 153 1
155 154 1
156 159 1
156 162 1
156 163 1
156 164 1
156 553 1
156 533 1
156 629 1
156 408 1
156 157 1
157 159 1
157 160 1
157 163 1
157 165 1
157 554 1
157 409 1
157 559 1
157 19 1
157 24 1
157 601 1
157 571 1
157 156 1
157 158 1
158 159 1
158 160 1
158 161 1
158 162 1
158 415 1
158 164 1
158 163 1
158 166 1
158 487 1
158 555 1
158 301 1
158 21 1
158 538 1
158 24 1
158 601 1
158 602 1
158 572 1
158 157 1
159 162 1
159 553 1
159 554 1
159 555 1
159 557 1
159 22 1
159 24 1
159 156 1
159 157 1
159 158 1
160 161 1
160 483 1
160 165 1
160 561 1
160 571 1
160 572 1
160 157 1
160 158 1
161 160 1
161 483 1
161 165 1
161 166 1
161 487 1
161 490 1
161 300 1
161 158 1
162 159 1
162 164 1
162 557 1
162 629 1
162 537 1
162 602 1
162 156 1
162 158 1
163 415 1
163 416 1
163 164 1
163 165 1
163 166 1
163 297 1
163 408 1
163 409 1
163 410 1
163 156 1
163 157 1
163 158 1
164 416 1
164 162 1
164 163 1
164 533 1
164 537 1
164 538 1
164 156 1
164 158 1
165 160 1
165 161 1
165 163 1
165 166 1
165 296 1
165 490 1
165 559 1
165 561 1
165 410 1
165 157 1
166 161 1
166 163 1
166 165 1
166 296 1
166 297 1
166 300 1
166 301 1
166 158 1
167 168 1
167 169 1
167 618 1
167 363 1
167 172 1
167 174 1
167 562 1
167 51 1
167 53 1
168 167 1
168 266 1
168 170 1
168 364 1
168 173 1
168 174 1
168 175 1
168 559 1
168 52 1
168 53 1
168 571 1
169 484 1
169 167 1
169 171 1
169 172 1
169 173 1
169 272 1
169 562 1
169 564 1
169 53 1
169 59 1
170 483 1
170 168 1
170 171 1
170 175 1
170 561 1
170 53 1
170 54 1
170 571 1
171 483 1
171 484 1
171 169 1
171 170 1
171 490 1
171 173 1
171 175 1
171 274 1
171 53 1
171 58 1
172 167 1
172 169 1
172 618 1
172 365 1
172 174 1
172 173 1
172 269 1
172 564 1
173 168 1
173 169 1
173 266 1
173 171 1
173 172 1
173 269 1
173 268 1
173 174 1
173 272 1
173 175 1
173 274 1
173 273 1
174 167 1
174 168 1
174 363 1
174 364 1
174 172 1
174 365 1
174 268 1
174 173 1
175 168 1
175 170 1
175 171 1
175 490 1
175 173 1
175 559 1
175 561 1
175 273 1
176 319 1
176 355 1
176 177 1
176 179 1
176 180 1
176 474 1
176 186 1
176 540 1
177 32 1
177 540 1
177 34 1
177 323 1
177 519 1
177 396 1
177 176 1
177 178 1
177 179 1
177 182 1
177 186 1
177 476 1
178 394 1
178 395 1
178 396 1
178 400 1
178 177 1
178 179 1
178 181 1
178 182 1
179 359 1
179 395 1
179 176 1
179 177 1
179 178 1
179 180 1
179 181 1
179 474 1
179 476 1
179 477 1
180 34 1
180 355 1
180 324 1
180 357 1
180 358 1
180 359 1
180 360 1
180 41 1
180 361 1
180 176 1
180 179 1
180 181 1
180 183 1
180 184 1
180 185 1
180 186 1
181 357 1
181 521 1
181 527 1
181 400 1
181 178 1
181 179 1
181 180 1
181 182 1
181 184 1
181 477 1
182 34 1
182 519 1
182 40 1
182 521 1
182 394 1
182 520 1
182 177 1
182 178 1
182 181 1
182 407 1
182 184 1
182 183 1
183 406 1
183 34 1
183 35 1
183 358 1
183 180 1
183 182 1
183 407 1
183 184 1
184 406 1
184 360 1
184 520 1
184 527 1
184 180 1
184 181 1
184 182 1
184 183 1
185 320 1
185 34 1
185 361 1
185 180 1
185 186 1
185 30 1
186 319 1
186 320 1
186 34 1
186 323 1
186 324 1
186 37 1
186 176 1
186 177 1
186 180 1
186 185 1
187 192 1
187 418 1
187 194 1
187 598 1
187 188 1
188 287 1
188 192 1
188 193 1
188 194 1
188 419 1
188 100 1
188 104 1
188 623 1
188 599 1
188 187 1
188 189 1
189 192 1
189 422 1
189 103 1
189 104 1
189 622 1
189 623 1
189 188 1
189 190 1
190 191 1
190 192 1
190 193 1
190 194 1
190 289 1
190 101 1
190 423 1
190 104 1
190 622 1
190 498 1
190 600 1
190 189 1
191 192 1
191 194 1
191 424 1
191 498 1
191 501 1
191 190 1
192 191 1
192 418 1
192 419 1
192 194 1
192 422 1
192 423 1
192 424 1
192 425 1
192 187 1
192 188 1
192 189 1
192 190 1
193 287 1
193 289 1
193 194 1
193 294 1
193 104 1
193 105 1
193 188 1
193 190 1
194 191 1
194 192 1
194 193 1
194 294 1
194 425 1
194 501 1
194 598 1
194 599 1
194 600 1
194 187 1
194 188 1
194 190 1
195 319 1
195 196 1
195 197 1
195 615 1
195 266 1
195 202 1
195 123 1
195 124 1
196 96 1
196 321 1
196 195 1
196 197 1
196 198 1
196 615 1
196 199 1
196 201 1
196 202 1
196 77 1
196 79 1
196 560 1
196 276 1
196 308 1
196 252 1
196 94 1
197 319 1
197 320 1
197 321 1
197 195 1
197 196 1
197 199 1
197 200 1
197 304 1
197 124 1
197 92 1
197 94 1
197 126 1
198 196 1
198 202 1
198 75 1
198 77 1
198 560 1
198 273 1
199 130 1
199 196 1
199 197 1
199 200 1
199 201 1
199 77 1
199 302 1
199 250 1
199 80 1
199 304 1
199 308 1
199 90 1
199 124 1
199 94 1
200 320 1
200 128 1
200 197 1
200 199 1
200 302 1
200 124 1
201 196 1
201 199 1
201 76 1
201 77 1
201 250 1
201 252 1
202 131 1
202 195 1
202 196 1
202 198 1
202 266 1
202 77 1
202 78 1
202 273 1
202 276 1
202 124 1
203 259 1
203 616 1
203 524 1
203 204 1
203 205 1
203 208 1
203 209 1
203 401 1
203 211 1
203 210 1
203 470 1
204 355 1
204 260 1
204 203 1
204 205 1
204 206 1
204 207 1
204 209 1
204 471 1
204 542 1
205 259 1
205 260 1
205 261 1
205 263 1
205 203 1
205 204 1
205 206 1
205 208 1
206 357 1
206 261 1
206 204 1
206 205 1
206 207 1
206 527 1
206 208 1
206 542 1
207 355 1
207 356 1
207 357 1
207 358 1
207 360 1
207 362 1
207 204 1
207 206 1
207 208 1
207 209 1
207 210 1
207 211 1
208 263 1
208 360 1
208 203 1
208 524 1
208 205 1
208 206 1
208 527 1
208 207 1
208 525 1
208 210 1
209 356 1
209 203 1
209 204 1
209 207 1
209 211 1
209 404 1
209 470 1
209 471 1
210 616 1
210 362 1
210 203 1
210 525 1
210 207 1
210 208 1
210 211 1
210 405 1
211 358 1
211 203 1
211 207 1
211 209 1
211 401 1
211 210 1
211 404 1
211 405 1
212 217 1
212 620 1
212 462 1
212 144 1
212 593 1
212 241 1
212 214 1
212 215 1
212 216 1
212 153 1
213 214 1
213 582 1
213 584 1
213 217 1
213 465 1
213 243 1
213 150 1
213 215 1
213 216 1
213 153 1
214 462 1
214 463 1
214 465 1
214 212 1
214 213 1
214 468 1
214 215 1
214 216 1
215 582 1
215 620 1
215 463 1
215 212 1
215 213 1
215 214 1
215 244 1
215 217 1
216 214 1
216 584 1
216 593 1
216 212 1
216 213 1
216 468 1
216 153 1
216 155 1
217 241 1
217 243 1
217 212 1
217 213 1
217 244 1
217 151 1
217 153 1
217 215 1
218 143 1
218 145 1
218 632 1
218 219 1
218 220 1
219 112 1
219 144 1
219 145 1
219 118 1
219 633 1
219 218 1
219 220 1
220 145 1
220 146 1
220 118 1
220 119 1
220 632 1
220 633 1
220 218 1
220 219 1
221 223 1
221 225 1
221 401 1
221 470 1
221 122 1
221 125 1
221 222 1
222 223 1
222 319 1
222 224 1
222 471 1
222 123 1
222 221 1
222 125 1
223 224 1
223 225 1
223 226 1
223 322 1
223 404 1
223 470 1
223 471 1
223 472 1
223 221 1
223 222 1
224 319 1
224 223 1
224 320 1
224 322 1
224 226 1
224 126 1
224 125 1
224 222 1
225 223 1
225 226 1
225 132 1
225 401 1
225 403 1
225 404 1
225 125 1
225 221 1
226 223 1
226 128 1
226 224 1
226 320 1
226 225 1
226 403 1
226 472 1
226 125 1
227 1 1
227 547 1
227 229 1
227 231 1
227 232 1
227 9 1
227 233 1
227 234 1
227 431 1
227 534 1
227 439 1
227 635 1
228 229 1
228 230 1
228 6 1
228 486 1
228 9 1
228 232 1
228 491 1
228 235 1
228 493 1
228 231 1
228 497 1
228 434 1
229 227 1
229 228 1
229 230 1
229 232 1
229 233 1
229 431 1
229 432 1
229 433 1
229 434 1
229 436 1
230 228 1
230 229 1
230 485 1
230 233 1
230 298 1
230 491 1
230 235 1
230 236 1
230 436 1
230 442 1
231 255 1
231 416 1
231 227 1
231 228 1
231 8 1
231 9 1
231 234 1
231 489 1
231 235 1
231 237 1
231 238 1
231 239 1
231 497 1
231 534 1
231 536 1
231 538 1
232 227 1
232 228 1
232 5 1
232 547 1
232 229 1
232 9 1
232 493 1
232 432 1
233 227 1
233 229 1
233 230 1
233 234 1
233 299 1
233 236 1
233 237 1
233 433 1
233 439 1
233 443 1
233 442 1
233 251 1
234 256 1
234 227 1
234 231 1
234 233 1
234 237 1
234 238 1
234 536 1
234 443 1
234 635 1
234 414 1
235 228 1
235 485 1
235 230 1
235 231 1
235 486 1
235 489 1
235 487 1
235 300 1
235 236 1
235 237 1
235 239 1
235 254 1
236 230 1
236 233 1
236 298 1
236 299 1
236 300 1
236 235 1
236 237 1
236 247 1
237 255 1
237 256 1
237 257 1
237 231 1
237 233 1
237 234 1
237 235 1
237 236 1
237 238 1
237 239 1
237 247 1
237 248 1
237 251 1
237 254 1
238 416 1
238 231 1
238 234 1
238 237 1
238 248 1
238 414 1
239 257 1
239 231 1
239 487 1
239 235 1
239 237 1
239 538 1
240 99 1
240 72 1
240 619 1
240 108 1
240 111 1
240 624 1
240 113 1
240 241 1
240 244 1
240 245 1
240 62 1
241 620 1
241 112 1
241 113 1
241 144 1
241 240 1
241 212 1
241 244 1
241 151 1
241 217 1
242 71 1
242 72 1
242 106 1
242 108 1
242 113 1
242 114 1
242 147 1
242 243 1
242 499 1
242 151 1
243 66 1
243 582 1
243 583 1
243 72 1
243 242 1
243 499 1
243 244 1
243 213 1
243 150 1
243 151 1
243 245 1
243 217 1
244 582 1
244 619 1
244 620 1
244 621 1
244 240 1
244 241 1
244 243 1
244 245 1
244 215 1
244 217 1
245 69 1
245 583 1
245 72 1
245 621 1
245 240 1
245 624 1
245 243 1
245 244 1
246 408 1
246 438 1
246 248 1
246 251 1
246 444 1
246 253 1
247 257 1
247 296 1
247 297 1
247 74 1
247 299 1
247 76 1
247 236 1
247 237 1
247 300 1
247 301 1
247 248 1
247 249 1
247 251 1
247 254 1
248 255 1
248 256 1
248 257 1
248 408 1
248 410 1
248 411 1
248 412 1
248 413 1
248 414 1
248 415 1
248 416 1
248 297 1
248 93 1
248 95 1
248 237 1
248 238 1
248 246 1
248 247 1
248 249 1
248 251 1
248 252 1
248 253 1
249 296 1
249 75 1
249 76 1
249 560 1
249 247 1
249 248 1
249 410 1
249 252 1
250 199 1
250 201 1
250 76 1
250 303 1
250 80 1
250 307 1
250 308 1
250 253 1
250 90 1
250 251 1
250 252 1
250 93 1
251 438 1
251 256 1
251 413 1
251 233 1
251 299 1
251 76 1
251 237 1
251 307 1
251 84 1
251 246 1
251 247 1
251 248 1
251 441 1
251 250 1
251 443 1
251 253 1
252 96 1
252 196 1
252 201 1
252 76 1
252 79 1
252 560 1
252 308 1
252 248 1
252 249 1
252 250 1
252 411 1
252 93 1
253 303 1
253 441 1
253 412 1
253 246 1
253 248 1
253 89 1
253 250 1
253 251 1
253 444 1
253 93 1
254 257 1
254 487 1
254 235 1
254 300 1
254 237 1
254 247 1
255 416 1
255 257 1
255 231 1
255 237 1
255 248 1
255 538 1
256 234 1
256 237 1
256 251 1
256 248 1
256 443 1
256 414 1
257 415 1
257 255 1
257 487 1
257 301 1
257 237 1
257 239 1
257 247 1
257 248 1
257 538 1
257 254 1
258 259 1
258 260 1
258 262 1
258 134 1
258 456 1
258 265 1
258 12 1
258 140 1
258 18 1
258 603 1
259 258 1
259 260 1
259 263 1
259 265 1
259 203 1
259 524 1
259 205 1
259 604 1
260 258 1
260 259 1
260 261 1
260 262 1
260 458 1
260 204 1
260 205 1
260 542 1
261 543 1
261 260 1
261 262 1
261 263 1
261 264 1
261 460 1
261 205 1
261 206 1
261 527 1
261 542 1
262 258 1
262 260 1
262 261 1
262 136 1
262 456 1
262 458 1
262 264 1
262 140 1
262 460 1
262 459 1
263 259 1
263 261 1
263 264 1
263 265 1
263 524 1
263 205 1
263 140 1
263 142 1
263 208 1
263 527 1
263 526 1
263 528 1
264 543 1
264 261 1
264 262 1
264 263 1
264 137 1
264 459 1
264 140 1
264 526 1
265 258 1
265 259 1
265 263 1
265 140 1
265 141 1
265 16 1
265 528 1
265 18 1
265 603 1
265 604 1
266 195 1
266 131 1
266 615 1
266 168 1
266 202 1
266 364 1
266 173 1
266 268 1
266 559 1
266 273 1
266 276 1
266 123 1
267 485 1
267 298 1
267 269 1
267 78 1
267 271 1
267 272 1
267 81 1
267 274 1
267 563 1
267 590 1
267 591 1
267 270 1
267 275 1
267 436 1
267 442 1
267 278 1
268 127 1
268 131 1
268 266 1
268 364 1
268 173 1
268 174 1
268 78 1
268 365 1
268 269 1
268 82 1
268 366 1
268 270 1
268 367 1
268 309 1
268 279 1
268 277 1
269 267 1
269 172 1
269 365 1
269 173 1
269 590 1
269 268 1
269 270 1
269 272 1
269 564 1
269 597 1
270 267 1
270 268 1
270 269 1
270 366 1
270 591 1
270 275 1
270 597 1
270 437 1
270 279 1
270 504 1
271 296 1
271 74 1
271 267 1
271 298 1
271 300 1
271 78 1
271 273 1
271 274 1
272 484 1
272 169 1
272 267 1
272 173 1
272 269 1
272 274 1
272 563 1
272 564 1
273 198 1
273 296 1
273 266 1
273 75 1
273 202 1
273 173 1
273 78 1
273 175 1
273 559 1
273 271 1
273 274 1
273 490 1
273 560 1
273 276 1
274 484 1
274 485 1
274 490 1
274 171 1
274 300 1
274 173 1
274 267 1
274 271 1
274 272 1
274 273 1
275 267 1
275 270 1
275 433 1
275 435 1
275 436 1
275 437 1
275 278 1
275 279 1
276 196 1
276 615 1
276 266 1
276 202 1
276 560 1
276 273 1
277 268 1
277 78 1
277 80 1
277 306 1
277 309 1
277 279 1
278 267 1
278 78 1
278 433 1
278 275 1
278 84 1
278 279 1
278 440 1
278 442 1
279 440 1
279 268 1
279 270 1
279 367 1
279 78 1
279 306 1
279 435 1
279 275 1
279 277 1
279 86 1
279 504 1
279 278 1
280 604 1
280 616 1
280 587 1
280 281 1
280 282 1
280 283 1
280 284 1
281 608 1
281 617 1
281 588 1
281 280 1
281 282 1
281 283 1
281 284 1
281 605 1
281 286 1
282 607 1
282 284 1
282 285 1
282 589 1
282 606 1
282 528 1
282 280 1
282 281 1
282 283 1
282 604 1
282 605 1
282 286 1
283 607 1
283 609 1
283 616 1
283 617 1
283 525 1
283 280 1
283 281 1
283 282 1
283 285 1
283 286 1
284 587 1
284 588 1
284 589 1
284 280 1
284 281 1
284 282 1
285 525 1
285 526 1
285 528 1
285 282 1
285 283 1
285 286 1
286 608 1
286 609 1
286 526 1
286 281 1
286 282 1
286 283 1
286 285 1
286 606 1
287 288 1
287 193 1
287 290 1
287 545 1
287 100 1
287 294 1
287 105 1
287 599 1
287 188 1
287 478 1
288 63 1
288 480 1
288 287 1
288 290 1
288 67 1
288 481 1
288 386 1
288 294 1
288 295 1
288 479 1
288 292 1
288 478 1
289 63 1
289 193 1
289 291 1
289 101 1
289 294 1
289 70 1
289 105 1
289 498 1
289 600 1
289 190 1
290 63 1
290 64 1
290 287 1
290 545 1
290 288 1
290 480 1
290 102 1
290 105 1
291 63 1
291 289 1
291 293 1
291 294 1
291 71 1
291 498 1
291 499 1
291 501 1
292 63 1
292 479 1
292 65 1
292 288 1
292 388 1
292 295 1
293 63 1
293 66 1
293 291 1
293 390 1
293 295 1
293 294 1
293 585 1
293 499 1
294 287 1
294 288 1
294 193 1
294 194 1
294 481 1
294 289 1
294 291 1
294 293 1
294 295 1
294 385 1
294 585 1
294 501 1
294 599 1
294 600 1
295 63 1
295 288 1
295 385 1
295 386 1
295 292 1
295 388 1
295 293 1
295 390 1
295 294 1
295 73 1
296 165 1
296 166 1
296 297 1
296 74 1
296 75 1
296 490 1
296 300 1
296 271 1
296 273 1
296 247 1
296 249 1
296 410 1
297 415 1
297 163 1
297 166 1
297 296 1
297 301 1
297 247 1
297 248 1
297 410 1
298 485 1
298 230 1
298 74 1
298 267 1
298 236 1
298 299 1
298 300 1
298 271 1
298 81 1
298 442 1
299 233 1
299 74 1
299 298 1
299 236 1
299 84 1
299 247 1
299 442 1
299 251 1
300 161 1
300 485 1
300 166 1
300 487 1
300 296 1
300 490 1
300 235 1
300 236 1
300 298 1
300 301 1
300 271 1
300 274 1
300 247 1
300 254 1
301 415 1
301 257 1
301 166 1
301 487 1
301 297 1
301 300 1
301 247 1
301 158 1
302 447 1
302 128 1
302 320 1
302 130 1
302 199 1
302 200 1
302 303 1
302 304 1
302 305 1
302 310 1
302 90 1
302 91 1
303 447 1
303 89 1
303 302 1
303 250 1
303 314 1
303 305 1
303 306 1
303 307 1
303 441 1
303 90 1
303 253 1
303 446 1
304 320 1
304 197 1
304 199 1
304 302 1
304 90 1
304 92 1
305 129 1
305 130 1
305 302 1
305 303 1
305 80 1
305 306 1
305 85 1
305 310 1
305 309 1
305 313 1
305 314 1
305 317 1
306 303 1
306 80 1
306 305 1
306 367 1
306 307 1
306 277 1
306 86 1
306 279 1
306 440 1
306 313 1
306 309 1
306 446 1
307 303 1
307 80 1
307 306 1
307 84 1
307 440 1
307 441 1
307 250 1
307 251 1
308 96 1
308 196 1
308 199 1
308 250 1
308 90 1
308 252 1
309 268 1
309 367 1
309 80 1
309 305 1
309 82 1
309 306 1
309 277 1
309 317 1
310 447 1
310 128 1
310 33 1
310 129 1
310 302 1
310 305 1
310 403 1
310 311 1
310 314 1
310 30 1
311 33 1
311 129 1
311 35 1
311 132 1
311 335 1
311 402 1
311 403 1
311 310 1
311 312 1
311 315 1
312 33 1
312 579 1
312 39 1
312 334 1
312 505 1
312 402 1
312 311 1
312 313 1
312 315 1
312 316 1
313 367 1
313 314 1
313 305 1
313 306 1
313 336 1
313 312 1
313 505 1
313 506 1
313 315 1
313 316 1
313 317 1
313 446 1
314 447 1
314 448 1
314 33 1
314 38 1
314 303 1
314 305 1
314 310 1
314 313 1
314 316 1
314 446 1
315 129 1
315 133 1
315 334 1
315 335 1
315 336 1
315 338 1
315 311 1
315 312 1
315 313 1
315 317 1
316 31 1
316 448 1
316 33 1
316 579 1
316 314 1
316 312 1
316 313 1
316 506 1
317 127 1
317 129 1
317 367 1
317 305 1
317 82 1
317 338 1
317 85 1
317 309 1
317 313 1
317 315 1
318 319 1
318 323 1
318 87 1
318 539 1
318 92 1
319 540 1
319 176 1
319 186 1
319 318 1
319 321 1
319 322 1
319 195 1
319 324 1
319 197 1
319 323 1
319 471 1
319 88 1
319 92 1
319 222 1
319 224 1
319 355 1
319 615 1
319 123 1
319 126 1
320 128 1
320 224 1
320 322 1
320 226 1
320 324 1
320 197 1
320 37 1
320 200 1
320 361 1
320 126 1
320 302 1
320 304 1
320 472 1
320 185 1
320 186 1
320 91 1
320 92 1
320 30 1
321 319 1
321 96 1
321 196 1
321 197 1
321 615 1
321 92 1
322 223 1
322 224 1
322 319 1
322 320 1
322 356 1
322 324 1
322 471 1
322 472 1
323 319 1
323 32 1
323 540 1
323 98 1
323 37 1
323 177 1
323 186 1
323 539 1
323 92 1
323 318 1
324 319 1
324 320 1
324 322 1
324 355 1
324 356 1
324 361 1
324 180 1
324 186 1
325 449 1
325 417 1
325 326 1
325 327 1
325 328 1
325 330 1
325 331 1
325 110 1
325 121 1
326 328 1
326 330 1
326 418 1
326 325 1
327 99 1
327 325 1
327 328 1
327 109 1
327 111 1
327 121 1
328 419 1
328 100 1
328 325 1
328 326 1
328 327 1
328 329 1
328 330 1
328 109 1
328 623 1
329 422 1
329 103 1
329 328 1
329 454 1
329 330 1
329 331 1
329 109 1
329 623 1
329 120 1
329 121 1
330 417 1
330 418 1
330 419 1
330 325 1
330 326 1
330 422 1
330 328 1
330 329 1
330 421 1
330 331 1
331 449 1
331 325 1
331 454 1
331 421 1
331 329 1
331 330 1
331 117 1
331 121 1
332 577 1
332 133 1
332 363 1
332 333 1
332 334 1
332 335 1
332 337 1
332 401 1
332 595 1
332 338 1
332 122 1
333 578 1
333 332 1
333 334 1
333 431 1
333 336 1
333 337 1
333 339 1
333 596 1
333 503 1
334 577 1
334 578 1
334 332 1
334 333 1
334 335 1
334 336 1
334 402 1
334 312 1
334 505 1
334 315 1
335 132 1
335 133 1
335 332 1
335 334 1
335 401 1
335 402 1
335 311 1
335 315 1
336 313 1
336 333 1
336 334 1
336 367 1
336 337 1
336 338 1
336 435 1
336 339 1
336 503 1
336 504 1
336 505 1
336 315 1
337 332 1
337 333 1
337 366 1
337 336 1
337 338 1
337 595 1
337 596 1
337 339 1
337 437 1
337 504 1
338 127 1
338 133 1
338 363 1
338 332 1
338 366 1
338 367 1
338 336 1
338 337 1
338 315 1
338 317 1
339 333 1
339 431 1
339 336 1
339 337 1
339 435 1
339 437 1
340 134 1
340 139 1
340 12 1
340 15 1
340 341 1
340 342 1
341 135 1
341 139 1
341 340 1
341 342 1
341 345 1
341 574 1
342 575 1
342 608 1
342 588 1
342 13 1
342 15 1
342 340 1
342 341 1
342 343 1
342 344 1
342 345 1
342 346 1
342 605 1
343 139 1
343 589 1
343 141 1
343 15 1
343 16 1
343 342 1
343 344 1
343 346 1
343 605 1
343 606 1
344 588 1
344 589 1
344 14 1
344 15 1
344 342 1
344 343 1
345 575 1
345 576 1
345 138 1
345 139 1
345 341 1
345 342 1
345 346 1
345 574 1
346 608 1
346 576 1
346 137 1
346 139 1
346 342 1
346 343 1
346 345 1
346 606 1
347 351 1
347 352 1
347 353 1
347 515 1
347 350 1
347 426 1
347 627 1
347 348 1
347 444 1
347 349 1
347 574 1
348 575 1
348 351 1
348 353 1
348 354 1
348 352 1
348 516 1
348 445 1
348 628 1
348 503 1
348 347 1
348 349 1
349 351 1
349 352 1
349 448 1
349 354 1
349 522 1
349 430 1
349 627 1
349 628 1
349 506 1
349 347 1
349 348 1
349 350 1
350 351 1
350 426 1
350 429 1
350 430 1
350 347 1
350 349 1
351 353 1
351 515 1
351 516 1
351 518 1
351 522 1
351 429 1
351 347 1
351 348 1
351 349 1
351 350 1
352 448 1
352 349 1
352 354 1
352 446 1
352 347 1
352 348 1
352 445 1
352 444 1
353 575 1
353 351 1
353 518 1
353 347 1
353 348 1
353 574 1
354 352 1
354 503 1
354 506 1
354 348 1
354 349 1
354 446 1
355 319 1
355 324 1
355 357 1
355 356 1
355 359 1
355 204 1
355 207 1
355 176 1
355 180 1
355 471 1
355 474 1
355 542 1
356 322 1
356 355 1
356 324 1
356 358 1
356 361 1
356 207 1
356 209 1
356 404 1
356 471 1
356 472 1
357 355 1
357 359 1
357 360 1
357 206 1
357 207 1
357 527 1
357 180 1
357 181 1
357 477 1
357 542 1
358 406 1
358 35 1
358 356 1
358 360 1
358 41 1
358 362 1
358 361 1
358 207 1
358 211 1
358 180 1
358 404 1
358 403 1
358 183 1
358 405 1
359 355 1
359 357 1
359 179 1
359 180 1
359 474 1
359 477 1
360 357 1
360 358 1
360 362 1
360 525 1
360 207 1
360 208 1
360 527 1
360 180 1
360 406 1
360 184 1
361 320 1
361 356 1
361 324 1
361 358 1
361 41 1
361 403 1
361 180 1
361 472 1
361 185 1
361 30 1
362 358 1
362 360 1
362 525 1
362 207 1
362 210 1
362 405 1
363 127 1
363 167 1
363 618 1
363 332 1
363 364 1
363 174 1
363 365 1
363 366 1
363 338 1
363 595 1
363 122 1
364 127 1
364 168 1
364 266 1
364 363 1
364 268 1
364 174 1
364 123 1
365 618 1
365 363 1
365 268 1
365 269 1
365 174 1
365 172 1
365 366 1
365 597 1
366 363 1
366 268 1
366 365 1
366 270 1
366 367 1
366 337 1
366 338 1
366 595 1
366 597 1
366 504 1
367 268 1
367 366 1
367 336 1
367 338 1
367 306 1
367 309 1
367 279 1
367 504 1
367 313 1
367 317 1
368 384 1
368 2 1
368 4 1
368 488 1
368 496 1
368 369 1
368 626 1
368 371 1
368 370 1
368 565 1
368 374 1
368 373 1
368 56 1
368 57 1
369 383 1
369 368 1
369 626 1
369 370 1
369 55 1
369 57 1
370 383 1
370 384 1
370 386 1
370 4 1
370 389 1
370 388 1
370 7 1
370 391 1
370 27 1
370 368 1
370 369 1
370 380 1
370 60 1
370 372 1
370 57 1
370 378 1
370 379 1
370 28 1
371 483 1
371 484 1
371 486 1
371 487 1
371 488 1
371 489 1
371 368 1
371 372 1
371 373 1
371 374 1
371 375 1
371 376 1
371 57 1
371 58 1
372 25 1
372 483 1
372 389 1
372 370 1
372 371 1
372 54 1
372 376 1
372 57 1
372 27 1
372 572 1
373 484 1
373 492 1
373 368 1
373 371 1
373 565 1
373 374 1
374 4 1
374 486 1
374 6 1
374 492 1
374 368 1
374 496 1
374 497 1
374 371 1
374 373 1
374 375 1
375 4 1
375 8 1
375 489 1
375 497 1
375 537 1
375 371 1
375 374 1
375 376 1
375 377 1
375 538 1
376 602 1
376 572 1
376 514 1
376 487 1
376 378 1
376 371 1
376 372 1
376 21 1
376 467 1
376 375 1
376 377 1
376 538 1
376 27 1
376 380 1
377 602 1
377 482 1
377 4 1
377 10 1
377 375 1
377 376 1
377 537 1
377 378 1
377 379 1
377 510 1
378 479 1
378 514 1
378 388 1
378 370 1
378 469 1
378 376 1
378 377 1
378 379 1
378 380 1
378 510 1
379 479 1
379 386 1
379 482 1
379 4 1
379 11 1
379 370 1
379 377 1
379 378 1
380 391 1
380 370 1
380 467 1
380 20 1
380 469 1
380 376 1
380 378 1
380 27 1
381 383 1
381 0 1
381 385 1
381 387 1
381 7 1
381 592 1
381 625 1
381 51 1
381 598 1
381 60 1
381 382 1
382 1 1
382 385 1
382 386 1
382 7 1
382 599 1
382 381 1
382 478 1
383 384 1
383 3 1
383 7 1
383 369 1
383 370 1
383 625 1
383 626 1
383 55 1
383 60 1
383 381 1
384 383 1
384 2 1
384 7 1
384 368 1
384 370 1
384 626 1
385 481 1
385 386 1
385 387 1
385 390 1
385 295 1
385 294 1
385 585 1
385 594 1
385 598 1
385 599 1
385 381 1
385 382 1
386 479 1
386 288 1
386 481 1
386 385 1
386 388 1
386 382 1
386 7 1
386 295 1
386 11 1
386 370 1
386 379 1
386 478 1
387 385 1
387 381 1
387 389 1
387 390 1
387 391 1
387 584 1
387 592 1
387 28 1
387 594 1
387 468 1
387 61 1
387 26 1
387 60 1
387 573 1
388 479 1
388 512 1
388 65 1
388 386 1
388 292 1
388 390 1
388 295 1
388 391 1
388 73 1
388 370 1
388 469 1
388 378 1
389 387 1
389 28 1
389 370 1
389 372 1
389 54 1
389 25 1
389 60 1
389 573 1
390 512 1
390 385 1
390 66 1
390 387 1
390 388 1
390 293 1
390 295 1
390 584 1
390 73 1
390 585 1
390 391 1
390 465 1
391 387 1
391 388 1
391 390 1
391 380 1
391 370 1
391 465 1
391 468 1
391 20 1
391 469 1
391 28 1
392 515 1
392 393 1
392 394 1
392 42 1
392 426 1
392 395 1
392 397 1
392 398 1
392 48 1
392 530 1
392 473 1
392 574 1
393 392 1
393 426 1
393 427 1
393 428 1
393 395 1
393 396 1
393 394 1
393 429 1
394 515 1
394 517 1
394 518 1
394 519 1
394 392 1
394 393 1
394 521 1
394 396 1
394 429 1
394 398 1
394 47 1
394 48 1
394 400 1
394 178 1
394 399 1
394 182 1
395 392 1
395 393 1
395 428 1
395 397 1
395 396 1
395 400 1
395 178 1
395 179 1
395 473 1
395 475 1
395 476 1
395 477 1
396 519 1
396 393 1
396 394 1
396 427 1
396 395 1
396 177 1
396 178 1
396 476 1
397 392 1
397 395 1
397 48 1
397 400 1
397 530 1
397 50 1
397 532 1
397 475 1
398 518 1
398 392 1
398 394 1
398 45 1
398 48 1
398 574 1
399 543 1
399 517 1
399 394 1
399 46 1
399 48 1
399 400 1
400 543 1
400 521 1
400 394 1
400 395 1
400 397 1
400 399 1
400 48 1
400 49 1
400 178 1
400 532 1
400 181 1
400 477 1
401 225 1
401 577 1
401 132 1
401 616 1
401 203 1
401 332 1
401 335 1
401 402 1
401 211 1
401 404 1
401 405 1
401 470 1
401 122 1
401 221 1
402 577 1
402 35 1
402 580 1
402 407 1
402 39 1
402 523 1
402 334 1
402 335 1
402 401 1
402 529 1
402 405 1
402 406 1
402 311 1
402 312 1
403 128 1
403 225 1
403 226 1
403 35 1
403 132 1
403 358 1
403 361 1
403 404 1
403 310 1
403 311 1
403 472 1
403 30 1
404 223 1
404 225 1
404 356 1
404 358 1
404 209 1
404 401 1
404 211 1
404 403 1
404 470 1
404 472 1
405 580 1
405 358 1
405 616 1
405 362 1
405 525 1
405 401 1
405 210 1
405 211 1
405 402 1
405 406 1
406 407 1
406 358 1
406 360 1
406 520 1
406 525 1
406 529 1
406 402 1
406 405 1
406 183 1
406 184 1
407 406 1
407 35 1
407 40 1
407 520 1
407 523 1
407 402 1
407 182 1
407 183 1
408 95 1
408 416 1
408 163 1
408 614 1
408 246 1
408 444 1
408 533 1
408 156 1
408 438 1
408 87 1
408 248 1
408 409 1
408 634 1
408 411 1
408 412 1
408 413 1
408 414 1
409 163 1
409 615 1
409 559 1
409 408 1
409 410 1
409 411 1
409 157 1
410 163 1
410 165 1
410 296 1
410 297 1
410 249 1
410 559 1
410 560 1
410 248 1
410 409 1
410 411 1
411 95 1
411 96 1
411 614 1
411 615 1
411 408 1
411 560 1
411 248 1
411 409 1
411 410 1
411 252 1
412 95 1
412 408 1
412 248 1
412 89 1
412 444 1
412 253 1
413 408 1
413 251 1
413 438 1
413 248 1
413 443 1
413 414 1
414 256 1
414 416 1
414 248 1
414 234 1
414 536 1
414 238 1
414 408 1
414 634 1
414 443 1
414 413 1
415 416 1
415 257 1
415 163 1
415 297 1
415 301 1
415 248 1
415 538 1
415 158 1
416 255 1
416 415 1
416 163 1
416 164 1
416 231 1
416 408 1
416 536 1
416 238 1
416 533 1
416 248 1
416 538 1
416 414 1
417 449 1
417 610 1
417 418 1
417 420 1
417 421 1
417 325 1
417 330 1
418 192 1
418 417 1
418 419 1
418 611 1
418 420 1
418 326 1
418 425 1
418 330 1
418 143 1
418 598 1
418 152 1
418 187 1
419 192 1
419 418 1
419 422 1
419 328 1
419 330 1
419 623 1
419 188 1
420 417 1
420 610 1
420 451 1
420 611 1
420 418 1
420 421 1
420 424 1
420 148 1
420 500 1
420 152 1
421 417 1
421 449 1
421 451 1
421 420 1
421 453 1
421 454 1
421 422 1
421 424 1
421 423 1
421 330 1
421 331 1
421 455 1
422 192 1
422 419 1
422 421 1
422 454 1
422 423 1
422 329 1
422 330 1
422 622 1
422 623 1
422 189 1
423 192 1
423 421 1
423 422 1
423 455 1
423 424 1
423 622 1
423 498 1
423 190 1
424 191 1
424 192 1
424 420 1
424 453 1
424 421 1
424 423 1
424 425 1
424 498 1
424 147 1
424 500 1
424 501 1
424 152 1
425 192 1
425 418 1
425 194 1
425 424 1
425 501 1
425 598 1
425 152 1
425 154 1
426 515 1
426 392 1
426 393 1
426 427 1
426 428 1
426 429 1
426 430 1
426 627 1
426 473 1
426 347 1
426 539 1
426 350 1
427 519 1
427 393 1
427 426 1
427 396 1
427 428 1
427 429 1
427 430 1
427 539 1
427 476 1
427 541 1
428 393 1
428 426 1
428 395 1
428 427 1
428 473 1
428 476 1
429 351 1
429 515 1
429 519 1
429 393 1
429 394 1
429 426 1
429 427 1
429 522 1
429 430 1
429 350 1
430 541 1
430 426 1
430 427 1
430 522 1
430 429 1
430 627 1
430 349 1
430 350 1
431 227 1
431 547 1
431 229 1
431 439 1
431 333 1
431 432 1
431 433 1
431 339 1
431 435 1
431 596 1
431 437 1
431 503 1
432 547 1
432 548 1
432 229 1
432 232 1
432 493 1
432 431 1
432 434 1
432 437 1
433 229 1
433 233 1
433 431 1
433 275 1
433 436 1
433 435 1
433 278 1
433 439 1
433 440 1
433 442 1
434 228 1
434 229 1
434 491 1
434 493 1
434 494 1
434 432 1
434 436 1
434 437 1
435 503 1
435 504 1
435 431 1
435 336 1
435 433 1
435 275 1
435 339 1
435 437 1
435 279 1
435 440 1
436 229 1
436 230 1
436 267 1
436 491 1
436 591 1
436 433 1
436 434 1
436 275 1
436 437 1
436 442 1
437 591 1
437 548 1
437 270 1
437 431 1
437 432 1
437 337 1
437 434 1
437 275 1
437 339 1
437 596 1
437 494 1
437 435 1
437 504 1
437 436 1
438 502 1
438 443 1
438 440 1
438 246 1
438 439 1
438 408 1
438 441 1
438 634 1
438 251 1
438 444 1
438 413 1
439 227 1
439 233 1
439 431 1
439 433 1
439 438 1
439 503 1
439 440 1
439 443 1
439 635 1
440 502 1
440 439 1
440 503 1
440 433 1
440 306 1
440 435 1
440 307 1
440 84 1
440 438 1
440 279 1
440 86 1
440 441 1
440 278 1
440 446 1
441 303 1
441 307 1
441 438 1
441 440 1
441 251 1
441 444 1
441 253 1
441 446 1
442 230 1
442 233 1
442 298 1
442 267 1
442 299 1
442 81 1
442 433 1
442 84 1
442 436 1
442 278 1
443 635 1
443 256 1
443 233 1
443 234 1
443 438 1
443 439 1
443 634 1
443 251 1
443 413 1
443 414 1
444 352 1
444 448 1
444 438 1
444 445 1
444 89 1
444 627 1
444 502 1
444 87 1
444 408 1
444 441 1
444 246 1
444 347 1
444 412 1
444 253 1
444 446 1
445 352 1
445 503 1
445 444 1
445 348 1
445 446 1
446 352 1
446 448 1
446 354 1
446 313 1
446 303 1
446 306 1
446 506 1
446 502 1
446 503 1
446 440 1
446 441 1
446 314 1
446 444 1
446 445 1
447 38 1
447 302 1
447 303 1
447 310 1
447 89 1
447 314 1
447 91 1
447 30 1
448 31 1
448 352 1
448 97 1
448 38 1
448 446 1
448 627 1
448 506 1
448 89 1
448 314 1
448 316 1
448 349 1
448 444 1
449 417 1
449 610 1
449 451 1
449 450 1
449 325 1
449 421 1
449 331 1
449 110 1
449 117 1
450 449 1
450 451 1
450 612 1
450 452 1
450 112 1
450 117 1
450 633 1
451 449 1
451 610 1
451 450 1
451 420 1
451 421 1
451 612 1
451 452 1
451 613 1
451 453 1
451 148 1
451 149 1
451 500 1
452 450 1
452 451 1
452 613 1
452 146 1
452 149 1
452 117 1
452 119 1
452 633 1
453 451 1
453 421 1
453 455 1
453 424 1
453 114 1
453 147 1
453 500 1
453 117 1
453 149 1
453 498 1
454 421 1
454 422 1
454 455 1
454 329 1
454 331 1
454 622 1
454 117 1
454 120 1
455 453 1
455 421 1
455 423 1
455 454 1
455 622 1
455 498 1
455 116 1
455 117 1
456 258 1
456 262 1
456 134 1
456 136 1
456 457 1
456 458 1
457 135 1
457 136 1
457 456 1
457 42 1
457 43 1
457 458 1
457 461 1
457 530 1
458 260 1
458 262 1
458 456 1
458 457 1
458 460 1
458 461 1
458 531 1
458 542 1
459 543 1
459 262 1
459 136 1
459 137 1
459 264 1
459 43 1
459 460 1
459 46 1
460 543 1
460 261 1
460 262 1
460 458 1
460 43 1
460 459 1
460 461 1
460 49 1
460 532 1
460 542 1
461 457 1
461 458 1
461 43 1
461 460 1
461 530 1
461 50 1
461 531 1
461 532 1
462 620 1
462 463 1
462 593 1
462 19 1
462 212 1
462 20 1
462 214 1
462 468 1
463 582 1
463 620 1
463 621 1
463 462 1
463 558 1
463 464 1
463 465 1
463 466 1
463 20 1
463 214 1
463 23 1
463 215 1
464 583 1
464 556 1
464 621 1
464 463 1
464 465 1
464 466 1
464 469 1
464 509 1
465 512 1
465 582 1
465 391 1
465 584 1
465 583 1
465 390 1
465 463 1
465 464 1
465 468 1
465 213 1
465 214 1
465 469 1
466 513 1
466 555 1
466 556 1
466 558 1
466 463 1
466 464 1
466 467 1
466 20 1
466 469 1
466 22 1
467 514 1
467 555 1
467 466 1
467 20 1
467 21 1
467 469 1
467 376 1
467 380 1
468 387 1
468 391 1
468 584 1
468 462 1
468 593 1
468 465 1
468 20 1
468 214 1
468 216 1
468 26 1
469 512 1
469 513 1
469 514 1
469 388 1
469 391 1
469 464 1
469 465 1
469 466 1
469 467 1
469 378 1
469 380 1
469 509 1
470 223 1
470 203 1
470 209 1
470 401 1
470 404 1
470 471 1
470 221 1
471 223 1
471 319 1
471 322 1
471 355 1
471 356 1
471 204 1
471 209 1
471 470 1
471 222 1
472 223 1
472 320 1
472 322 1
472 226 1
472 356 1
472 361 1
472 403 1
472 404 1
473 392 1
473 426 1
473 395 1
473 428 1
473 539 1
473 530 1
473 474 1
473 475 1
473 476 1
474 540 1
474 355 1
474 359 1
474 176 1
474 179 1
474 531 1
474 473 1
474 475 1
474 476 1
474 477 1
474 542 1
475 395 1
475 397 1
475 530 1
475 531 1
475 532 1
475 473 1
475 474 1
475 477 1
476 427 1
476 395 1
476 396 1
476 428 1
476 177 1
476 179 1
476 473 1
476 474 1
476 539 1
476 540 1
477 357 1
477 359 1
477 395 1
477 400 1
477 179 1
477 532 1
477 181 1
477 474 1
477 475 1
477 542 1
478 287 1
478 288 1
478 1 1
478 386 1
478 481 1
478 480 1
478 545 1
478 479 1
478 482 1
478 11 1
478 630 1
478 599 1
478 508 1
478 382 1
479 511 1
479 288 1
479 65 1
479 386 1
479 67 1
479 292 1
479 388 1
479 480 1
479 482 1
479 510 1
479 378 1
479 379 1
479 508 1
479 478 1
480 479 1
480 64 1
480 545 1
480 290 1
480 67 1
480 288 1
480 511 1
480 478 1
481 288 1
481 385 1
481 386 1
481 294 1
481 599 1
481 478 1
482 479 1
482 10 1
482 11 1
482 510 1
482 630 1
482 377 1
482 379 1
482 478 1
483 160 1
483 161 1
483 487 1
483 170 1
483 171 1
483 490 1
483 561 1
483 371 1
483 372 1
483 54 1
483 58 1
483 572 1
484 485 1
484 486 1
484 488 1
484 169 1
484 171 1
484 492 1
484 272 1
484 274 1
484 371 1
484 563 1
484 373 1
484 565 1
484 58 1
484 59 1
485 484 1
485 230 1
485 486 1
485 298 1
485 235 1
485 300 1
485 267 1
485 491 1
485 274 1
485 563 1
486 228 1
486 484 1
486 485 1
486 489 1
486 235 1
486 492 1
486 491 1
486 497 1
486 371 1
486 374 1
487 161 1
487 257 1
487 483 1
487 254 1
487 489 1
487 235 1
487 300 1
487 301 1
487 239 1
487 371 1
487 376 1
487 538 1
487 572 1
487 158 1
488 484 1
488 368 1
488 371 1
488 565 1
488 56 1
488 58 1
489 486 1
489 231 1
489 487 1
489 235 1
489 497 1
489 371 1
489 375 1
489 538 1
490 161 1
490 483 1
490 165 1
490 296 1
490 171 1
490 300 1
490 175 1
490 273 1
490 274 1
490 561 1
491 228 1
491 485 1
491 486 1
491 230 1
491 492 1
491 590 1
491 495 1
491 591 1
491 494 1
491 434 1
491 563 1
491 436 1
492 484 1
492 549 1
492 486 1
492 491 1
492 493 1
492 495 1
492 496 1
492 563 1
492 564 1
492 373 1
492 374 1
492 565 1
493 228 1
493 5 1
493 549 1
493 6 1
493 232 1
493 550 1
493 548 1
493 551 1
493 492 1
493 494 1
493 495 1
493 432 1
493 496 1
493 434 1
494 548 1
494 491 1
494 493 1
494 591 1
494 495 1
494 434 1
494 437 1
494 597 1
495 550 1
495 491 1
495 492 1
495 493 1
495 590 1
495 494 1
495 564 1
495 597 1
496 2 1
496 6 1
496 551 1
496 492 1
496 493 1
496 368 1
496 565 1
496 374 1
497 228 1
497 6 1
497 231 1
497 8 1
497 489 1
497 486 1
497 374 1
497 375 1
498 191 1
498 289 1
498 291 1
498 101 1
498 70 1
498 71 1
498 423 1
498 424 1
498 106 1
498 455 1
498 453 1
498 114 1
498 116 1
498 501 1
498 600 1
498 190 1
499 66 1
499 291 1
499 293 1
499 71 1
499 585 1
499 242 1
499 147 1
499 243 1
499 501 1
499 150 1
500 451 1
500 420 1
500 453 1
500 424 1
500 147 1
500 148 1
501 191 1
501 194 1
501 291 1
501 294 1
501 424 1
501 425 1
501 585 1
501 498 1
501 147 1
501 499 1
501 600 1
501 154 1
502 438 1
502 503 1
502 440 1
502 444 1
502 446 1
503 578 1
503 354 1
503 333 1
503 431 1
503 336 1
503 435 1
503 628 1
503 502 1
503 439 1
503 440 1
503 505 1
503 506 1
503 348 1
503 445 1
503 446 1
504 366 1
504 367 1
504 336 1
504 337 1
504 270 1
504 435 1
504 437 1
504 279 1
505 578 1
505 579 1
505 334 1
505 336 1
505 503 1
505 312 1
505 313 1
505 506 1
506 448 1
506 354 1
506 579 1
506 505 1
506 628 1
506 503 1
506 313 1
506 316 1
506 349 1
506 446 1
507 511 1
507 544 1
507 65 1
507 513 1
507 553 1
507 510 1
507 624 1
507 629 1
507 508 1
507 509 1
507 62 1
508 479 1
508 511 1
508 545 1
508 478 1
508 630 1
508 507 1
508 510 1
509 512 1
509 65 1
509 513 1
509 69 1
509 583 1
509 556 1
509 464 1
509 624 1
509 469 1
509 507 1
510 479 1
510 513 1
510 514 1
510 482 1
510 557 1
510 378 1
510 629 1
510 630 1
510 377 1
510 602 1
510 507 1
510 508 1
511 479 1
511 64 1
511 65 1
511 480 1
511 544 1
511 545 1
511 507 1
511 508 1
512 65 1
512 66 1
512 388 1
512 390 1
512 583 1
512 465 1
512 469 1
512 509 1
513 514 1
513 553 1
513 555 1
513 556 1
513 557 1
513 466 1
513 469 1
513 507 1
513 509 1
513 510 1
514 513 1
514 555 1
514 378 1
514 467 1
514 469 1
514 376 1
514 602 1
514 510 1
515 351 1
515 518 1
515 392 1
515 394 1
515 426 1
515 429 1
515 347 1
515 574 1
516 351 1
516 608 1
516 575 1
516 578 1
516 517 1
516 518 1
516 522 1
516 523 1
516 628 1
516 348 1
517 543 1
517 576 1
517 608 1
517 516 1
517 581 1
517 518 1
517 520 1
517 521 1
517 394 1
517 523 1
517 46 1
517 47 1
517 399 1
517 526 1
518 351 1
518 575 1
518 353 1
518 576 1
518 515 1
518 516 1
518 517 1
518 394 1
518 45 1
518 398 1
518 47 1
518 574 1
519 32 1
519 40 1
519 394 1
519 427 1
519 396 1
519 429 1
519 522 1
519 177 1
519 182 1
519 541 1
520 184 1
520 517 1
520 521 1
520 523 1
520 526 1
520 527 1
520 529 1
520 406 1
520 407 1
520 182 1
521 543 1
521 517 1
521 520 1
521 394 1
521 527 1
521 400 1
521 181 1
521 182 1
522 31 1
522 351 1
522 349 1
522 579 1
522 516 1
522 519 1
522 40 1
522 523 1
522 429 1
522 430 1
522 628 1
522 541 1
523 578 1
523 579 1
523 516 1
523 581 1
523 517 1
523 39 1
523 40 1
523 520 1
523 522 1
523 529 1
523 402 1
523 407 1
524 259 1
524 263 1
524 616 1
524 203 1
524 525 1
524 208 1
524 528 1
524 604 1
525 607 1
525 609 1
525 580 1
525 360 1
525 616 1
525 362 1
525 524 1
525 526 1
525 208 1
525 528 1
525 210 1
525 529 1
525 405 1
525 406 1
525 283 1
525 285 1
526 543 1
526 609 1
526 286 1
526 517 1
526 581 1
526 263 1
526 264 1
526 137 1
526 520 1
526 525 1
526 142 1
526 527 1
526 528 1
526 529 1
526 285 1
526 606 1
527 543 1
527 357 1
527 261 1
527 263 1
527 360 1
527 520 1
527 521 1
527 206 1
527 526 1
527 208 1
527 181 1
527 184 1
528 607 1
528 263 1
528 265 1
528 524 1
528 141 1
528 142 1
528 525 1
528 526 1
528 282 1
528 604 1
528 285 1
528 606 1
529 580 1
529 581 1
529 520 1
529 523 1
529 525 1
529 526 1
529 402 1
529 406 1
530 392 1
530 457 1
530 42 1
530 397 1
530 461 1
530 50 1
530 531 1
530 473 1
530 475 1
531 458 1
531 461 1
531 530 1
531 532 1
531 474 1
531 475 1
531 542 1
532 460 1
532 397 1
532 461 1
532 400 1
532 49 1
532 50 1
532 531 1
532 475 1
532 477 1
532 542 1
533 416 1
533 164 1
533 567 1
533 536 1
533 629 1
533 535 1
533 408 1
533 537 1
533 634 1
533 156 1
534 1 1
534 227 1
534 231 1
534 8 1
534 568 1
534 630 1
534 535 1
534 536 1
534 537 1
534 635 1
535 568 1
535 537 1
535 533 1
535 534 1
535 567 1
535 536 1
535 569 1
535 570 1
536 416 1
536 231 1
536 234 1
536 533 1
536 534 1
536 535 1
536 569 1
536 634 1
536 635 1
536 414 1
537 162 1
537 602 1
537 164 1
537 630 1
537 8 1
537 535 1
537 10 1
537 629 1
537 534 1
537 375 1
537 533 1
537 377 1
537 570 1
537 538 1
538 255 1
538 416 1
538 257 1
538 415 1
538 164 1
538 231 1
538 487 1
538 489 1
538 239 1
538 375 1
538 376 1
538 537 1
538 602 1
538 158 1
539 476 1
539 32 1
539 98 1
539 323 1
539 541 1
539 426 1
539 427 1
539 627 1
539 87 1
539 473 1
539 540 1
539 29 1
539 318 1
540 319 1
540 323 1
540 176 1
540 177 1
540 474 1
540 539 1
540 476 1
541 31 1
541 32 1
541 519 1
541 522 1
541 427 1
541 430 1
541 627 1
541 539 1
542 355 1
542 260 1
542 357 1
542 261 1
542 458 1
542 204 1
542 460 1
542 206 1
542 531 1
542 532 1
542 474 1
542 477 1
543 261 1
543 517 1
543 264 1
543 521 1
543 459 1
543 460 1
543 46 1
543 399 1
543 400 1
543 49 1
543 527 1
543 526 1
544 511 1
544 64 1
544 545 1
544 99 1
544 102 1
544 507 1
544 62 1
545 287 1
545 480 1
545 511 1
545 290 1
545 544 1
545 100 1
545 102 1
545 508 1
545 478 1
546 0 1
546 547 1
546 548 1
546 5 1
546 550 1
546 549 1
546 552 1
546 618 1
546 625 1
546 562 1
546 595 1
547 1 1
547 546 1
547 227 1
547 548 1
547 5 1
547 232 1
547 431 1
547 432 1
547 596 1
548 546 1
548 547 1
548 550 1
548 493 1
548 494 1
548 432 1
548 595 1
548 596 1
548 437 1
548 597 1
549 546 1
549 550 1
549 551 1
549 552 1
549 492 1
549 493 1
549 562 1
549 564 1
549 565 1
549 566 1
550 546 1
550 548 1
550 549 1
550 618 1
550 493 1
550 495 1
550 564 1
550 597 1
551 2 1
551 549 1
551 5 1
551 552 1
551 493 1
551 496 1
551 626 1
551 565 1
552 546 1
552 3 1
552 549 1
552 5 1
552 551 1
552 625 1
552 626 1
552 566 1
553 159 1
553 513 1
553 554 1
553 619 1
553 556 1
553 557 1
553 558 1
553 624 1
553 629 1
553 507 1
553 156 1
554 159 1
554 553 1
554 620 1
554 558 1
554 19 1
554 22 1
554 157 1
555 159 1
555 513 1
555 514 1
555 557 1
555 466 1
555 467 1
555 21 1
555 22 1
555 602 1
555 158 1
556 513 1
556 553 1
556 621 1
556 558 1
556 464 1
556 624 1
556 466 1
556 509 1
557 159 1
557 513 1
557 162 1
557 553 1
557 555 1
557 629 1
557 602 1
557 510 1
558 553 1
558 554 1
558 619 1
558 620 1
558 556 1
558 621 1
558 463 1
558 466 1
558 22 1
558 23 1
559 165 1
559 615 1
559 168 1
559 266 1
559 175 1
559 560 1
559 273 1
559 561 1
559 409 1
559 410 1
559 571 1
559 157 1
560 196 1
560 198 1
560 615 1
560 75 1
560 79 1
560 559 1
560 273 1
560 276 1
560 249 1
560 410 1
560 411 1
560 252 1
561 160 1
561 483 1
561 165 1
561 170 1
561 490 1
561 175 1
561 559 1
561 571 1
562 546 1
562 549 1
562 167 1
562 169 1
562 618 1
562 625 1
562 51 1
562 564 1
562 566 1
562 59 1
563 484 1
563 485 1
563 267 1
563 492 1
563 491 1
563 590 1
563 272 1
563 564 1
564 549 1
564 550 1
564 169 1
564 618 1
564 172 1
564 492 1
564 269 1
564 495 1
564 272 1
564 590 1
564 562 1
564 563 1
565 484 1
565 549 1
565 551 1
565 488 1
565 492 1
565 496 1
565 368 1
565 626 1
565 373 1
565 566 1
565 56 1
565 59 1
566 549 1
566 552 1
566 625 1
566 562 1
566 626 1
566 565 1
566 55 1
566 59 1
567 533 1
567 629 1
567 535 1
567 568 1
567 569 1
567 634 1
567 570 1
568 630 1
568 535 1
568 534 1
568 567 1
568 569 1
568 570 1
568 635 1
569 567 1
569 568 1
569 535 1
569 536 1
569 634 1
569 635 1
570 567 1
570 629 1
570 630 1
570 535 1
570 568 1
570 537 1
571 160 1
571 25 1
571 573 1
571 168 1
571 170 1
571 559 1
571 561 1
571 593 1
571 19 1
571 52 1
571 54 1
571 601 1
571 572 1
571 157 1
572 160 1
572 483 1
572 487 1
572 372 1
572 21 1
572 601 1
572 376 1
572 25 1
572 571 1
572 158 1
573 387 1
573 389 1
573 593 1
573 54 1
573 25 1
573 26 1
573 571 1
573 61 1
574 575 1
574 353 1
574 515 1
574 518 1
574 135 1
574 392 1
574 42 1
574 138 1
574 45 1
574 398 1
574 341 1
574 345 1
574 347 1
575 576 1
575 353 1
575 608 1
575 516 1
575 518 1
575 342 1
575 345 1
575 348 1
575 574 1
576 575 1
576 608 1
576 517 1
576 518 1
576 137 1
576 138 1
576 45 1
576 46 1
576 345 1
576 346 1
577 578 1
577 580 1
577 616 1
577 332 1
577 334 1
577 401 1
577 402 1
578 608 1
578 577 1
578 579 1
578 516 1
578 581 1
578 580 1
578 617 1
578 523 1
578 333 1
578 334 1
578 628 1
578 503 1
578 505 1
579 31 1
579 578 1
579 39 1
579 522 1
579 523 1
579 628 1
579 312 1
579 505 1
579 506 1
579 316 1
580 577 1
580 578 1
580 609 1
580 581 1
580 616 1
580 617 1
580 525 1
580 529 1
580 402 1
580 405 1
581 608 1
581 609 1
581 578 1
581 580 1
581 517 1
581 523 1
581 526 1
581 529 1
582 583 1
582 621 1
582 463 1
582 465 1
582 243 1
582 244 1
582 213 1
582 215 1
583 512 1
583 66 1
583 69 1
583 582 1
583 621 1
583 464 1
583 465 1
583 243 1
583 245 1
583 509 1
584 387 1
584 390 1
584 585 1
584 465 1
584 594 1
584 468 1
584 213 1
584 150 1
584 216 1
584 155 1
585 385 1
585 293 1
585 294 1
585 390 1
585 584 1
585 594 1
585 499 1
585 501 1
585 150 1
585 154 1
586 587 1
586 588 1
586 12 1
586 589 1
586 14 1
586 603 1
587 586 1
587 588 1
587 589 1
587 280 1
587 284 1
587 604 1
588 586 1
588 587 1
588 13 1
588 14 1
588 589 1
588 342 1
588 344 1
588 281 1
588 284 1
588 605 1
589 586 1
589 587 1
589 588 1
589 14 1
589 16 1
589 343 1
589 344 1
589 284 1
589 282 1
589 603 1
589 604 1
589 605 1
590 267 1
590 491 1
590 269 1
590 495 1
590 591 1
590 563 1
590 564 1
590 597 1
591 491 1
591 267 1
591 494 1
591 270 1
591 590 1
591 436 1
591 437 1
591 597 1
592 381 1
592 387 1
592 143 1
592 593 1
592 594 1
592 51 1
592 598 1
592 155 1
592 61 1
593 462 1
593 144 1
593 155 1
593 592 1
593 19 1
593 52 1
593 212 1
593 468 1
593 61 1
593 216 1
593 26 1
593 571 1
593 573 1
594 385 1
594 387 1
594 584 1
594 585 1
594 592 1
594 598 1
594 154 1
594 155 1
595 546 1
595 548 1
595 618 1
595 363 1
595 332 1
595 366 1
595 337 1
595 596 1
595 597 1
596 547 1
596 548 1
596 333 1
596 431 1
596 337 1
596 595 1
596 437 1
597 548 1
597 550 1
597 618 1
597 365 1
597 366 1
597 495 1
597 269 1
597 270 1
597 494 1
597 591 1
597 590 1
597 595 1
598 385 1
598 194 1
598 418 1
598 425 1
598 143 1
598 592 1
598 594 1
598 599 1
598 154 1
598 187 1
598 381 1
599 287 1
599 481 1
599 385 1
599 194 1
599 294 1
599 382 1
599 598 1
599 188 1
599 478 1
600 289 1
600 194 1
600 294 1
600 498 1
600 501 1
600 190 1
601 19 1
601 21 1
601 571 1
601 572 1
601 157 1
601 158 1
602 514 1
602 162 1
602 510 1
602 555 1
602 377 1
602 557 1
602 376 1
602 537 1
602 538 1
602 158 1
603 258 1
603 265 1
603 586 1
603 12 1
603 589 1
603 16 1
603 604 1
604 607 1
604 259 1
604 616 1
604 265 1
604 587 1
604 524 1
604 589 1
604 528 1
604 280 1
604 282 1
604 603 1
605 608 1
605 588 1
605 589 1
605 342 1
605 343 1
605 281 1
605 282 1
605 606 1
606 608 1
606 137 1
606 141 1
606 526 1
606 282 1
606 528 1
606 343 1
606 346 1
606 605 1
606 286 1
607 616 1
607 525 1
607 528 1
607 282 1
607 283 1
607 604 1
608 575 1
608 576 1
608 609 1
608 578 1
608 286 1
608 516 1
608 517 1
608 581 1
608 617 1
608 342 1
608 281 1
608 346 1
608 605 1
608 606 1
609 608 1
609 580 1
609 581 1
609 617 1
609 525 1
609 526 1
609 283 1
609 286 1
610 417 1
610 449 1
610 611 1
610 451 1
610 420 1
610 613 1
610 612 1
610 631 1
611 610 1
611 418 1
611 420 1
611 613 1
611 143 1
611 148 1
611 632 1
612 610 1
612 451 1
612 450 1
612 613 1
612 633 1
613 610 1
613 611 1
613 451 1
613 452 1
613 612 1
613 146 1
613 148 1
613 631 1
613 632 1
613 633 1
614 96 1
614 615 1
614 87 1
614 408 1
614 411 1
615 319 1
615 96 1
615 321 1
615 195 1
615 196 1
615 614 1
615 266 1
615 559 1
615 560 1
615 276 1
615 88 1
615 409 1
615 411 1
616 607 1
616 577 1
616 580 1
616 617 1
616 203 1
616 524 1
616 525 1
616 401 1
616 210 1
616 405 1
616 280 1
616 283 1
616 604 1
617 608 1
617 609 1
617 578 1
617 580 1
617 616 1
617 281 1
617 283 1
618 546 1
618 550 1
618 167 1
618 363 1
618 172 1
618 365 1
618 562 1
618 595 1
618 564 1
618 597 1
619 553 1
619 620 1
619 621 1
619 558 1
619 240 1
619 624 1
619 244 1
620 554 1
620 619 1
620 558 1
620 463 1
620 462 1
620 241 1
620 19 1
620 244 1
620 212 1
620 23 1
620 215 1
621 582 1
621 583 1
621 619 1
621 556 1
621 558 1
621 463 1
621 464 1
621 624 1
621 244 1
621 245 1
622 101 1
622 422 1
622 103 1
622 423 1
622 455 1
622 454 1
622 116 1
622 120 1
622 189 1
622 190 1
623 419 1
623 100 1
623 422 1
623 103 1
623 328 1
623 329 1
623 188 1
623 189 1
624 69 1
624 553 1
624 619 1
624 556 1
624 621 1
624 240 1
624 245 1
624 507 1
624 509 1
624 62 1
625 383 1
625 0 1
625 546 1
625 3 1
625 552 1
625 562 1
625 51 1
625 566 1
625 55 1
625 381 1
626 383 1
626 384 1
626 2 1
626 3 1
626 551 1
626 552 1
626 368 1
626 369 1
626 565 1
626 566 1
626 55 1
626 56 1
627 31 1
627 448 1
627 97 1
627 541 1
627 426 1
627 430 1
627 539 1
627 29 1
627 87 1
627 347 1
627 444 1
627 349 1
628 578 1
628 579 1
628 516 1
628 522 1
628 503 1
628 506 1
628 348 1
628 349 1
629 162 1
629 553 1
629 557 1
629 533 1
629 630 1
629 567 1
629 537 1
629 570 1
629 507 1
629 156 1
629 510 1
630 1 1
630 482 1
630 478 1
630 10 1
630 629 1
630 534 1
630 568 1
630 537 1
630 570 1
630 508 1
630 510 1
631 632 1
631 633 1
631 610 1
631 613 1
632 611 1
632 613 1
632 143 1
632 146 1
632 631 1
632 633 1
632 218 1
632 220 1
633 450 1
633 452 1
633 612 1
633 613 1
633 112 1
633 219 1
633 631 1
633 632 1
633 119 1
633 220 1
634 635 1
634 536 1
634 533 1
634 438 1
634 567 1
634 408 1
634 569 1
634 443 1
634 414 1
635 227 1
635 234 1
635 536 1
635 534 1
635 439 1
635 568 1
635 569 1
635 634 1
635 443 1
