0 64 1
0 97 1
0 96 1
0 55 1
0 69 1
0 40 1
0 41 1
0 23 1
0 57 1
0 94 1
1 36 1
1 12 1
1 78 1
1 84 1
1 26 1
2 70 1
2 40 1
2 41 1
2 74 1
2 14 1
2 80 1
2 83 1
2 52 1
2 90 1
3 95 1
3 32 1
3 65 1
3 66 1
3 33 1
3 38 1
3 8 1
3 43 1
3 76 1
3 16 1
3 49 1
3 61 1
4 63 1
4 67 1
4 42 1
4 75 1
4 12 1
4 51 1
4 85 1
4 61 1
5 97 1
5 72 1
5 41 1
5 74 1
5 40 1
5 15 1
5 80 1
5 56 1
5 94 1
6 68 1
6 9 1
6 41 1
6 77 1
6 93 1
6 55 1
6 24 1
6 58 1
6 91 1
6 60 1
6 29 1
7 31 1
7 32 1
7 39 1
7 71 1
7 11 1
7 59 1
7 79 1
7 48 1
7 18 1
7 87 1
7 25 1
7 27 1
7 30 1
8 31 1
8 95 1
8 33 1
8 66 1
8 3 1
8 65 1
8 44 1
8 49 1
8 18 1
8 87 1
8 25 1
9 34 1
9 68 1
9 6 1
9 10 1
9 17 1
9 24 1
9 58 1
9 91 1
9 92 1
9 29 1
10 98 1
10 34 1
10 9 1
10 13 1
10 50 1
10 21 1
10 24 1
10 58 1
10 91 1
10 92 1
11 31 1
11 32 1
11 33 1
11 66 1
11 35 1
11 7 1
11 39 1
11 43 1
11 18 1
11 22 1
11 27 1
12 1 1
12 36 1
12 4 1
12 75 1
12 51 1
12 84 1
12 85 1
12 26 1
12 62 1
13 98 1
13 10 1
13 45 1
13 77 1
13 80 1
13 50 1
13 82 1
13 20 1
13 21 1
13 86 1
13 24 1
13 58 1
14 64 1
14 96 1
14 2 1
14 70 1
14 71 1
14 74 1
14 44 1
14 83 1
14 56 1
14 30 1
15 5 1
15 39 1
15 72 1
15 71 1
15 74 1
15 56 1
15 89 1
15 27 1
16 65 1
16 66 1
16 3 1
16 67 1
16 33 1
16 38 1
16 42 1
16 43 1
16 54 1
16 61 1
16 62 1
17 9 1
17 45 1
17 82 1
17 58 1
17 91 1
17 92 1
17 29 1
18 31 1
18 33 1
18 66 1
18 7 1
18 71 1
18 8 1
18 11 1
18 87 1
18 25 1
18 27 1
19 67 1
19 38 1
19 43 1
19 53 1
19 88 1
19 26 1
19 62 1
20 77 1
20 13 1
20 80 1
20 52 1
20 24 1
20 90 1
21 98 1
21 10 1
21 13 1
22 33 1
22 66 1
22 11 1
22 43 1
22 53 1
23 64 1
23 0 1
23 25 1
23 99 1
23 69 1
23 44 1
23 47 1
23 79 1
23 48 1
23 83 1
23 56 1
23 57 1
23 30 1
24 6 1
24 58 1
24 9 1
24 10 1
24 77 1
24 13 1
24 20 1
24 90 1
24 93 1
25 31 1
25 64 1
25 99 1
25 71 1
25 7 1
25 8 1
25 44 1
25 48 1
25 49 1
25 18 1
25 83 1
25 23 1
25 56 1
25 87 1
25 30 1
26 1 1
26 67 1
26 12 1
26 19 1
26 51 1
26 85 1
26 84 1
26 62 1
27 31 1
27 7 1
27 39 1
27 71 1
27 72 1
27 11 1
27 15 1
27 79 1
27 81 1
27 18 1
27 47 1
27 48 1
27 87 1
27 56 1
27 89 1
27 59 1
27 30 1
28 78 1
28 84 1
28 85 1
28 88 1
28 62 1
29 68 1
29 6 1
29 9 1
29 41 1
29 77 1
29 17 1
29 82 1
29 55 1
29 58 1
29 91 1
29 60 1
30 7 1
30 71 1
30 44 1
30 14 1
30 79 1
30 48 1
30 83 1
30 23 1
30 56 1
30 25 1
30 27 1
31 32 1
31 33 1
31 66 1
31 7 1
31 8 1
31 39 1
31 11 1
31 27 1
31 48 1
31 49 1
31 18 1
31 87 1
31 25 1
31 59 1
32 31 1
32 95 1
32 66 1
32 3 1
32 35 1
32 7 1
32 39 1
32 11 1
32 43 1
32 76 1
32 49 1
32 59 1
33 31 1
33 65 1
33 66 1
33 3 1
33 38 1
33 8 1
33 11 1
33 16 1
33 18 1
33 53 1
33 22 1
33 87 1
34 9 1
34 10 1
34 45 1
34 50 1
34 92 1
35 32 1
35 39 1
35 11 1
35 76 1
35 43 1
35 47 1
35 81 1
35 59 1
36 1 1
36 75 1
36 12 1
36 78 1
36 84 1
36 85 1
37 95 1
37 75 1
37 46 1
37 49 1
37 59 1
37 61 1
38 33 1
38 66 1
38 3 1
38 67 1
38 43 1
38 16 1
38 19 1
38 53 1
38 54 1
38 88 1
38 62 1
39 31 1
39 32 1
39 35 1
39 7 1
39 11 1
39 59 1
39 15 1
39 81 1
39 89 1
39 27 1
40 64 1
40 97 1
40 2 1
40 0 1
40 96 1
40 5 1
40 72 1
40 41 1
40 74 1
40 83 1
40 52 1
40 55 1
40 56 1
40 57 1
40 60 1
40 94 1
41 0 1
41 97 1
41 2 1
41 5 1
41 6 1
41 40 1
41 74 1
41 77 1
41 80 1
41 82 1
41 52 1
41 55 1
41 60 1
41 29 1
41 94 1
42 63 1
42 65 1
42 67 1
42 4 1
42 75 1
42 46 1
42 16 1
42 85 1
42 54 1
42 61 1
43 32 1
43 66 1
43 3 1
43 35 1
43 38 1
43 11 1
43 76 1
43 16 1
43 19 1
43 53 1
43 22 1
43 88 1
43 61 1
43 62 1
44 64 1
44 99 1
44 71 1
44 8 1
44 14 1
44 48 1
44 49 1
44 83 1
44 23 1
44 25 1
44 87 1
44 30 1
45 34 1
45 13 1
45 17 1
45 50 1
45 82 1
45 86 1
45 58 1
45 91 1
45 92 1
46 95 1
46 65 1
46 37 1
46 42 1
46 54 1
46 61 1
47 35 1
47 69 1
47 59 1
47 79 1
47 48 1
47 81 1
47 23 1
47 57 1
47 27 1
48 31 1
48 99 1
48 7 1
48 44 1
48 27 1
48 47 1
48 79 1
48 49 1
48 23 1
48 25 1
48 59 1
48 30 1
49 31 1
49 32 1
49 95 1
49 66 1
49 3 1
49 37 1
49 8 1
49 44 1
49 48 1
49 25 1
49 59 1
50 98 1
50 34 1
50 10 1
50 45 1
50 13 1
50 86 1
50 58 1
50 91 1
50 92 1
51 63 1
51 67 1
51 4 1
51 12 1
51 85 1
51 26 1
52 2 1
52 70 1
52 40 1
52 41 1
52 77 1
52 80 1
52 83 1
52 20 1
52 90 1
52 60 1
52 93 1
53 33 1
53 66 1
53 38 1
53 43 1
53 19 1
53 22 1
54 63 1
54 65 1
54 67 1
54 38 1
54 42 1
54 46 1
54 16 1
55 0 1
55 96 1
55 68 1
55 6 1
55 40 1
55 41 1
55 82 1
55 60 1
55 29 1
56 64 1
56 97 1
56 57 1
56 5 1
56 71 1
56 72 1
56 40 1
56 74 1
56 14 1
56 15 1
56 79 1
56 83 1
56 23 1
56 25 1
56 27 1
56 30 1
57 0 1
57 97 1
57 64 1
57 69 1
57 72 1
57 40 1
57 47 1
57 79 1
57 81 1
57 23 1
57 56 1
57 89 1
58 6 1
58 9 1
58 10 1
58 45 1
58 13 1
58 77 1
58 17 1
58 50 1
58 82 1
58 86 1
58 24 1
58 91 1
58 29 1
59 31 1
59 32 1
59 95 1
59 35 1
59 37 1
59 7 1
59 39 1
59 76 1
59 47 1
59 48 1
59 49 1
59 81 1
59 27 1
60 96 1
60 68 1
60 70 1
60 6 1
60 40 1
60 41 1
60 77 1
60 83 1
60 52 1
60 29 1
60 55 1
60 93 1
61 95 1
61 65 1
61 3 1
61 4 1
61 37 1
61 67 1
61 42 1
61 43 1
61 75 1
61 76 1
61 46 1
61 16 1
61 85 1
61 62 1
62 67 1
62 38 1
62 43 1
62 12 1
62 76 1
62 16 1
62 19 1
62 84 1
62 85 1
62 88 1
62 26 1
62 28 1
62 61 1
63 67 1
63 4 1
63 42 1
63 51 1
63 54 1
64 0 1
64 96 1
64 99 1
64 57 1
64 40 1
64 73 1
64 44 1
64 14 1
64 83 1
64 23 1
64 56 1
64 25 1
65 95 1
65 33 1
65 3 1
65 8 1
65 42 1
65 46 1
65 16 1
65 54 1
65 61 1
66 31 1
66 32 1
66 33 1
66 3 1
66 38 1
66 8 1
66 11 1
66 43 1
66 16 1
66 49 1
66 18 1
66 53 1
66 22 1
67 63 1
67 4 1
67 38 1
67 42 1
67 16 1
67 19 1
67 51 1
67 85 1
67 54 1
67 26 1
67 61 1
67 62 1
68 6 1
68 9 1
68 55 1
68 60 1
68 29 1
69 0 1
69 97 1
69 89 1
69 72 1
69 47 1
69 81 1
69 23 1
69 57 1
69 94 1
70 96 1
70 2 1
70 14 1
70 83 1
70 52 1
70 90 1
70 60 1
70 93 1
71 7 1
71 74 1
71 44 1
71 14 1
71 15 1
71 18 1
71 87 1
71 56 1
71 25 1
71 27 1
71 30 1
72 97 1
72 89 1
72 69 1
72 5 1
72 40 1
72 15 1
72 79 1
72 56 1
72 57 1
72 27 1
72 94 1
73 64 1
73 99 1
73 96 1
74 2 1
74 5 1
74 71 1
74 40 1
74 41 1
74 14 1
74 15 1
74 80 1
74 83 1
74 56 1
75 4 1
75 36 1
75 37 1
75 42 1
75 12 1
75 85 1
75 61 1
76 95 1
76 32 1
76 3 1
76 35 1
76 43 1
76 85 1
76 88 1
76 59 1
76 61 1
76 62 1
77 6 1
77 58 1
77 41 1
77 13 1
77 80 1
77 82 1
77 52 1
77 20 1
77 93 1
77 24 1
77 90 1
77 60 1
77 29 1
78 1 1
78 36 1
78 84 1
78 28 1
79 57 1
79 7 1
79 72 1
79 47 1
79 48 1
79 81 1
79 23 1
79 56 1
79 89 1
79 27 1
79 30 1
80 2 1
80 5 1
80 41 1
80 74 1
80 13 1
80 77 1
80 82 1
80 20 1
80 52 1
81 35 1
81 89 1
81 69 1
81 39 1
81 27 1
81 47 1
81 79 1
81 57 1
81 59 1
82 41 1
82 45 1
82 77 1
82 13 1
82 80 1
82 17 1
82 55 1
82 58 1
82 91 1
82 29 1
83 64 1
83 96 1
83 2 1
83 70 1
83 40 1
83 74 1
83 44 1
83 14 1
83 52 1
83 23 1
83 56 1
83 25 1
83 60 1
83 30 1
84 1 1
84 36 1
84 12 1
84 78 1
84 85 1
84 88 1
84 26 1
84 28 1
84 62 1
85 67 1
85 4 1
85 36 1
85 42 1
85 75 1
85 12 1
85 76 1
85 51 1
85 84 1
85 88 1
85 26 1
85 28 1
85 61 1
85 62 1
86 98 1
86 45 1
86 13 1
86 50 1
86 58 1
87 31 1
87 33 1
87 7 1
87 71 1
87 8 1
87 44 1
87 18 1
87 25 1
87 27 1
88 38 1
88 43 1
88 76 1
88 19 1
88 84 1
88 85 1
88 28 1
88 62 1
89 69 1
89 39 1
89 72 1
89 79 1
89 15 1
89 81 1
89 57 1
89 27 1
90 2 1
90 70 1
90 77 1
90 20 1
90 52 1
90 24 1
90 93 1
91 6 1
91 9 1
91 10 1
91 45 1
91 17 1
91 50 1
91 82 1
91 58 1
91 92 1
91 29 1
92 34 1
92 9 1
92 10 1
92 45 1
92 17 1
92 50 1
92 91 1
93 6 1
93 70 1
93 77 1
93 52 1
93 24 1
93 90 1
93 60 1
94 0 1
94 97 1
94 69 1
94 5 1
94 40 1
94 41 1
94 72 1
95 32 1
95 65 1
95 3 1
95 37 1
95 8 1
95 76 1
95 46 1
95 49 1
95 59 1
95 61 1
96 64 1
96 0 1
96 70 1
96 40 1
96 73 1
96 14 1
96 83 1
96 55 1
96 60 1
97 0 1
97 5 1
97 69 1
97 40 1
97 41 1
97 72 1
97 56 1
97 57 1
97 94 1
98 10 1
98 13 1
98 50 1
98 21 1
98 86 1
99 64 1
99 73 1
99 44 1
99 48 1
99 23 1
99 25 1
