0 0 1
0 3 -1
0 6 -1
0 1003 1
1 0 -1
1 1 1
1 15 -1
1 1007 -1
2 10 1
2 14 -1
2 15 1
2 1013 -1
3 10 -1
3 11 1
3 22 1
3 948 1
4 11 -1
4 12 1
4 18 -1
4 763 1
5 1 -1
5 2 1
5 16 1
5 788 1
6 2 -1
6 3 1
6 7 1
6 787 -1
7 12 -1
7 13 1
7 19 1
7 762 -1
8 13 -1
8 14 1
8 16 -1
8 793 -1
9 17 -1
9 18 1
9 24 1
9 777 -1
10 4 -1
10 5 1
10 27 1
10 517 1
11 5 -1
11 6 1
11 23 -1
11 516 -1
12 22 -1
12 23 1
12 25 -1
12 521 -1
13 24 -1
13 25 1
13 27 -1
13 522 1
14 4 1
14 9 -1
14 28 -1
14 996 1
15 17 1
15 21 -1
15 28 1
15 779 -1
16 7 -1
16 8 1
16 26 1
16 792 -1
17 8 -1
17 9 1
17 29 -1
17 929 -1
18 20 -1
18 21 1
18 29 1
18 784 -1
19 19 -1
19 20 1
19 26 -1
19 766 -1
20 30 -1
20 31 1
20 36 1
20 1044 -1
21 31 -1
21 32 1
21 37 -1
21 715 1
22 36 -1
22 37 1
22 38 1
22 719 1
23 30 1
23 35 -1
23 39 -1
23 1045 1
24 38 -1
24 39 1
24 40 1
24 723 1
25 32 -1
25 33 1
25 41 -1
25 322 1
26 40 -1
26 41 1
26 42 1
26 334 -1
27 33 -1
27 34 1
27 44 1
27 321 -1
28 34 -1
28 35 1
28 43 -1
28 579 -1
29 42 -1
29 43 1
29 44 -1
29 336 1
30 52 -1
30 53 1
30 58 1
30 916 -1
31 47 -1
31 48 1
31 62 -1
31 1018 -1
32 48 -1
32 49 1
32 54 -1
32 905 1
33 53 -1
33 54 1
33 62 1
33 909 -1
34 45 -1
34 46 1
34 59 -1
34 374 1
35 46 -1
35 47 1
35 63 1
35 373 -1
36 58 -1
36 59 1
36 63 -1
36 380 -1
37 45 1
37 51 -1
37 60 1
37 1032 -1
38 49 -1
38 50 1
38 55 1
38 906 -1
39 50 -1
39 51 1
39 64 1
39 1033 1
40 52 1
40 57 -1
40 61 -1
40 781 1
41 60 -1
41 61 1
41 66 -1
41 775 1
42 64 -1
42 65 1
42 67 1
42 799 -1
43 65 -1
43 66 1
43 68 1
43 767 -1
44 56 -1
44 57 1
44 68 -1
44 768 1
45 55 -1
45 56 1
45 67 -1
45 800 1
46 69 1
46 71 -1
46 84 -1
46 1001 -1
47 72 1
47 78 -1
47 90 1
47 664 -1
48 69 -1
48 70 1
48 79 1
48 213 1
49 70 -1
49 71 1
49 85 1
49 219 -1
50 75 -1
50 76 1
50 93 -1
50 437 -1
51 86 -1
51 87 1
51 93 1
51 421 -1
52 85 -1
52 86 1
52 99 -1
52 235 -1
53 74 -1
53 75 1
53 99 1
53 232 -1
54 79 -1
54 80 1
54 100 1
54 226 1
55 80 -1
55 81 1
55 89 1
55 675 -1
56 72 -1
56 73 1
56 89 -1
56 665 1
57 73 -1
57 74 1
57 100 -1
57 225 -1
58 81 -1
58 82 1
58 91 -1
58 669 1
59 90 -1
59 91 1
59 96 1
59 666 1
60 82 -1
60 83 1
60 101 1
60 980 1
61 83 -1
61 84 1
61 88 -1
61 977 1
62 87 -1
62 88 1
62 92 -1
62 418 1
63 92 1
63 95 -1
63 97 -1
63 434 1
64 96 -1
64 97 1
64 101 -1
64 826 -1
65 76 -1
65 77 1
65 94 1
65 431 -1
66 94 -1
66 95 1
66 98 1
66 427 1
67 77 -1
67 78 1
67 98 -1
67 751 1
68 102 1
68 106 -1
68 108 -1
68 323 1
69 102 -1
69 103 1
69 111 1
69 325 -1
70 111 -1
70 112 1
70 113 -1
70 329 -1
71 107 -1
71 108 1
71 112 -1
71 327 -1
72 113 1
72 115 -1
72 116 -1
72 973 -1
73 103 -1
73 104 1
73 114 1
73 808 1
74 116 1
74 118 -1
74 119 -1
74 815 -1
75 114 -1
75 115 1
75 119 1
75 812 1
76 107 1
76 110 -1
76 117 1
76 903 1
77 117 -1
77 118 1
77 121 -1
77 820 -1
78 105 -1
78 106 1
78 109 1
78 899 1
79 109 -1
79 110 1
79 122 -1
79 904 1
80 120 -1
80 121 1
80 122 1
80 819 1
81 104 -1
81 105 1
81 120 1
81 807 -1
82 125 -1
82 126 1
82 129 1
82 398 -1
83 129 -1
83 130 1
83 132 -1
83 402 -1
84 139 1
84 142 -1
84 143 1
84 761 1
85 143 -1
85 144 1
85 146 1
85 760 -1
86 132 1
86 134 -1
86 136 -1
86 407 -1
87 135 -1
87 136 1
87 146 -1
87 774 -1
88 124 -1
88 125 1
88 133 1
88 395 1
89 123 -1
89 124 1
89 140 -1
89 1024 1
90 139 -1
90 140 1
90 145 -1
90 1026 -1
91 144 -1
91 145 1
91 148 1
91 935 -1
92 133 -1
92 134 1
92 148 -1
92 403 1
93 123 1
93 128 -1
93 141 1
93 788 -1
94 141 -1
94 142 1
94 147 -1
94 765 1
95 135 1
95 138 -1
95 147 1
95 767 1
96 126 -1
96 127 1
96 131 -1
96 1051 1
97 127 -1
97 128 1
97 149 -1
97 789 1
98 137 -1
98 138 1
98 149 1
98 799 1
99 130 -1
99 131 1
99 137 1
99 1033 -1
100 150 -1
100 151 1
100 164 -1
100 957 -1
101 158 -1
101 159 1
101 163 1
101 636 1
102 159 -1
102 160 1
102 166 1
102 639 -1
103 163 -1
103 164 1
103 166 -1
103 930 1
104 157 -1
104 158 1
104 165 -1
104 255 1
105 151 -1
105 152 1
105 165 1
105 241 1
106 167 -1
106 168 1
106 172 -1
106 963 -1
107 150 1
107 154 -1
107 167 1
107 958 1
108 156 -1
108 157 1
108 174 1
108 251 -1
109 155 1
109 162 -1
109 170 1
109 642 1
110 155 -1
110 156 1
110 178 -1
110 641 -1
111 174 -1
111 175 1
111 178 1
111 252 1
112 152 -1
112 153 1
112 176 -1
112 240 -1
113 153 -1
113 154 1
113 177 1
113 547 -1
114 171 -1
114 172 1
114 177 -1
114 551 -1
115 170 -1
115 171 1
115 179 -1
115 549 -1
116 175 -1
116 176 1
116 179 1
116 260 1
117 168 -1
117 169 1
117 173 1
117 802 -1
118 161 -1
118 162 1
118 173 -1
118 645 1
119 160 -1
119 161 1
119 169 -1
119 644 -1
120 180 1
120 184 -1
120 186 1
120 556 -1
121 180 -1
121 181 1
121 185 -1
121 609 1
122 185 1
122 188 -1
122 194 1
122 465 1
123 189 -1
123 190 1
123 193 1
123 460 1
124 186 -1
124 187 1
124 190 -1
124 568 -1
125 187 -1
125 188 1
125 193 -1
125 459 -1
126 189 1
126 192 -1
126 196 -1
126 467 1
127 181 -1
127 182 1
127 197 -1
127 594 1
128 199 -1
128 200 1
128 203 1
128 604 -1
129 194 -1
129 195 1
129 198 1
129 304 -1
130 195 -1
130 196 1
130 205 -1
130 301 1
131 198 -1
131 199 1
131 209 1
131 309 1
132 182 -1
132 183 1
132 208 -1
132 651 -1
133 183 -1
133 184 1
133 191 1
133 557 1
134 191 -1
134 192 1
134 206 1
134 569 -1
135 197 1
135 202 -1
135 208 1
135 600 -1
136 203 -1
136 204 1
136 210 -1
136 661 -1
137 204 -1
137 205 1
137 211 1
137 315 1
138 209 -1
138 210 1
138 211 -1
138 311 -1
139 206 -1
139 207 1
139 212 1
139 662 -1
140 200 -1
140 201 1
140 207 -1
140 616 1
141 201 -1
141 202 1
141 212 -1
141 617 1
142 224 -1
142 225 1
142 228 -1
142 654 -1
143 217 -1
143 218 1
143 221 -1
143 677 1
144 227 -1
144 228 1
144 232 1
144 655 1
145 223 -1
145 224 1
145 229 1
145 571 1
146 227 1
146 231 -1
146 233 1
146 464 -1
147 214 -1
147 215 1
147 222 1
147 832 1
148 222 -1
148 223 1
148 237 -1
148 563 -1
149 229 -1
149 230 1
149 236 1
149 570 -1
150 230 -1
150 231 1
150 238 -1
150 461 -1
151 233 -1
151 234 1
151 238 1
151 462 1
152 220 -1
152 221 1
152 234 -1
152 679 1
153 216 -1
153 217 1
153 220 1
153 1065 -1
154 215 -1
154 216 1
154 239 -1
154 831 -1
155 236 -1
155 237 1
155 239 1
155 564 1
156 213 -1
156 214 1
156 226 -1
156 885 1
157 218 -1
157 219 1
157 235 1
157 678 -1
158 241 -1
158 242 1
158 245 1
158 1002 -1
159 250 1
159 254 -1
159 256 1
159 446 1
160 247 -1
160 248 1
160 256 -1
160 442 -1
161 250 -1
161 251 1
161 259 -1
161 448 1
162 245 -1
162 246 1
162 255 -1
162 633 1
163 246 -1
163 247 1
163 259 1
163 443 1
164 253 -1
164 254 1
164 258 -1
164 284 1
165 252 -1
165 253 1
165 261 -1
165 280 1
166 240 1
166 244 -1
166 262 -1
166 269 -1
167 260 -1
167 261 1
167 262 1
167 277 -1
168 242 -1
168 243 1
168 249 -1
168 693 1
169 243 -1
169 244 1
169 263 1
169 270 1
170 257 -1
170 258 1
170 263 -1
170 290 1
171 248 -1
171 249 1
171 257 1
171 695 1
172 264 -1
172 265 1
172 268 1
173 268 -1
173 269 1
173 272 -1
173 545 1
174 276 -1
174 277 1
174 279 -1
174 352 -1
175 271 -1
175 272 1
175 276 1
175 345 -1
176 264 1
176 267 -1
176 273 1
176 890 -1
177 278 1
177 280 -1
177 285 -1
177 895 1
178 278 -1
178 279 1
178 283 -1
178 353 1
179 271 1
179 275 -1
179 281 1
179 346 1
180 273 -1
180 274 1
180 286 -1
180 892 -1
181 274 -1
181 275 1
181 289 1
181 502 1
182 281 -1
182 282 1
182 289 -1
182 349 -1
183 282 -1
183 283 1
183 286 1
183 351 -1
184 284 -1
184 285 1
184 288 -1
184 896 -1
185 265 -1
185 266 1
185 270 -1
185 690 1
186 266 -1
186 267 1
186 287 1
186 689 -1
187 287 -1
187 288 1
187 290 -1
187 697 1
188 291 -1
188 292 1
188 296 1
188 503 -1
189 296 -1
189 297 1
189 305 -1
189 507 -1
190 297 -1
190 298 1
190 303 -1
190 455 1
191 292 -1
191 293 1
191 300 -1
191 755 1
192 302 -1
192 303 1
192 308 1
192 463 1
193 305 1
193 307 -1
193 308 -1
193 511 1
194 301 -1
194 302 1
194 312 -1
194 466 -1
195 312 1
195 314 -1
195 315 -1
195 656 1
196 298 -1
196 299 1
196 304 1
196 457 -1
197 299 -1
197 300 1
197 309 -1
197 591 -1
198 291 1
198 295 -1
198 306 1
198 504 1
199 306 -1
199 307 1
199 313 1
199 512 -1
200 313 -1
200 314 1
200 316 1
200 664 1
201 293 -1
201 294 1
201 310 1
201 703 1
202 294 -1
202 295 1
202 318 -1
202 702 -1
203 316 -1
203 317 1
203 318 1
203 667 -1
204 310 -1
204 311 1
204 317 -1
204 676 1
205 319 -1
205 320 1
205 323 -1
205 897 1
206 319 1
206 322 -1
206 324 1
206 716 -1
207 324 -1
207 325 1
207 333 -1
207 718 -1
208 328 -1
208 329 1
208 333 1
208 725 1
209 320 -1
209 321 1
209 326 1
209 576 1
210 326 -1
210 327 1
210 330 1
210 588 1
211 328 1
211 332 -1
211 334 1
211 724 -1
212 330 -1
212 331 1
212 335 -1
212 589 1
213 331 -1
213 332 1
213 337 1
213 987 1
214 335 1
214 336 -1
214 337 -1
214 590 -1
215 338 1
215 344 -1
215 346 -1
215 501 1
216 338 -1
216 339 1
216 349 1
216 500 -1
217 339 -1
217 340 1
217 350 1
217 1063 1
218 353 -1
218 354 1
218 358 1
218 894 1
219 350 -1
219 351 1
219 358 -1
219 893 -1
220 352 1
220 357 -1
220 360 -1
220 549 1
221 340 -1
221 341 1
221 359 1
221 845 1
222 354 -1
222 355 1
222 359 -1
222 850 -1
223 345 1
223 348 -1
223 364 -1
223 492 -1
224 360 1
224 363 -1
224 364 1
224 496 -1
225 356 -1
225 357 1
225 361 1
225 951 -1
226 355 -1
226 356 1
226 365 -1
226 856 1
227 341 -1
227 342 1
227 365 1
227 847 -1
228 343 -1
228 344 1
228 347 1
228 1051 -1
229 347 -1
229 348 1
229 366 -1
229 489 1
230 362 -1
230 363 1
230 366 1
230 493 1
231 361 -1
231 362 1
231 367 -1
231 1043 1
232 342 -1
232 343 1
232 367 1
232 1052 1
233 368 -1
233 369 1
233 373 1
233 1015 -1
234 374 -1
234 375 1
234 381 1
234 1032 1
235 381 -1
235 382 1
235 387 -1
235 932 -1
236 368 1
236 372 -1
236 385 -1
236 1016 1
237 379 -1
237 380 1
237 385 1
237 1019 -1
238 369 -1
238 370 1
238 377 -1
238 830 1
239 370 -1
239 371 1
239 391 1
239 835 -1
240 371 -1
240 372 1
240 390 1
240 992 -1
241 378 -1
241 379 1
241 390 -1
241 999 1
242 378 1
242 384 -1
242 391 -1
242 841 -1
243 375 -1
243 376 1
243 386 1
243 1022 1
244 376 -1
244 377 1
244 393 -1
244 837 1
245 386 -1
245 387 1
245 388 1
245 933 1
246 382 -1
246 383 1
246 389 -1
246 653 1
247 383 -1
247 384 1
247 392 1
247 650 -1
248 392 -1
248 393 1
248 394 1
248 648 -1
249 388 -1
249 389 1
249 394 -1
249 649 1
250 395 -1
250 396 1
250 405 -1
250 1023 -1
251 404 -1
251 405 1
251 411 -1
251 606 -1
252 403 -1
252 404 1
252 408 1
252 611 -1
253 397 -1
253 398 1
253 399 1
253 755 -1
254 396 -1
254 397 1
254 410 1
254 756 1
255 410 -1
255 411 1
255 412 -1
255 601 1
256 399 -1
256 400 1
256 412 1
256 591 1
257 400 -1
257 401 1
257 413 -1
257 593 -1
258 408 -1
258 409 1
258 413 1
258 612 1
259 406 -1
259 407 1
259 409 -1
259 933 -1
260 401 -1
260 402 1
260 406 1
260 1022 -1
261 419 -1
261 420 1
261 422 1
261 816 1
262 414 -1
262 415 1
262 420 -1
262 923 -1
263 414 1
263 417 -1
263 425 1
263 745 -1
264 425 -1
264 426 1
264 429 -1
264 749 1
265 422 -1
265 423 1
265 426 -1
265 818 -1
266 418 -1
266 419 1
266 424 -1
266 813 -1
267 423 -1
267 424 1
267 432 1
267 814 1
268 432 -1
268 433 1
268 435 -1
268 978 -1
269 428 -1
269 429 1
269 433 -1
269 750 -1
270 427 -1
270 428 1
270 436 -1
270 753 -1
271 434 -1
271 435 1
271 436 1
271 829 -1
272 415 -1
272 416 1
272 421 1
272 682 1
273 430 -1
273 431 1
273 437 1
273 684 -1
274 416 -1
274 417 1
274 430 1
274 681 -1
275 438 1
275 440 -1
275 441 1
275 846 -1
276 447 1
276 450 -1
276 452 -1
276 855 -1
277 445 1
277 446 -1
277 447 -1
277 854 1
278 441 -1
278 442 1
278 445 -1
278 848 -1
279 439 -1
279 440 1
279 453 1
279 847 1
280 438 -1
280 439 1
280 444 -1
280 1055 1
281 443 -1
281 444 1
281 454 1
281 635 -1
282 448 -1
282 449 1
282 454 -1
282 640 1
283 449 -1
283 450 1
283 451 1
283 950 1
284 451 -1
284 452 1
284 453 -1
284 856 -1
285 455 -1
285 456 1
285 462 -1
285 679 -1
286 463 -1
286 464 1
286 466 1
286 655 -1
287 460 -1
287 461 1
287 467 -1
287 570 1
288 456 -1
288 457 1
288 458 1
288 592 1
289 458 -1
289 459 1
289 465 -1
289 613 1
290 469 -1
290 470 1
290 474 1
290 580 -1
291 474 -1
291 475 1
291 479 -1
291 584 -1
292 475 -1
292 476 1
292 480 1
292 744 1
293 468 -1
293 469 1
293 478 1
293 581 1
294 480 -1
294 481 1
294 482 -1
294 750 1
295 478 -1
295 479 1
295 481 -1
295 585 1
296 470 -1
296 471 1
296 477 -1
296 918 1
297 476 -1
297 477 1
297 483 1
297 746 -1
298 468 1
298 473 -1
298 486 1
298 982 1
299 482 1
299 485 -1
299 486 -1
299 754 1
300 471 -1
300 472 1
300 487 1
300 823 1
301 472 -1
301 473 1
301 488 -1
301 822 -1
302 484 -1
302 485 1
302 488 1
302 752 1
303 483 -1
303 484 1
303 487 -1
303 747 1
304 490 -1
304 491 1
304 497 -1
304 905 -1
305 494 -1
305 495 1
305 497 1
305 907 1
306 489 -1
306 490 1
306 498 1
306 906 1
307 493 -1
307 494 1
307 498 -1
307 913 1
308 491 -1
308 492 1
308 499 -1
308 548 1
309 495 -1
309 496 1
309 499 1
309 550 1
310 500 1
310 501 -1
310 502 -1
310 1072 1
311 503 1
311 505 -1
311 506 1
311 918 -1
312 506 -1
312 507 1
312 510 -1
312 680 1
313 504 -1
313 505 1
313 508 1
313 823 -1
314 508 -1
314 509 1
314 512 1
314 827 -1
315 509 -1
315 510 1
315 511 -1
315 683 1
316 519 -1
316 520 1
316 524 1
316 874 -1
317 515 -1
317 516 1
317 523 1
317 865 -1
318 520 -1
318 521 1
318 523 -1
318 869 1
319 514 -1
319 515 1
319 525 -1
319 866 1
320 524 -1
320 525 1
320 528 -1
320 871 1
321 513 1
321 517 -1
321 529 1
321 995 -1
322 513 -1
322 514 1
322 534 1
322 882 1
323 518 -1
323 519 1
323 526 1
323 937 1
324 518 1
324 522 -1
324 533 -1
324 938 -1
325 527 -1
325 528 1
325 536 -1
325 651 1
326 526 -1
326 527 1
326 539 -1
326 652 -1
327 534 -1
327 535 1
327 537 1
327 573 -1
328 535 -1
328 536 1
328 542 -1
328 557 -1
329 539 1
329 541 -1
329 542 1
329 558 1
330 529 -1
330 530 1
330 538 -1
330 840 -1
331 530 -1
331 531 1
331 543 1
331 567 -1
332 537 -1
332 538 1
332 543 -1
332 561 1
333 532 -1
333 533 1
333 540 1
333 939 -1
334 531 -1
334 532 1
334 544 -1
334 575 1
335 540 -1
335 541 1
335 544 1
335 574 -1
336 545 -1
336 546 1
336 548 -1
336 1068 1
337 546 -1
337 547 1
337 552 1
337 1067 -1
338 550 -1
338 551 1
338 552 -1
338 1042 1
339 556 1
339 560 -1
339 565 -1
339 648 1
340 553 1
340 555 -1
340 562 -1
340 833 1
341 564 -1
341 565 1
341 568 1
341 838 1
342 553 -1
342 554 1
342 563 1
342 832 -1
343 554 -1
343 555 1
343 572 -1
343 877 1
344 569 1
344 571 -1
344 572 1
344 658 1
345 561 -1
345 562 1
345 573 1
345 839 1
346 558 -1
346 559 1
346 574 1
346 653 -1
347 559 -1
347 560 1
347 566 1
347 650 1
348 566 -1
348 567 1
348 575 -1
348 841 1
349 577 -1
349 578 1
349 580 1
350 576 -1
350 577 1
350 583 1
350 898 -1
351 583 -1
351 584 1
351 587 -1
351 902 -1
352 586 -1
352 587 1
352 588 -1
352 903 -1
353 585 -1
353 586 1
353 589 -1
353 986 -1
354 578 -1
354 579 1
354 582 -1
354 1056 1
355 581 -1
355 582 1
355 590 1
355 981 -1
356 601 -1
356 602 1
356 605 1
356 758 -1
357 597 -1
357 598 1
357 605 -1
357 1050 1
358 596 -1
358 597 1
358 606 1
358 1025 1
359 595 -1
359 596 1
359 611 1
359 936 1
360 594 -1
360 595 1
360 610 -1
360 652 1
361 609 -1
361 610 1
361 612 -1
361 649 -1
362 598 -1
362 599 1
362 608 -1
362 876 -1
363 592 -1
363 593 1
363 613 -1
363 1021 1
364 599 -1
364 600 1
364 615 -1
364 871 -1
365 602 -1
365 603 1
365 607 1
365 759 -1
366 603 -1
366 604 1
366 616 -1
366 663 1
367 614 -1
367 615 1
367 617 -1
367 872 1
368 607 -1
368 608 1
368 614 1
368 875 -1
369 618 -1
369 619 1
369 623 1
369 1066 -1
370 618 1
370 621 -1
370 626 -1
370 1057 -1
371 619 -1
371 620 1
371 622 -1
371 1048 1
372 620 -1
372 621 1
372 627 1
372 1047 -1
373 622 1
373 625 -1
373 627 -1
373 1049 1
374 626 1
374 629 -1
374 630 1
374 983 -1
375 624 -1
375 625 1
375 628 1
375 1058 1
376 628 -1
376 629 1
376 632 -1
376 987 -1
377 630 -1
377 631 1
377 632 1
377 984 1
378 623 -1
378 624 1
378 631 -1
378 1059 1
379 633 -1
379 634 1
379 636 -1
379 927 1
380 640 -1
380 641 1
380 643 -1
380 950 -1
381 634 -1
381 635 1
381 637 1
381 926 -1
382 642 -1
382 643 1
382 646 -1
382 951 1
383 638 -1
383 639 1
383 644 1
383 797 -1
384 637 -1
384 638 1
384 647 1
384 794 -1
385 645 -1
385 646 1
385 647 -1
385 795 1
386 654 1
386 656 -1
386 657 -1
386 665 -1
387 657 1
387 659 -1
387 660 1
387 672 -1
388 658 -1
388 659 1
388 662 1
388 883 -1
389 660 -1
389 661 1
389 663 -1
389 673 1
390 666 -1
390 667 1
390 668 -1
390 708 1
391 668 1
391 670 -1
391 674 -1
391 709 -1
392 671 -1
392 672 1
392 675 1
392 888 1
393 669 -1
393 670 1
393 671 1
393 955 1
394 673 -1
394 674 1
394 676 -1
394 710 -1
395 677 -1
395 678 1
395 682 -1
395 1000 1
396 683 -1
396 684 1
396 685 -1
396 748 -1
397 680 -1
397 681 1
397 685 1
397 746 1
398 686 1
398 690 -1
398 693 -1
399 686 -1
399 687 1
399 691 1
400 687 -1
400 688 1
400 692 -1
400 844 1
401 694 1
401 695 -1
401 696 -1
401 848 1
402 691 -1
402 692 1
402 694 -1
402 846 1
403 688 -1
403 689 1
403 698 1
403 843 -1
404 696 1
404 697 -1
404 698 -1
404 851 -1
405 700 -1
405 701 1
405 704 -1
405 1036 1
406 701 -1
406 702 1
406 708 -1
406 821 1
407 704 1
407 707 -1
407 709 1
407 953 -1
408 699 -1
408 700 1
408 705 1
408 1054 -1
409 699 1
409 703 -1
409 713 1
409 757 -1
410 710 1
410 712 -1
410 713 -1
410 759 1
411 706 -1
411 707 1
411 711 1
411 867 -1
412 705 -1
412 706 1
412 714 -1
412 868 1
413 711 -1
413 712 1
413 714 1
413 875 1
414 715 -1
414 716 1
414 717 1
415 719 -1
415 720 1
415 723 -1
415 1049 -1
416 717 -1
416 718 1
416 722 -1
416 1034 1
417 721 -1
417 722 1
417 725 -1
417 1035 1
418 720 -1
418 721 1
418 724 1
418 1058 -1
419 727 -1
419 728 1
419 737 1
419 860 1
420 733 -1
420 734 1
420 738 -1
420 972 -1
421 737 -1
421 738 1
421 741 -1
421 864 1
422 728 -1
422 729 1
422 741 1
422 859 -1
423 726 1
423 731 -1
423 736 -1
423 886 1
424 726 -1
424 727 1
424 740 -1
424 885 -1
425 730 -1
425 731 1
425 732 1
425 1034 -1
426 732 -1
426 733 1
426 742 -1
426 969 1
427 729 -1
427 730 1
427 742 1
427 968 -1
428 734 -1
428 735 1
428 739 1
428 954 1
429 735 -1
429 736 1
429 743 -1
429 887 1
430 739 -1
430 740 1
430 743 1
430 888 -1
431 744 -1
431 745 1
431 749 -1
431 924 1
432 747 -1
432 748 1
432 751 -1
432 827 1
433 752 -1
433 753 1
433 754 -1
433 828 -1
434 756 -1
434 757 1
434 758 1
434 1053 1
435 761 -1
435 762 1
435 765 -1
435 793 1
436 760 1
436 764 -1
436 770 1
436 935 1
437 763 -1
437 764 1
437 776 1
437 945 -1
438 770 -1
438 771 1
438 776 -1
438 934 -1
439 771 -1
439 772 1
439 777 1
439 938 1
440 772 -1
440 773 1
440 778 1
440 939 1
441 773 -1
441 774 1
441 775 -1
441 932 1
442 778 -1
442 779 1
442 780 -1
442 999 -1
443 780 1
443 782 -1
443 783 1
443 965 1
444 783 -1
444 784 1
444 785 -1
444 931 -1
445 766 1
445 769 -1
445 785 1
445 797 1
446 768 -1
446 769 1
446 786 -1
446 801 1
447 781 -1
447 782 1
447 786 1
447 917 1
448 787 1
448 790 -1
448 791 1
448 1055 -1
449 791 -1
449 792 1
449 794 1
449 926 1
450 789 -1
450 790 1
450 796 -1
450 1052 -1
451 795 -1
451 796 1
451 798 -1
451 1043 -1
452 798 1
452 800 -1
452 803 -1
452 913 -1
453 801 -1
453 802 1
453 803 1
453 914 1
454 804 -1
454 805 1
454 811 -1
454 859 1
455 805 -1
455 806 1
455 809 1
455 858 -1
456 810 -1
456 811 1
456 813 1
456 862 1
457 809 -1
457 810 1
457 816 -1
457 861 -1
458 806 -1
458 807 1
458 817 1
458 919 -1
459 804 1
459 808 -1
459 812 -1
459 968 1
460 817 -1
460 818 1
460 819 -1
460 925 1
461 814 -1
461 815 1
461 820 1
461 974 1
462 821 -1
462 822 1
462 824 1
462 1037 -1
463 824 -1
463 825 1
463 828 1
463 985 -1
464 825 -1
464 826 1
464 829 1
464 979 1
465 830 -1
465 831 1
465 836 -1
465 1065 1
466 836 1
466 837 -1
466 838 -1
466 1021 -1
467 833 -1
467 834 1
467 839 -1
467 880 -1
468 834 -1
468 835 1
468 840 1
468 993 1
469 842 1
469 844 -1
469 845 -1
469 1060 1
470 842 -1
470 843 1
470 849 1
470 889 1
471 851 1
471 853 -1
471 854 -1
471 896 1
472 852 -1
472 853 1
472 855 1
472 895 -1
473 849 -1
473 850 1
473 852 1
473 894 -1
474 857 -1
474 858 1
474 861 1
474 920 1
475 857 1
475 860 -1
475 863 -1
475 1001 1
476 862 -1
476 863 1
476 864 -1
476 977 -1
477 866 -1
477 867 1
477 872 -1
477 881 -1
478 865 1
478 868 -1
478 870 -1
478 1008 1
479 873 -1
479 874 1
479 876 1
479 941 -1
480 869 -1
480 870 1
480 873 1
480 947 -1
481 878 -1
481 879 1
481 881 1
481 952 -1
482 877 -1
482 878 1
482 883 1
482 884 -1
483 879 -1
483 880 1
483 882 -1
483 1073 1
484 884 1
484 886 -1
484 887 -1
484 952 1
485 889 -1
485 890 1
485 891 1
485 1062 -1
486 891 -1
486 892 1
486 893 1
486 1064 -1
487 897 -1
487 898 1
487 900 -1
488 899 -1
488 900 1
488 901 1
488 989 -1
489 901 -1
489 902 1
489 904 -1
489 990 -1
490 907 -1
490 908 1
490 912 -1
490 1042 -1
491 908 -1
491 909 1
491 910 1
491 1020 1
492 911 -1
492 912 1
492 914 -1
492 963 1
493 910 -1
493 911 1
493 915 1
493 964 -1
494 915 -1
494 916 1
494 917 -1
494 967 -1
495 919 1
495 921 -1
495 922 -1
495 989 1
496 920 -1
496 921 1
496 923 1
496 1000 -1
497 922 1
497 924 -1
497 925 -1
497 990 1
498 927 -1
498 928 1
498 930 -1
498 962 1
499 928 -1
499 929 1
499 931 1
499 961 -1
500 934 1
500 936 -1
500 937 -1
500 942 1
501 940 1
501 942 -1
501 943 1
501 1025 -1
502 940 -1
502 941 1
502 949 -1
502 1050 -1
503 946 -1
503 947 1
503 949 1
503 1009 -1
504 943 -1
504 944 1
504 946 1
504 1010 1
505 944 -1
505 945 1
505 948 -1
505 1012 -1
506 953 1
506 954 -1
506 955 -1
506 1038 1
507 956 1
507 960 -1
507 961 1
507 1069 -1
508 956 -1
508 957 1
508 962 -1
508 1002 1
509 958 -1
509 959 1
509 964 1
509 1017 1
510 959 -1
510 960 1
510 966 -1
510 1016 -1
511 965 -1
511 966 1
511 967 1
511 1019 1
512 969 -1
512 970 1
512 973 1
512 1035 -1
513 974 -1
513 975 1
513 978 1
513 986 1
514 975 -1
514 976 1
514 979 -1
514 988 -1
515 970 -1
515 971 1
515 976 -1
515 1039 1
516 971 -1
516 972 1
516 980 -1
516 1038 -1
517 981 1
517 982 -1
517 983 1
517 1057 1
518 984 -1
518 985 1
518 988 1
518 1041 1
519 994 -1
519 995 1
519 997 1
519 1030 -1
520 991 1
520 993 -1
520 997 -1
520 1027 1
521 994 1
521 996 -1
521 998 -1
521 1031 1
522 991 -1
522 992 1
522 998 1
522 1029 -1
523 1003 -1
523 1004 1
523 1008 -1
523 1054 1
524 1004 -1
524 1005 1
524 1009 1
524 1053 -1
525 1005 -1
525 1006 1
525 1010 -1
525 1023 1
526 1006 -1
526 1007 1
526 1011 1
526 1024 -1
527 1011 -1
527 1012 1
527 1013 1
527 1026 1
528 1014 -1
528 1015 1
528 1018 1
528 1068 -1
529 1014 1
529 1017 -1
529 1020 -1
529 1067 1
530 1027 -1
530 1028 1
530 1030 1
530 1073 -1
531 1028 -1
531 1029 1
531 1031 -1
531 1069 1
532 1036 -1
532 1037 1
532 1040 -1
532 1066 1
533 1039 -1
533 1040 1
533 1041 -1
533 1059 -1
534 1044 1
534 1046 -1
534 1048 -1
535 1045 -1
535 1046 1
535 1047 1
535 1056 -1
536 1060 -1
536 1061 1
536 1063 -1
536 1071 1
537 1061 -1
537 1062 1
537 1064 1
537 1070 -1
538 1070 1
538 1071 -1
538 1072 -1
