0 0 1
0 5 1
0 546 -1
1 0 1
1 3 1
1 625 -1
2 0 1
2 7 1
2 381 -1
3 0 1
3 1 -1
4 1 1
4 8 1
4 534 -1
5 1 1
5 9 1
5 227 -1
6 1 1
6 5 1
6 547 -1
7 1 1
7 7 1
7 382 -1
8 1 1
8 11 1
8 478 -1
9 1 1
9 10 1
9 630 -1
10 2 1
10 5 1
10 551 1
11 2 1
11 6 1
11 496 1
12 2 1
12 4 1
12 368 -1
13 2 1
13 7 1
13 384 1
14 2 1
14 3 1
14 626 -1
15 3 1
15 5 -1
15 552 -1
16 3 1
16 7 -1
16 383 -1
17 4 1
17 8 -1
17 375 1
18 4 1
18 6 -1
18 374 1
19 4 1
19 7 -1
19 370 -1
20 4 1
20 11 -1
20 379 1
21 4 1
21 10 -1
21 377 1
22 5 1
22 6 -1
22 493 -1
23 5 1
23 9 -1
23 232 -1
24 6 1
24 8 -1
24 497 1
25 6 1
25 9 -1
25 228 -1
26 7 1
26 11 -1
26 386 1
27 8 1
27 9 -1
27 231 -1
28 8 1
28 10 -1
28 537 1
29 10 1
29 11 -1
29 482 -1
30 12 1
30 14 1
30 586 -1
31 12 1
31 13 -1
32 12 1
32 15 -1
32 340 -1
33 12 1
33 17 1
33 134 -1
34 12 1
34 18 1
34 258 -1
35 12 1
35 16 1
35 603 -1
36 13 1
36 14 1
36 588 -1
37 13 1
37 15 -1
37 342 -1
38 14 1
38 15 1
38 344 -1
39 14 1
39 16 -1
39 589 -1
40 15 1
40 16 1
40 343 -1
41 15 1
41 17 1
41 139 1
42 16 1
42 17 -1
42 141 -1
43 16 1
43 18 -1
43 265 -1
44 17 1
44 18 -1
44 140 1
45 19 1
45 21 -1
45 601 -1
46 19 1
46 24 1
46 157 -1
47 19 1
47 22 -1
47 554 -1
48 19 1
48 23 1
48 620 -1
49 19 1
49 20 1
49 462 -1
50 19 1
50 26 1
50 593 -1
51 19 1
51 25 -1
51 571 -1
52 20 1
52 21 1
52 467 -1
53 20 1
53 22 1
53 466 1
54 20 1
54 23 -1
54 463 1
55 20 1
55 26 -1
55 468 1
56 20 1
56 28 -1
56 391 -1
57 20 1
57 27 1
57 380 -1
58 21 1
58 22 -1
58 555 -1
59 21 1
59 24 1
59 158 1
60 21 1
60 25 -1
60 572 1
61 21 1
61 27 -1
61 376 1
62 22 1
62 23 1
62 558 1
63 22 1
63 24 1
63 159 1
64 25 1
64 26 1
64 573 -1
65 25 1
65 28 1
65 389 -1
66 25 1
66 27 -1
66 372 1
67 26 1
67 28 -1
67 387 1
68 27 1
68 28 1
68 370 1
69 29 1
69 31 1
69 627 -1
70 29 1
70 36 -1
70 87 -1
71 29 1
71 32 -1
71 539 -1
72 30 1
72 33 -1
72 310 1
73 30 1
73 38 1
73 447 -1
74 30 1
74 36 1
74 91 -1
75 30 1
75 37 1
75 320 -1
76 30 1
76 34 1
76 185 1
77 30 1
77 41 -1
77 361 1
78 30 1
78 35 1
78 403 -1
79 31 1
79 36 1
79 97 1
80 31 1
80 38 1
80 448 -1
81 31 1
81 33 -1
81 316 -1
82 31 1
82 39 1
82 579 -1
83 31 1
83 40 1
83 522 -1
84 31 1
84 32 1
84 541 -1
85 32 1
85 36 -1
85 98 1
86 32 1
86 37 -1
86 323 -1
87 32 1
87 34 -1
87 177 1
88 32 1
88 40 -1
88 519 1
89 33 1
89 38 1
89 314 1
90 33 1
90 35 1
90 311 1
91 33 1
91 39 1
91 312 1
92 34 1
92 40 -1
92 182 -1
93 34 1
93 37 -1
93 186 1
94 34 1
94 41 1
94 180 1
95 34 1
95 35 -1
95 183 1
96 35 1
96 39 -1
96 402 -1
97 35 1
97 40 -1
97 407 1
98 35 1
98 41 1
98 358 1
99 36 1
99 37 -1
99 92 -1
100 36 1
100 38 -1
100 89 -1
101 39 1
101 40 -1
101 523 1
102 42 1
102 44 1
102 135 -1
103 42 1
103 45 1
103 574 -1
104 42 1
104 48 1
104 392 -1
105 42 1
105 50 1
105 530 -1
106 42 1
106 43 -1
106 457 -1
107 43 1
107 46 -1
107 459 -1
108 43 1
108 44 1
108 136 1
109 43 1
109 50 1
109 461 -1
110 43 1
110 49 1
110 460 -1
111 44 1
111 45 -1
111 138 1
112 44 1
112 46 1
112 137 1
113 45 1
113 46 1
113 576 1
114 45 1
114 48 -1
114 398 1
115 45 1
115 47 -1
115 518 1
116 46 1
116 47 1
116 517 -1
117 46 1
117 49 1
117 543 -1
118 46 1
118 48 1
118 399 1
119 47 1
119 48 -1
119 394 -1
120 48 1
120 50 -1
120 397 1
121 48 1
121 49 -1
121 400 -1
122 49 1
122 50 -1
122 532 -1
123 51 1
123 55 -1
123 625 -1
124 51 1
124 59 -1
124 562 -1
125 51 1
125 53 -1
125 167 -1
126 51 1
126 52 -1
127 51 1
127 61 1
127 592 -1
128 51 1
128 60 1
128 381 -1
129 52 1
129 53 -1
129 168 -1
130 52 1
130 54 1
130 571 -1
131 52 1
131 61 1
131 593 -1
132 53 1
132 54 1
132 170 1
133 53 1
133 59 -1
133 169 1
134 53 1
134 58 1
134 171 -1
135 54 1
135 57 -1
135 372 -1
136 54 1
136 58 -1
136 483 -1
137 54 1
137 61 -1
137 573 1
138 54 1
138 60 -1
138 389 1
139 55 1
139 56 -1
139 626 1
140 55 1
140 59 -1
140 566 -1
141 55 1
141 60 1
141 383 1
142 55 1
142 57 1
142 369 -1
143 56 1
143 57 1
143 368 -1
144 56 1
144 58 1
144 488 -1
145 56 1
145 59 -1
145 565 -1
146 57 1
146 58 -1
146 371 -1
147 57 1
147 60 -1
147 370 -1
148 58 1
148 59 1
148 484 1
149 60 1
149 61 -1
149 387 -1
150 62 1
150 65 -1
150 507 -1
151 62 1
151 64 1
151 544 -1
152 62 1
152 68 -1
152 99 -1
153 62 1
153 72 1
153 240 -1
154 62 1
154 69 -1
154 624 -1
155 63 1
155 71 1
155 291 -1
156 63 1
156 70 1
156 289 1
157 63 1
157 68 -1
157 105 1
158 63 1
158 64 1
158 290 -1
159 63 1
159 67 1
159 288 -1
160 63 1
160 65 -1
160 292 -1
161 63 1
161 73 -1
161 295 -1
162 63 1
162 66 1
162 293 -1
163 64 1
163 67 -1
163 480 -1
164 64 1
164 65 1
164 511 1
165 64 1
165 68 1
165 102 1
166 65 1
166 67 1
166 479 1
167 65 1
167 69 -1
167 509 -1
168 65 1
168 66 1
168 512 -1
169 65 1
169 73 -1
169 388 1
170 66 1
170 71 -1
170 499 -1
171 66 1
171 72 -1
171 243 -1
172 66 1
172 69 1
172 583 1
173 66 1
173 73 1
173 390 -1
174 68 1
174 70 1
174 101 1
175 68 1
175 71 1
175 106 1
176 68 1
176 72 1
176 108 1
177 69 1
177 72 1
177 245 -1
178 70 1
178 71 -1
178 498 -1
179 71 1
179 72 -1
179 242 -1
180 74 1
180 75 -1
180 296 -1
181 74 1
181 78 -1
181 271 -1
182 74 1
182 81 -1
182 298 -1
183 74 1
183 84 1
183 299 -1
184 74 1
184 76 -1
184 247 -1
185 75 1
185 78 -1
185 273 -1
186 75 1
186 76 -1
186 249 -1
187 75 1
187 79 1
187 560 1
188 75 1
188 77 1
188 198 1
189 76 1
189 77 1
189 201 1
190 76 1
190 79 1
190 252 1
191 76 1
191 84 1
191 251 1
192 76 1
192 80 -1
192 250 1
193 77 1
193 79 -1
193 196 -1
194 77 1
194 78 1
194 202 1
195 77 1
195 83 1
195 124 1
196 77 1
196 80 1
196 199 1
197 78 1
197 81 -1
197 267 1
198 78 1
198 83 -1
198 131 -1
199 78 1
199 82 -1
199 268 -1
200 78 1
200 80 -1
200 277 1
201 78 1
201 86 1
201 279 1
202 78 1
202 84 1
202 278 -1
203 80 1
203 82 -1
203 309 -1
204 80 1
204 85 1
204 305 1
205 80 1
205 83 -1
205 130 -1
206 80 1
206 84 1
206 307 -1
207 80 1
207 86 1
207 306 1
208 81 1
208 84 1
208 442 1
209 82 1
209 83 -1
209 127 -1
210 82 1
210 85 1
210 317 1
211 83 1
211 85 1
211 129 -1
212 84 1
212 86 -1
212 440 1
213 87 1
213 97 -1
213 627 -1
214 87 1
214 89 1
214 444 -1
215 87 1
215 95 -1
215 408 -1
216 87 1
216 96 -1
216 614 -1
217 87 1
217 88 -1
218 87 1
218 92 1
218 318 -1
219 87 1
219 98 1
219 539 -1
220 88 1
220 96 -1
220 615 -1
221 88 1
221 92 1
221 319 -1
222 89 1
222 95 1
222 412 -1
223 89 1
223 93 1
223 253 -1
224 89 1
224 90 -1
224 303 -1
225 89 1
225 91 -1
225 447 1
226 89 1
226 97 1
226 448 1
227 90 1
227 92 -1
227 304 1
228 90 1
228 91 -1
228 302 -1
229 90 1
229 93 1
229 250 -1
230 90 1
230 96 1
230 308 1
231 90 1
231 94 1
231 199 1
232 91 1
232 92 -1
232 320 -1
233 92 1
233 94 1
233 197 1
234 92 1
234 96 1
234 321 -1
235 92 1
235 98 -1
235 323 -1
236 93 1
236 96 -1
236 252 -1
237 93 1
237 95 -1
237 248 -1
238 94 1
238 96 -1
238 196 -1
239 95 1
239 96 -1
239 411 -1
240 99 1
240 108 -1
240 240 -1
241 99 1
241 102 -1
241 544 -1
242 99 1
242 100 -1
243 99 1
243 109 1
243 327 -1
244 99 1
244 107 -1
244 111 -1
245 100 1
245 102 -1
245 545 -1
246 100 1
246 105 1
246 287 -1
247 100 1
247 104 -1
247 188 -1
248 100 1
248 103 1
248 623 -1
249 100 1
249 109 1
249 328 -1
250 101 1
250 104 -1
250 190 1
251 101 1
251 105 1
251 289 -1
252 101 1
252 106 -1
252 498 1
253 101 1
253 107 -1
253 116 1
254 101 1
254 103 1
254 622 -1
255 102 1
255 105 1
255 290 1
256 103 1
256 104 1
256 189 -1
257 103 1
257 109 -1
257 329 1
258 103 1
258 107 1
258 120 -1
259 104 1
259 105 1
259 193 -1
260 106 1
260 108 -1
260 242 1
261 106 1
261 107 -1
261 114 1
262 107 1
262 108 -1
262 113 1
263 107 1
263 109 1
263 121 -1
264 110 1
264 112 -1
265 110 1
265 111 -1
266 110 1
266 121 1
266 325 -1
267 110 1
267 117 -1
267 449 -1
268 111 1
268 112 -1
269 111 1
269 113 -1
269 240 -1
270 111 1
270 121 1
270 327 -1
271 112 1
271 115 -1
271 144 -1
272 112 1
272 113 -1
272 241 -1
273 112 1
273 117 -1
273 450 -1
274 112 1
274 119 1
274 633 -1
275 112 1
275 118 -1
275 219 -1
276 113 1
276 115 -1
276 151 1
277 113 1
277 114 1
277 242 -1
278 114 1
278 117 1
278 453 -1
279 114 1
279 115 1
279 147 -1
280 114 1
280 116 -1
280 498 1
281 115 1
281 118 -1
281 145 -1
282 115 1
282 119 1
282 146 -1
283 115 1
283 117 -1
283 149 1
284 116 1
284 120 -1
284 622 1
285 116 1
285 117 1
285 455 1
286 117 1
286 119 1
286 452 -1
287 117 1
287 121 1
287 331 -1
288 117 1
288 120 1
288 454 -1
289 118 1
289 119 1
289 220 -1
290 120 1
290 121 -1
290 329 1
291 122 1
291 125 -1
291 221 -1
292 122 1
292 123 -1
293 122 1
293 127 1
293 363 -1
294 122 1
294 133 1
294 332 -1
295 122 1
295 132 1
295 401 -1
296 123 1
296 125 -1
296 222 -1
297 123 1
297 126 1
297 319 -1
298 123 1
298 124 1
298 195 -1
299 123 1
299 131 1
299 266 -1
300 123 1
300 127 1
300 364 -1
301 124 1
301 130 -1
301 199 -1
302 124 1
302 128 1
302 200 1
303 124 1
303 126 -1
303 197 -1
304 124 1
304 131 -1
304 202 -1
305 125 1
305 126 1
305 224 -1
306 125 1
306 132 1
306 225 -1
307 125 1
307 128 -1
307 226 -1
308 126 1
308 128 1
308 320 1
309 127 1
309 131 -1
309 268 1
310 127 1
310 133 -1
310 338 -1
311 127 1
311 129 1
311 317 1
312 128 1
312 130 1
312 302 -1
313 128 1
313 132 1
313 403 1
314 128 1
314 129 -1
314 310 -1
315 129 1
315 130 1
315 305 1
316 129 1
316 132 1
316 311 -1
317 129 1
317 133 1
317 315 1
318 132 1
318 133 -1
318 335 -1
319 134 1
319 135 -1
320 134 1
320 136 1
320 456 -1
321 134 1
321 140 1
321 258 -1
322 134 1
322 139 1
322 340 -1
323 135 1
323 136 1
323 457 -1
324 135 1
324 139 1
324 341 -1
325 135 1
325 138 1
325 574 -1
326 136 1
326 140 -1
326 262 1
327 136 1
327 137 -1
327 459 1
328 137 1
328 139 -1
328 346 1
329 137 1
329 138 -1
329 576 -1
330 137 1
330 140 -1
330 264 -1
331 137 1
331 142 1
331 526 1
332 137 1
332 141 -1
332 606 -1
333 138 1
333 139 -1
333 345 -1
334 139 1
334 141 -1
334 343 1
335 140 1
335 142 1
335 263 1
336 140 1
336 141 -1
336 265 1
337 141 1
337 142 1
337 528 -1
338 143 1
338 145 1
338 218 -1
339 143 1
339 146 1
339 632 -1
340 143 1
340 148 1
340 611 -1
341 143 1
341 152 1
341 418 -1
342 143 1
342 154 1
342 598 -1
343 143 1
343 155 1
343 592 -1
344 143 1
344 144 -1
345 144 1
345 151 1
345 241 -1
346 144 1
346 145 1
346 219 -1
347 144 1
347 155 1
347 593 -1
348 144 1
348 153 1
348 212 -1
349 145 1
349 146 -1
349 220 1
350 146 1
350 148 -1
350 613 1
351 146 1
351 149 1
351 452 -1
352 147 1
352 151 -1
352 242 -1
353 147 1
353 149 1
353 453 -1
354 147 1
354 148 -1
354 500 -1
355 147 1
355 152 -1
355 424 1
356 147 1
356 154 -1
356 501 -1
357 147 1
357 150 -1
357 499 1
358 148 1
358 149 1
358 451 -1
359 148 1
359 152 -1
359 420 -1
360 150 1
360 151 -1
360 243 -1
361 150 1
361 154 -1
361 585 -1
362 150 1
362 155 -1
362 584 -1
363 150 1
363 153 -1
363 213 -1
364 151 1
364 153 -1
364 217 -1
365 152 1
365 154 -1
365 425 1
366 153 1
366 155 -1
366 216 1
367 154 1
367 155 -1
367 594 -1
368 156 1
368 159 1
368 553 -1
369 156 1
369 157 -1
370 156 1
370 163 1
370 408 -1
371 156 1
371 164 1
371 533 -1
372 156 1
372 162 -1
372 629 -1
373 157 1
373 159 1
373 554 -1
374 157 1
374 158 1
374 601 -1
375 157 1
375 160 1
375 571 -1
376 157 1
376 165 1
376 559 -1
377 157 1
377 163 1
377 409 -1
378 158 1
378 164 -1
378 538 -1
379 158 1
379 162 1
379 602 -1
380 158 1
380 159 -1
380 555 1
381 158 1
381 160 -1
381 572 -1
382 158 1
382 161 -1
382 487 -1
383 158 1
383 166 1
383 301 -1
384 158 1
384 163 -1
384 415 -1
385 159 1
385 162 1
385 557 1
386 160 1
386 165 -1
386 561 1
387 160 1
387 161 -1
387 483 -1
388 161 1
388 165 -1
388 490 1
389 161 1
389 166 1
389 300 1
390 162 1
390 164 1
390 537 1
391 163 1
391 164 -1
391 416 1
392 163 1
392 166 1
392 297 1
393 163 1
393 165 -1
393 410 -1
394 165 1
394 166 1
394 296 1
395 167 1
395 169 -1
395 562 -1
396 167 1
396 172 1
396 618 -1
397 167 1
397 174 -1
397 363 -1
398 167 1
398 168 -1
399 168 1
399 174 -1
399 364 -1
400 168 1
400 173 -1
400 266 -1
401 168 1
401 175 -1
401 559 -1
402 168 1
402 170 -1
402 571 -1
403 169 1
403 171 1
403 484 1
404 169 1
404 173 -1
404 272 1
405 169 1
405 172 1
405 564 1
406 170 1
406 175 -1
406 561 -1
407 170 1
407 171 1
407 483 1
408 171 1
408 173 1
408 274 -1
409 171 1
409 175 1
409 490 1
410 172 1
410 174 1
410 365 -1
411 172 1
411 173 1
411 269 -1
412 173 1
412 174 -1
412 268 1
413 173 1
413 175 -1
413 273 -1
414 176 1
414 179 -1
414 474 -1
415 176 1
415 177 1
415 540 -1
416 176 1
416 186 -1
416 319 -1
417 176 1
417 180 -1
417 355 -1
418 177 1
418 182 -1
418 519 -1
419 177 1
419 178 1
419 396 -1
420 177 1
420 179 1
420 476 -1
421 177 1
421 186 1
421 323 1
422 178 1
422 179 -1
422 395 -1
423 178 1
423 181 1
423 400 1
424 178 1
424 182 1
424 394 -1
425 179 1
425 180 -1
425 359 -1
426 179 1
426 181 1
426 477 1
427 180 1
427 183 -1
427 358 -1
428 180 1
428 184 -1
428 360 1
429 180 1
429 181 1
429 357 1
430 180 1
430 186 -1
430 324 1
431 180 1
431 185 -1
431 361 1
432 181 1
432 182 -1
432 521 -1
433 181 1
433 184 1
433 527 1
434 182 1
434 183 1
434 407 1
435 182 1
435 184 1
435 520 -1
436 183 1
436 184 -1
436 406 1
437 185 1
437 186 -1
437 320 1
438 187 1
438 188 -1
439 187 1
439 194 -1
439 598 -1
440 187 1
440 192 -1
440 418 -1
441 188 1
441 192 -1
441 419 -1
442 188 1
442 189 1
442 623 -1
443 188 1
443 193 1
443 287 -1
444 188 1
444 194 -1
444 599 -1
445 189 1
445 192 1
445 422 -1
446 189 1
446 190 -1
446 622 -1
447 190 1
447 192 1
447 423 1
448 190 1
448 193 -1
448 289 1
449 190 1
449 194 1
449 600 -1
450 190 1
450 191 -1
450 498 -1
451 191 1
451 194 1
451 501 -1
452 191 1
452 192 1
452 424 1
453 192 1
453 194 -1
453 425 -1
454 193 1
454 194 1
454 294 -1
455 195 1
455 197 -1
455 319 -1
456 195 1
456 196 1
456 615 -1
457 195 1
457 202 -1
457 266 -1
458 196 1
458 202 1
458 276 -1
459 196 1
459 198 1
459 560 -1
460 196 1
460 201 1
460 252 -1
461 196 1
461 199 1
461 308 -1
462 196 1
462 197 1
462 321 1
463 197 1
463 200 1
463 320 -1
464 197 1
464 199 -1
464 304 1
465 198 1
465 202 -1
465 273 1
466 199 1
466 200 1
466 302 1
467 199 1
467 201 -1
467 250 1
468 203 1
468 208 -1
468 524 -1
469 203 1
469 205 -1
469 259 -1
470 203 1
470 204 -1
471 203 1
471 209 1
471 470 -1
472 203 1
472 211 1
472 401 -1
473 203 1
473 210 1
473 616 -1
474 204 1
474 205 -1
474 260 -1
475 204 1
475 206 1
475 542 -1
476 204 1
476 207 1
476 355 -1
477 204 1
477 209 1
477 471 -1
478 205 1
478 208 -1
478 263 -1
479 205 1
479 206 1
479 261 -1
480 206 1
480 207 -1
480 357 1
481 206 1
481 208 1
481 527 1
482 207 1
482 208 1
482 360 -1
483 207 1
483 209 -1
483 356 1
484 207 1
484 211 -1
484 358 1
485 207 1
485 210 -1
485 362 -1
486 208 1
486 210 1
486 525 -1
487 209 1
487 211 -1
487 404 1
488 210 1
488 211 -1
488 405 1
489 212 1
489 216 1
489 593 -1
490 212 1
490 214 -1
490 462 -1
491 212 1
491 215 -1
491 620 -1
492 212 1
492 217 1
492 241 -1
493 213 1
493 216 -1
493 584 -1
494 213 1
494 214 1
494 465 -1
495 213 1
495 215 1
495 582 1
496 213 1
496 217 -1
496 243 -1
497 214 1
497 215 -1
497 463 -1
498 214 1
498 216 1
498 468 -1
499 215 1
499 217 1
499 244 1
500 218 1
500 220 1
500 632 -1
501 218 1
501 219 -1
502 219 1
502 220 1
502 633 -1
503 221 1
503 222 -1
504 221 1
504 225 1
504 401 -1
505 221 1
505 223 -1
505 470 -1
506 222 1
506 223 -1
506 471 -1
507 222 1
507 224 1
507 319 -1
508 223 1
508 225 1
508 404 -1
509 223 1
509 226 1
509 472 1
510 223 1
510 224 1
510 322 1
511 224 1
511 226 -1
511 320 1
512 225 1
512 226 -1
512 403 1
513 227 1
513 234 1
513 635 -1
514 227 1
514 233 -1
514 439 -1
515 227 1
515 229 1
515 431 -1
516 227 1
516 232 1
516 547 -1
517 227 1
517 231 1
517 534 -1
518 228 1
518 235 -1
518 486 1
519 228 1
519 230 -1
519 491 -1
520 228 1
520 229 -1
520 434 1
521 228 1
521 232 -1
521 493 1
522 228 1
522 231 -1
522 497 1
523 229 1
523 232 -1
523 432 1
524 229 1
524 230 -1
524 436 -1
525 229 1
525 233 1
525 433 -1
526 230 1
526 235 -1
526 485 -1
527 230 1
527 236 -1
527 298 1
528 230 1
528 233 1
528 442 1
529 231 1
529 234 -1
529 536 -1
530 231 1
530 238 1
530 416 -1
531 231 1
531 237 -1
531 255 1
532 231 1
532 239 -1
532 538 1
533 231 1
533 235 -1
533 489 1
534 233 1
534 234 1
534 443 -1
535 233 1
535 237 1
535 251 1
536 233 1
536 236 1
536 299 -1
537 234 1
537 237 -1
537 256 1
538 234 1
538 238 1
538 414 -1
539 235 1
539 236 -1
539 300 1
540 235 1
540 239 -1
540 487 1
541 235 1
541 237 -1
541 254 1
542 236 1
542 237 -1
542 247 -1
543 237 1
543 238 1
543 248 1
544 237 1
544 239 -1
544 257 -1
545 240 1
545 241 -1
546 240 1
546 244 1
546 619 -1
547 240 1
547 245 -1
547 624 -1
548 241 1
548 244 1
548 620 -1
549 242 1
549 243 -1
549 499 1
550 243 1
550 244 -1
550 582 1
551 243 1
551 245 1
551 583 1
552 244 1
552 245 1
552 621 -1
553 246 1
553 248 1
553 408 -1
554 246 1
554 253 1
554 444 -1
555 246 1
555 251 1
555 438 -1
556 247 1
556 249 -1
556 296 -1
557 247 1
557 251 -1
557 299 -1
558 247 1
558 254 1
558 300 -1
559 247 1
559 257 1
559 301 1
560 247 1
560 248 -1
560 297 -1
561 248 1
561 256 1
561 414 1
562 248 1
562 251 -1
562 413 -1
563 248 1
563 253 -1
563 412 1
564 248 1
564 252 -1
564 411 1
565 248 1
565 249 -1
565 410 -1
566 248 1
566 257 1
566 415 1
567 248 1
567 255 1
567 416 1
568 249 1
568 252 -1
568 560 1
569 250 1
569 251 -1
569 307 -1
570 250 1
570 252 -1
570 308 1
571 250 1
571 253 -1
571 303 1
572 251 1
572 253 -1
572 441 1
573 251 1
573 256 1
573 443 1
574 254 1
574 257 -1
574 487 -1
575 255 1
575 257 -1
575 538 -1
576 258 1
576 262 -1
576 456 -1
577 258 1
577 260 -1
578 258 1
578 259 -1
579 258 1
579 265 1
579 603 -1
580 259 1
580 260 -1
581 259 1
581 263 1
581 524 -1
582 259 1
582 265 1
582 604 -1
583 260 1
583 262 -1
583 458 -1
584 260 1
584 261 1
584 542 -1
585 261 1
585 263 -1
585 527 1
586 261 1
586 264 -1
586 543 -1
587 261 1
587 262 1
587 460 -1
588 262 1
588 264 1
588 459 -1
589 263 1
589 264 -1
589 526 -1
590 263 1
590 265 -1
590 528 1
591 266 1
591 268 -1
591 364 -1
592 266 1
592 276 1
592 615 -1
593 266 1
593 273 1
593 559 -1
594 267 1
594 271 -1
594 298 1
595 267 1
595 274 -1
595 485 -1
596 267 1
596 272 -1
596 563 1
597 267 1
597 269 -1
597 590 1
598 267 1
598 270 -1
598 591 1
599 267 1
599 275 -1
599 436 1
600 267 1
600 278 1
600 442 1
601 268 1
601 269 1
601 365 -1
602 268 1
602 270 1
602 366 -1
603 268 1
603 279 1
603 367 1
604 268 1
604 277 1
604 309 -1
605 269 1
605 270 -1
605 597 -1
606 269 1
606 272 -1
606 564 1
607 270 1
607 279 -1
607 504 1
608 270 1
608 275 -1
608 437 1
609 271 1
609 273 -1
609 296 -1
610 271 1
610 274 -1
610 300 -1
611 272 1
611 274 -1
611 484 -1
612 273 1
612 274 -1
612 490 -1
613 273 1
613 276 -1
613 560 1
614 275 1
614 279 -1
614 435 1
615 275 1
615 278 1
615 433 -1
616 277 1
616 279 -1
616 306 1
617 278 1
617 279 1
617 440 1
618 280 1
618 283 -1
618 616 -1
619 280 1
619 281 -1
620 280 1
620 284 1
620 587 -1
621 280 1
621 282 -1
621 604 -1
622 281 1
622 284 1
622 588 -1
623 281 1
623 283 -1
623 617 -1
624 281 1
624 286 1
624 608 -1
625 281 1
625 282 -1
625 605 -1
626 282 1
626 283 -1
626 607 1
627 282 1
627 284 1
627 589 -1
628 282 1
628 286 1
628 606 -1
629 282 1
629 285 1
629 528 1
630 283 1
630 285 1
630 525 1
631 283 1
631 286 1
631 609 1
632 285 1
632 286 -1
632 526 -1
633 287 1
633 290 1
633 545 -1
634 287 1
634 288 1
634 478 -1
635 287 1
635 294 -1
635 599 -1
636 288 1
636 290 -1
636 480 1
637 288 1
637 294 1
637 481 1
638 288 1
638 295 -1
638 386 -1
639 288 1
639 292 -1
639 479 1
640 289 1
640 294 -1
640 600 1
641 289 1
641 291 1
641 498 1
642 291 1
642 293 -1
642 499 1
643 291 1
643 294 1
643 501 -1
644 292 1
644 295 -1
644 388 -1
645 293 1
645 295 -1
645 390 -1
646 293 1
646 294 1
646 585 -1
647 294 1
647 295 1
647 385 1
648 296 1
648 297 -1
648 410 -1
649 296 1
649 300 -1
649 490 1
650 297 1
650 301 1
650 415 -1
651 298 1
651 299 -1
651 442 -1
652 298 1
652 300 -1
652 485 1
653 300 1
653 301 1
653 487 -1
654 302 1
654 303 1
654 447 1
655 302 1
655 304 1
655 320 1
656 302 1
656 305 1
656 310 -1
657 303 1
657 305 -1
657 314 -1
658 303 1
658 307 1
658 441 -1
659 303 1
659 306 -1
659 446 1
660 305 1
660 306 -1
660 313 1
661 305 1
661 309 1
661 317 -1
662 306 1
662 307 1
662 440 1
663 306 1
663 309 1
663 367 1
664 310 1
664 311 1
664 403 1
665 310 1
665 314 1
665 447 1
666 311 1
666 312 -1
666 402 1
667 311 1
667 315 1
667 335 -1
668 312 1
668 315 1
668 334 1
669 312 1
669 316 -1
669 579 1
670 312 1
670 313 -1
670 505 -1
671 313 1
671 316 -1
671 506 1
672 313 1
672 314 -1
672 446 -1
673 313 1
673 317 1
673 367 1
674 313 1
674 315 1
674 336 1
675 314 1
675 316 -1
675 448 1
676 315 1
676 317 -1
676 338 -1
677 318 1
677 319 -1
678 318 1
678 323 -1
678 539 -1
679 319 1
679 321 -1
679 615 -1
680 319 1
680 322 1
680 471 -1
681 319 1
681 324 1
681 355 -1
682 319 1
682 323 -1
682 540 -1
683 320 1
683 322 -1
683 472 1
684 320 1
684 324 -1
684 361 1
685 322 1
685 324 -1
685 356 -1
686 325 1
686 328 -1
687 325 1
687 326 -1
688 325 1
688 330 1
688 417 -1
689 325 1
689 331 -1
689 449 -1
690 325 1
690 327 -1
691 326 1
691 328 -1
692 326 1
692 330 1
692 418 -1
693 327 1
693 328 -1
694 328 1
694 330 1
694 419 -1
695 328 1
695 329 -1
695 623 -1
696 329 1
696 330 1
696 422 1
697 329 1
697 331 -1
697 454 1
698 330 1
698 331 1
698 421 -1
699 332 1
699 337 -1
699 595 -1
700 332 1
700 333 -1
701 332 1
701 334 -1
701 577 -1
702 332 1
702 335 1
702 401 -1
703 332 1
703 338 1
703 363 -1
704 333 1
704 334 -1
704 578 -1
705 333 1
705 337 -1
705 596 -1
706 333 1
706 339 -1
706 431 -1
707 333 1
707 336 -1
707 503 -1
708 334 1
708 335 1
708 402 1
709 334 1
709 336 -1
709 505 1
710 336 1
710 338 1
710 367 -1
711 336 1
711 339 -1
711 435 1
712 336 1
712 337 -1
712 504 1
713 337 1
713 338 1
713 366 1
714 337 1
714 339 -1
714 437 -1
715 340 1
715 342 -1
716 340 1
716 341 -1
717 341 1
717 342 -1
718 341 1
718 345 1
718 574 -1
719 342 1
719 344 1
719 588 -1
720 342 1
720 343 1
720 605 -1
721 342 1
721 346 -1
721 608 -1
722 342 1
722 345 1
722 575 -1
723 343 1
723 344 -1
723 589 1
724 343 1
724 346 1
724 606 1
725 345 1
725 346 1
725 576 1
726 347 1
726 352 1
726 444 -1
727 347 1
727 349 1
727 627 -1
728 347 1
728 350 1
728 426 -1
729 347 1
729 351 1
729 515 -1
730 347 1
730 353 1
730 574 -1
731 347 1
731 348 -1
732 348 1
732 353 1
732 575 -1
733 348 1
733 351 1
733 516 -1
734 348 1
734 349 1
734 628 -1
735 348 1
735 354 1
735 503 -1
736 348 1
736 352 1
736 445 -1
737 349 1
737 350 -1
737 430 1
738 349 1
738 351 -1
738 522 -1
739 349 1
739 354 -1
739 506 -1
740 349 1
740 352 -1
740 448 -1
741 350 1
741 351 -1
741 429 1
742 351 1
742 353 -1
742 518 -1
743 352 1
743 354 -1
743 446 1
744 355 1
744 357 -1
744 542 -1
745 355 1
745 359 -1
745 474 -1
746 355 1
746 356 1
746 471 -1
747 356 1
747 358 -1
747 404 1
748 356 1
748 361 1
748 472 -1
749 357 1
749 359 -1
749 477 -1
750 357 1
750 360 -1
750 527 -1
751 358 1
751 361 1
751 403 1
752 358 1
752 362 1
752 405 -1
753 358 1
753 360 1
753 406 -1
754 360 1
754 362 -1
754 525 -1
755 363 1
755 364 -1
756 363 1
756 365 1
756 618 -1
757 363 1
757 366 1
757 595 -1
758 365 1
758 366 -1
758 597 -1
759 366 1
759 367 1
759 504 1
760 368 1
760 371 -1
760 488 -1
761 368 1
761 369 -1
761 626 -1
762 368 1
762 370 -1
762 384 1
763 368 1
763 374 1
763 496 1
764 368 1
764 373 -1
764 565 -1
765 369 1
765 370 -1
765 383 1
766 370 1
766 379 1
766 386 -1
767 370 1
767 372 1
767 389 1
768 370 1
768 380 1
768 391 -1
769 370 1
769 378 1
769 388 -1
770 371 1
770 373 -1
770 484 -1
771 371 1
771 374 1
771 486 1
772 371 1
772 375 1
772 489 1
773 371 1
773 376 1
773 487 -1
774 371 1
774 372 1
774 483 -1
775 372 1
775 376 -1
775 572 1
776 373 1
776 374 1
776 492 1
777 374 1
777 375 -1
777 497 1
778 375 1
778 376 -1
778 538 1
779 375 1
779 377 -1
779 537 1
780 376 1
780 377 -1
780 602 -1
781 376 1
781 380 -1
781 467 1
782 376 1
782 378 -1
782 514 -1
783 377 1
783 378 -1
783 510 -1
784 377 1
784 379 -1
784 482 -1
785 378 1
785 379 -1
785 479 -1
786 378 1
786 380 -1
786 469 1
787 381 1
787 382 -1
788 381 1
788 383 1
788 625 -1
789 381 1
789 387 -1
789 592 -1
790 381 1
790 385 1
790 598 -1
791 382 1
791 385 1
791 599 -1
792 382 1
792 386 1
792 478 -1
793 383 1
793 384 -1
793 626 -1
794 385 1
794 386 -1
794 481 -1
795 385 1
795 390 -1
795 585 1
796 385 1
796 387 1
796 594 -1
797 386 1
797 388 -1
797 479 1
798 387 1
798 390 1
798 584 -1
799 387 1
799 389 -1
799 573 1
800 387 1
800 391 1
800 468 1
801 388 1
801 391 -1
801 469 1
802 388 1
802 390 -1
802 512 1
803 390 1
803 391 -1
803 465 -1
804 392 1
804 394 1
804 515 -1
805 392 1
805 393 1
805 426 -1
806 392 1
806 395 1
806 473 -1
807 392 1
807 397 1
807 530 -1
808 392 1
808 398 -1
808 574 -1
809 393 1
809 395 -1
809 428 1
810 393 1
810 396 -1
810 427 1
811 393 1
811 394 -1
811 429 1
812 394 1
812 398 1
812 518 -1
813 394 1
813 396 -1
813 519 1
814 394 1
814 400 1
814 521 1
815 394 1
815 399 -1
815 517 -1
816 395 1
816 396 -1
816 476 1
817 395 1
817 397 -1
817 475 1
818 395 1
818 400 1
818 477 -1
819 397 1
819 400 1
819 532 1
820 399 1
820 400 1
820 543 1
821 401 1
821 402 1
821 577 -1
822 401 1
822 405 -1
822 616 -1
823 401 1
823 404 -1
823 470 -1
824 402 1
824 405 1
824 580 1
825 402 1
825 406 1
825 529 1
826 402 1
826 407 1
826 523 -1
827 403 1
827 404 1
827 472 1
828 405 1
828 406 -1
828 525 1
829 406 1
829 407 -1
829 520 -1
830 408 1
830 409 -1
831 408 1
831 411 1
831 614 -1
832 408 1
832 412 1
832 444 -1
833 408 1
833 413 -1
833 438 -1
834 408 1
834 414 1
834 634 -1
835 408 1
835 416 1
835 533 -1
836 409 1
836 411 1
836 615 -1
837 409 1
837 410 -1
837 559 -1
838 410 1
838 411 1
838 560 -1
839 413 1
839 414 1
839 443 -1
840 414 1
840 416 -1
840 536 1
841 415 1
841 416 -1
841 538 -1
842 417 1
842 420 1
842 610 -1
843 417 1
843 421 -1
843 449 -1
844 417 1
844 418 -1
845 418 1
845 420 1
845 611 -1
846 418 1
846 419 -1
847 418 1
847 425 1
847 598 -1
848 419 1
848 422 1
848 623 -1
849 420 1
849 421 1
849 451 -1
850 420 1
850 424 1
850 500 1
851 421 1
851 422 1
851 454 -1
852 421 1
852 424 -1
852 453 -1
853 421 1
853 423 -1
853 455 1
854 422 1
854 423 1
854 622 -1
855 423 1
855 424 -1
855 498 1
856 424 1
856 425 1
856 501 1
857 426 1
857 427 1
857 539 -1
858 426 1
858 428 1
858 473 -1
859 426 1
859 429 1
859 515 -1
860 426 1
860 430 -1
860 627 -1
861 427 1
861 428 -1
861 476 -1
862 427 1
862 429 -1
862 519 -1
863 427 1
863 430 1
863 541 1
864 429 1
864 430 1
864 522 1
865 431 1
865 432 1
865 547 -1
866 431 1
866 433 -1
866 439 -1
867 431 1
867 435 1
867 503 -1
868 431 1
868 437 -1
868 596 -1
869 432 1
869 434 1
869 493 -1
870 432 1
870 437 1
870 548 1
871 433 1
871 436 -1
871 442 1
872 433 1
872 435 1
872 440 1
873 434 1
873 437 -1
873 494 -1
874 434 1
874 436 -1
874 491 1
875 435 1
875 437 1
875 504 -1
876 436 1
876 437 -1
876 591 -1
877 438 1
877 441 1
877 444 -1
878 438 1
878 440 -1
878 502 -1
879 438 1
879 439 -1
880 438 1
880 443 1
880 634 -1
881 439 1
881 440 -1
881 503 -1
882 439 1
882 443 1
882 635 -1
883 440 1
883 441 1
883 446 1
884 444 1
884 446 1
884 502 -1
885 444 1
885 448 1
885 627 -1
886 444 1
886 445 -1
887 445 1
887 446 1
887 503 -1
888 446 1
888 448 -1
888 506 1
889 449 1
889 451 1
889 610 -1
890 449 1
890 450 -1
891 450 1
891 451 1
891 612 -1
892 450 1
892 452 1
892 633 -1
893 451 1
893 452 -1
893 613 -1
894 451 1
894 453 -1
894 500 1
895 453 1
895 455 1
895 498 1
896 454 1
896 455 1
896 622 -1
897 456 1
897 457 -1
898 456 1
898 458 -1
899 457 1
899 461 1
899 530 -1
900 457 1
900 458 -1
901 458 1
901 461 1
901 531 -1
902 458 1
902 460 1
902 542 -1
903 459 1
903 460 -1
903 543 1
904 460 1
904 461 -1
904 532 -1
905 462 1
905 463 1
905 620 -1
906 462 1
906 468 1
906 593 -1
907 463 1
907 465 -1
907 582 -1
908 463 1
908 464 1
908 621 -1
909 463 1
909 466 -1
909 558 1
910 464 1
910 466 1
910 556 -1
911 464 1
911 469 -1
911 509 1
912 464 1
912 465 1
912 583 1
913 465 1
913 468 -1
913 584 -1
914 465 1
914 469 1
914 512 -1
915 466 1
915 469 1
915 513 -1
916 466 1
916 467 1
916 555 -1
917 467 1
917 469 -1
917 514 1
918 470 1
918 471 -1
919 473 1
919 475 1
919 530 -1
920 473 1
920 476 1
920 539 -1
921 473 1
921 474 -1
922 474 1
922 475 1
922 531 -1
923 474 1
923 476 1
923 540 -1
924 474 1
924 477 -1
924 542 -1
925 475 1
925 477 1
925 532 1
926 478 1
926 481 1
926 599 -1
927 478 1
927 480 1
927 545 -1
928 478 1
928 479 1
928 508 -1
929 478 1
929 482 1
929 630 -1
930 479 1
930 480 -1
930 511 -1
931 479 1
931 482 -1
931 510 1
932 483 1
932 487 -1
932 572 1
933 483 1
933 490 -1
933 561 1
934 484 1
934 486 1
934 492 -1
935 484 1
935 488 1
935 565 -1
936 484 1
936 485 -1
936 563 -1
937 485 1
937 486 1
937 491 1
938 486 1
938 489 -1
938 497 -1
939 487 1
939 489 1
939 538 -1
940 491 1
940 495 1
940 590 -1
941 491 1
941 494 1
941 591 -1
942 491 1
942 492 1
942 563 -1
943 492 1
943 495 -1
943 564 -1
944 492 1
944 493 -1
944 549 -1
945 492 1
945 496 -1
945 565 -1
946 493 1
946 495 -1
946 550 1
947 493 1
947 494 -1
947 548 1
948 493 1
948 496 -1
948 551 1
949 494 1
949 495 -1
949 597 1
950 498 1
950 501 1
950 600 -1
951 499 1
951 501 1
951 585 -1
952 502 1
952 503 -1
953 503 1
953 505 1
953 578 -1
954 503 1
954 506 1
954 628 -1
955 505 1
955 506 -1
955 579 1
956 507 1
956 508 -1
957 507 1
957 511 -1
957 544 -1
958 507 1
958 509 1
958 624 -1
959 507 1
959 513 1
959 553 -1
960 507 1
960 510 1
960 629 -1
961 508 1
961 510 1
961 630 -1
962 508 1
962 511 -1
962 545 -1
963 509 1
963 512 -1
963 583 -1
964 509 1
964 513 -1
964 556 1
965 510 1
965 514 -1
965 602 1
966 510 1
966 513 -1
966 557 -1
967 513 1
967 514 -1
967 555 -1
968 515 1
968 518 -1
968 574 -1
969 516 1
969 518 -1
969 575 -1
970 516 1
970 517 -1
970 608 -1
971 516 1
971 523 1
971 578 -1
972 516 1
972 522 1
972 628 -1
973 517 1
973 518 -1
973 576 1
974 517 1
974 521 1
974 543 -1
975 517 1
975 520 -1
975 526 -1
976 517 1
976 523 1
976 581 -1
977 519 1
977 522 -1
977 541 1
978 520 1
978 521 1
978 527 1
979 520 1
979 523 1
979 529 1
980 522 1
980 523 -1
980 579 -1
981 524 1
981 528 1
981 604 -1
982 524 1
982 525 1
982 616 -1
983 525 1
983 528 -1
983 607 1
984 525 1
984 526 1
984 609 -1
985 525 1
985 529 1
985 580 -1
986 526 1
986 527 -1
986 543 -1
987 526 1
987 528 1
987 606 1
988 526 1
988 529 -1
988 581 -1
989 530 1
989 531 -1
990 531 1
990 532 1
990 542 -1
991 533 1
991 535 1
991 567 -1
992 533 1
992 537 1
992 629 -1
993 533 1
993 536 -1
993 634 -1
994 534 1
994 535 1
994 568 -1
995 534 1
995 536 -1
995 635 -1
996 534 1
996 537 1
996 630 -1
997 535 1
997 536 1
997 569 -1
998 535 1
998 537 -1
998 570 -1
999 537 1
999 538 -1
999 602 1
1000 539 1
1000 540 -1
1001 539 1
1001 541 1
1001 627 -1
1002 544 1
1002 545 -1
1003 546 1
1003 547 -1
1004 546 1
1004 548 1
1004 595 -1
1005 546 1
1005 550 1
1005 618 -1
1006 546 1
1006 549 1
1006 562 -1
1007 546 1
1007 552 1
1007 625 -1
1008 547 1
1008 548 1
1008 596 -1
1009 548 1
1009 550 -1
1009 597 1
1010 549 1
1010 550 -1
1010 564 -1
1011 549 1
1011 552 -1
1011 566 -1
1012 549 1
1012 551 -1
1012 565 -1
1013 551 1
1013 552 -1
1013 626 1
1014 553 1
1014 558 -1
1014 619 -1
1015 553 1
1015 554 -1
1016 553 1
1016 557 1
1016 629 -1
1017 553 1
1017 556 -1
1017 624 -1
1018 554 1
1018 558 -1
1018 620 -1
1019 555 1
1019 557 1
1019 602 1
1020 556 1
1020 558 -1
1020 621 -1
1021 559 1
1021 560 1
1021 615 -1
1022 559 1
1022 561 -1
1022 571 -1
1023 562 1
1023 564 -1
1023 618 -1
1024 562 1
1024 566 -1
1024 625 -1
1025 563 1
1025 564 -1
1025 590 -1
1026 565 1
1026 566 -1
1026 626 -1
1027 567 1
1027 569 -1
1027 634 -1
1028 567 1
1028 568 -1
1029 567 1
1029 570 -1
1029 629 -1
1030 568 1
1030 569 -1
1030 635 -1
1031 568 1
1031 570 -1
1031 630 -1
1032 571 1
1032 572 1
1032 601 -1
1033 571 1
1033 573 1
1033 593 -1
1034 574 1
1034 575 -1
1035 575 1
1035 576 1
1035 608 -1
1036 577 1
1036 578 -1
1037 577 1
1037 580 1
1037 616 -1
1038 578 1
1038 579 1
1038 628 -1
1039 578 1
1039 581 -1
1039 608 -1
1040 578 1
1040 580 1
1040 617 -1
1041 580 1
1041 581 1
1041 609 -1
1042 582 1
1042 583 -1
1042 621 -1
1043 584 1
1043 585 -1
1043 594 -1
1044 586 1
1044 588 -1
1045 586 1
1045 589 -1
1045 603 -1
1046 586 1
1046 587 -1
1047 587 1
1047 589 -1
1047 604 -1
1048 587 1
1048 588 -1
1049 588 1
1049 589 -1
1049 605 -1
1050 590 1
1050 591 -1
1050 597 -1
1051 592 1
1051 593 -1
1052 592 1
1052 594 1
1052 598 -1
1053 595 1
1053 597 1
1053 618 -1
1054 595 1
1054 596 -1
1055 598 1
1055 599 -1
1056 603 1
1056 604 -1
1057 604 1
1057 607 -1
1057 616 -1
1058 605 1
1058 606 1
1058 608 -1
1059 608 1
1059 609 1
1059 617 -1
1060 610 1
1060 611 -1
1061 610 1
1061 613 -1
1061 631 -1
1062 610 1
1062 612 -1
1063 611 1
1063 613 -1
1063 632 -1
1064 612 1
1064 613 -1
1064 633 -1
1065 614 1
1065 615 -1
1066 616 1
1066 617 -1
1067 619 1
1067 621 -1
1067 624 -1
1068 619 1
1068 620 -1
1069 629 1
1069 630 -1
1070 631 1
1070 633 -1
1071 631 1
1071 632 -1
1072 632 1
1072 633 -1
1073 634 1
1073 635 -1
