0 0 1
1 0 1
2 0 1
2 97 -1
3 0 -1
3 94 1
4 0 -1
4 40 1
5 0 -1
5 69 1
6 0 -1
6 57 1
7 0 -1
7 41 1
8 0 -1
8 64 1
9 0 -1
9 23 1
10 0 -1
10 96 1
11 0 -1
11 55 1
12 1 1
13 1 1
14 1 -1
14 78 1
15 1 1
15 36 -1
16 1 -1
16 84 1
17 1 -1
17 12 1
18 1 -1
18 26 1
19 2 1
20 2 -1
20 52 1
21 2 1
21 83 -1
22 2 1
22 70 -1
23 2 -1
23 90 1
24 2 -1
24 14 1
25 2 1
25 74 -1
26 2 -1
26 80 1
27 2 1
27 40 -1
28 2 -1
28 41 1
29 3 1
30 3 -1
30 66 1
31 3 -1
31 95 1
32 3 1
32 65 -1
33 3 -1
33 32 1
34 3 1
34 16 -1
35 3 1
35 43 -1
36 3 1
36 8 -1
37 3 1
37 33 -1
38 3 1
38 49 -1
39 3 1
39 76 -1
40 3 1
40 61 -1
41 3 -1
41 38 1
42 4 1
43 4 1
43 51 -1
44 4 -1
44 12 1
45 4 -1
45 75 1
46 4 1
46 85 -1
47 4 -1
47 61 1
48 4 -1
48 42 1
49 4 -1
49 67 1
50 4 -1
50 63 1
51 5 1
52 5 1
53 5 1
53 15 -1
54 5 -1
54 74 1
55 5 1
55 94 -1
56 5 1
56 97 -1
57 5 -1
57 40 1
58 5 -1
58 56 1
59 5 1
59 72 -1
60 5 -1
60 41 1
61 5 -1
61 80 1
62 6 1
63 6 1
63 29 -1
64 6 -1
64 68 1
65 6 1
65 60 -1
66 6 -1
66 77 1
67 6 -1
67 55 1
68 6 1
68 9 -1
69 6 1
69 93 -1
70 6 -1
70 91 1
71 6 -1
71 58 1
72 6 -1
72 24 1
73 6 1
73 41 -1
74 7 -1
74 30 1
75 7 -1
75 71 1
76 7 -1
76 25 1
77 7 1
77 18 -1
78 7 -1
78 27 1
79 7 1
79 87 -1
80 7 -1
80 31 1
81 7 -1
81 79 1
82 7 -1
82 39 1
83 7 -1
83 11 1
84 7 1
84 48 -1
85 7 1
85 32 -1
86 7 1
86 59 -1
87 8 1
88 8 1
89 8 -1
89 49 1
90 8 -1
90 31 1
91 8 -1
91 66 1
92 8 -1
92 33 1
93 8 1
93 25 -1
94 8 1
94 18 -1
95 8 1
95 44 -1
96 8 1
96 87 -1
97 8 1
97 95 -1
98 8 -1
98 65 1
99 9 1
100 9 1
101 9 1
101 91 -1
102 9 1
102 68 -1
103 9 -1
103 92 1
104 9 1
104 17 -1
105 9 -1
105 29 1
106 9 1
106 58 -1
107 9 1
107 10 -1
108 9 1
108 24 -1
109 9 -1
109 34 1
110 10 1
111 10 1
112 10 1
113 10 1
113 24 -1
114 10 -1
114 58 1
115 10 1
115 13 -1
116 10 -1
116 91 1
117 10 1
117 50 -1
118 10 1
118 21 -1
119 10 -1
119 98 1
120 10 -1
120 92 1
121 10 -1
121 34 1
122 11 1
123 11 1
124 11 -1
124 18 1
125 11 1
125 22 -1
126 11 -1
126 33 1
127 11 -1
127 39 1
128 11 1
128 66 -1
129 11 1
129 32 -1
130 11 -1
130 31 1
131 11 -1
131 27 1
132 11 -1
132 43 1
133 11 -1
133 35 1
134 12 1
135 12 1
136 12 -1
136 51 1
137 12 -1
137 85 1
138 12 -1
138 75 1
139 12 -1
139 36 1
140 12 -1
140 26 1
141 12 -1
141 84 1
142 12 1
142 62 -1
143 13 1
144 13 1
145 13 -1
145 21 1
146 13 -1
146 98 1
147 13 -1
147 58 1
148 13 -1
148 86 1
149 13 1
149 50 -1
150 13 -1
150 77 1
151 13 -1
151 24 1
152 13 -1
152 45 1
153 13 -1
153 20 1
154 13 -1
154 82 1
155 13 -1
155 80 1
156 14 1
157 14 1
158 14 -1
158 83 1
159 14 -1
159 70 1
160 14 -1
160 74 1
161 14 -1
161 56 1
162 14 1
162 96 -1
163 14 -1
163 44 1
164 14 -1
164 64 1
165 14 -1
165 71 1
166 14 1
166 30 -1
167 15 1
168 15 1
169 15 1
169 72 -1
170 15 1
170 74 -1
171 15 -1
171 56 1
172 15 -1
172 89 1
173 15 1
173 27 -1
174 15 1
174 39 -1
175 15 1
175 71 -1
176 16 1
177 16 -1
177 65 1
178 16 1
178 42 -1
179 16 1
179 54 -1
180 16 1
180 38 -1
181 16 -1
181 67 1
182 16 -1
182 61 1
183 16 1
183 43 -1
184 16 1
184 62 -1
185 16 1
185 66 -1
186 16 1
186 33 -1
187 17 1
188 17 1
189 17 -1
189 92 1
190 17 -1
190 91 1
191 17 -1
191 58 1
192 17 1
192 45 -1
193 17 -1
193 29 1
194 17 1
194 82 -1
195 18 1
196 18 -1
196 87 1
197 18 1
197 33 -1
198 18 1
198 71 -1
199 18 1
199 31 -1
200 18 -1
200 66 1
201 18 1
201 25 -1
202 18 1
202 27 -1
203 19 1
204 19 1
205 19 1
205 26 -1
206 19 -1
206 67 1
207 19 -1
207 38 1
208 19 1
208 62 -1
209 19 -1
209 53 1
210 19 -1
210 88 1
211 19 -1
211 43 1
212 20 1
213 20 -1
213 77 1
214 20 1
214 52 -1
215 20 1
215 90 -1
216 20 -1
216 80 1
217 20 -1
217 24 1
218 21 1
219 21 1
220 21 -1
220 98 1
221 22 1
222 22 1
223 22 1
223 53 -1
224 22 -1
224 33 1
225 22 -1
225 43 1
226 22 -1
226 66 1
227 23 1
228 23 -1
228 57 1
229 23 -1
229 47 1
230 23 -1
230 79 1
231 23 -1
231 64 1
232 23 -1
232 69 1
233 23 1
233 48 -1
234 23 -1
234 99 1
235 23 -1
235 56 1
236 23 -1
236 30 1
237 23 -1
237 25 1
238 23 1
238 44 -1
239 23 -1
239 83 1
240 24 1
241 24 1
242 24 -1
242 58 1
243 24 -1
243 77 1
244 24 -1
244 90 1
245 24 1
245 93 -1
246 25 1
247 25 -1
247 30 1
248 25 -1
248 44 1
249 25 -1
249 71 1
250 25 -1
250 31 1
251 25 -1
251 48 1
252 25 -1
252 87 1
253 25 -1
253 49 1
254 25 1
254 56 -1
255 25 1
255 64 -1
256 25 1
256 99 -1
257 25 1
257 83 -1
258 26 1
259 26 1
260 26 1
261 26 -1
261 67 1
262 26 1
262 51 -1
263 26 -1
263 62 1
264 26 -1
264 85 1
265 26 -1
265 84 1
266 27 1
267 27 -1
267 79 1
268 27 1
268 39 -1
269 27 -1
269 89 1
270 27 -1
270 81 1
271 27 -1
271 30 1
272 27 -1
272 72 1
273 27 -1
273 71 1
274 27 -1
274 56 1
275 27 -1
275 47 1
276 27 -1
276 87 1
277 27 -1
277 31 1
278 27 1
278 48 -1
279 27 -1
279 59 1
280 28 1
281 28 1
282 28 1
282 84 -1
283 28 1
283 88 -1
284 28 -1
284 78 1
285 28 -1
285 62 1
286 28 -1
286 85 1
287 29 1
288 29 -1
288 55 1
289 29 1
289 91 -1
290 29 -1
290 68 1
291 29 -1
291 58 1
292 29 -1
292 60 1
293 29 -1
293 77 1
294 29 1
294 82 -1
295 29 -1
295 41 1
296 30 1
296 71 -1
297 30 1
297 44 -1
298 30 1
298 79 -1
299 30 1
299 48 -1
300 30 1
300 56 -1
301 30 -1
301 83 1
302 31 1
302 66 -1
303 31 -1
303 49 1
304 31 -1
304 33 1
305 31 -1
305 32 1
306 31 -1
306 59 1
307 31 1
307 48 -1
308 31 -1
308 87 1
309 31 1
309 39 -1
310 32 1
310 66 -1
311 32 -1
311 43 1
312 32 -1
312 76 1
313 32 -1
313 59 1
314 32 -1
314 49 1
315 32 1
315 35 -1
316 32 -1
316 95 1
317 32 1
317 39 -1
318 33 1
319 33 1
320 33 -1
320 66 1
321 33 1
321 87 -1
322 33 -1
322 53 1
323 33 1
323 65 -1
324 33 -1
324 38 1
325 34 1
326 34 1
327 34 1
328 34 1
329 34 1
329 92 -1
330 34 -1
330 45 1
331 34 1
331 50 -1
332 35 1
333 35 1
334 35 1
334 76 -1
335 35 -1
335 43 1
336 35 1
336 59 -1
337 35 1
337 81 -1
338 35 -1
338 39 1
339 35 1
339 47 -1
340 36 1
341 36 1
342 36 1
343 36 -1
343 84 1
344 36 -1
344 78 1
345 36 -1
345 75 1
346 36 1
346 85 -1
347 37 1
348 37 1
349 37 -1
349 95 1
350 37 -1
350 46 1
351 37 -1
351 61 1
352 37 -1
352 49 1
353 37 -1
353 75 1
354 37 -1
354 59 1
355 38 1
356 38 -1
356 53 1
357 38 1
357 67 -1
358 38 -1
358 43 1
359 38 1
359 54 -1
360 38 1
360 62 -1
361 38 1
361 66 -1
362 38 1
362 88 -1
363 39 1
364 39 1
365 39 -1
365 89 1
366 39 -1
366 81 1
367 39 1
367 59 -1
368 40 1
368 97 -1
369 40 1
369 94 -1
370 40 1
370 41 -1
371 40 1
371 56 -1
372 40 -1
372 74 1
373 40 1
373 72 -1
374 40 -1
374 57 1
375 40 -1
375 64 1
376 40 -1
376 83 1
377 40 -1
377 96 1
378 40 -1
378 60 1
379 40 -1
379 55 1
380 40 -1
380 52 1
381 41 1
382 41 1
383 41 -1
383 94 1
384 41 -1
384 97 1
385 41 -1
385 82 1
386 41 -1
386 55 1
387 41 1
387 80 -1
388 41 -1
388 60 1
389 41 1
389 74 -1
390 41 -1
390 77 1
391 41 -1
391 52 1
392 42 1
393 42 -1
393 46 1
394 42 -1
394 61 1
395 42 -1
395 54 1
396 42 -1
396 65 1
397 42 -1
397 63 1
398 42 1
398 75 -1
399 42 -1
399 85 1
400 42 1
400 67 -1
401 43 1
402 43 -1
402 76 1
403 43 -1
403 66 1
404 43 1
404 53 -1
405 43 1
405 88 -1
406 43 1
406 62 -1
407 43 1
407 61 -1
408 44 1
409 44 1
410 44 1
410 71 -1
411 44 -1
411 87 1
412 44 -1
412 49 1
413 44 1
413 48 -1
414 44 -1
414 99 1
415 44 -1
415 83 1
416 44 -1
416 64 1
417 45 1
418 45 1
419 45 1
420 45 -1
420 86 1
421 45 1
421 50 -1
422 45 -1
422 92 1
423 45 1
423 91 -1
424 45 1
424 58 -1
425 45 -1
425 82 1
426 46 1
427 46 -1
427 65 1
428 46 -1
428 54 1
429 46 -1
429 61 1
430 46 1
430 95 -1
431 47 1
432 47 -1
432 69 1
433 47 1
433 48 -1
434 47 1
434 57 -1
435 47 -1
435 59 1
436 47 1
436 79 -1
437 47 1
437 81 -1
438 48 1
439 48 1
440 48 1
440 59 -1
441 48 -1
441 49 1
442 48 1
442 79 -1
443 48 -1
443 99 1
444 49 1
445 49 1
446 49 -1
446 59 1
447 49 -1
447 66 1
448 49 -1
448 95 1
449 50 1
450 50 1
451 50 -1
451 86 1
452 50 -1
452 98 1
453 50 -1
453 58 1
454 50 -1
454 92 1
455 50 1
455 91 -1
456 51 1
457 51 1
458 51 1
459 51 -1
459 85 1
460 51 -1
460 67 1
461 51 -1
461 63 1
462 52 1
463 52 -1
463 90 1
464 52 1
464 93 -1
465 52 -1
465 77 1
466 52 -1
466 70 1
467 52 1
467 83 -1
468 52 -1
468 80 1
469 52 1
469 60 -1
470 53 1
471 53 1
472 53 1
472 66 -1
473 54 1
474 54 1
475 54 -1
475 63 1
476 54 -1
476 65 1
477 54 1
477 67 -1
478 55 1
479 55 -1
479 60 1
480 55 -1
480 68 1
481 55 -1
481 82 1
482 55 -1
482 96 1
483 56 -1
483 74 1
484 56 -1
484 72 1
485 56 -1
485 79 1
486 56 1
486 57 -1
487 56 -1
487 83 1
488 56 1
488 97 -1
489 56 1
489 64 -1
490 56 -1
490 71 1
491 57 1
491 79 -1
492 57 -1
492 72 1
493 57 -1
493 69 1
494 57 -1
494 81 1
495 57 -1
495 89 1
496 57 -1
496 97 1
497 57 -1
497 64 1
498 58 -1
498 91 1
499 58 -1
499 77 1
500 58 1
500 86 -1
501 58 1
501 82 -1
502 59 1
503 59 1
504 59 1
504 81 -1
505 59 -1
505 76 1
506 59 -1
506 95 1
507 60 1
508 60 1
509 60 -1
509 93 1
510 60 -1
510 96 1
511 60 1
511 68 -1
512 60 -1
512 77 1
513 60 -1
513 70 1
514 60 -1
514 83 1
515 61 1
516 61 1
517 61 1
517 85 -1
518 61 1
518 75 -1
519 61 -1
519 65 1
520 61 1
520 62 -1
521 61 -1
521 67 1
522 61 -1
522 95 1
523 61 -1
523 76 1
524 62 1
525 62 -1
525 88 1
526 62 1
526 85 -1
527 62 1
527 67 -1
528 62 -1
528 84 1
529 62 1
529 76 -1
530 63 1
531 63 1
532 63 -1
532 67 1
533 64 1
534 64 1
535 64 -1
535 73 1
536 64 1
536 99 -1
537 64 -1
537 96 1
538 64 -1
538 83 1
539 65 1
540 65 1
541 65 -1
541 95 1
542 67 1
543 67 1
543 85 -1
544 68 1
545 68 1
546 69 1
547 69 1
548 69 -1
548 81 1
549 69 -1
549 72 1
550 69 -1
550 89 1
551 69 -1
551 97 1
552 69 -1
552 94 1
553 70 1
554 70 1
555 70 1
555 83 -1
556 70 1
556 93 -1
557 70 -1
557 96 1
558 70 1
558 90 -1
559 71 1
560 71 -1
560 87 1
561 71 1
561 74 -1
562 72 1
563 72 1
563 79 -1
564 72 1
564 89 -1
565 72 1
565 97 -1
566 72 1
566 94 -1
567 73 1
568 73 1
569 73 1
569 99 -1
570 73 1
570 96 -1
571 74 1
572 74 -1
572 83 1
573 74 -1
573 80 1
574 75 1
575 75 1
576 75 -1
576 85 1
577 76 1
578 76 1
579 76 -1
579 95 1
580 76 -1
580 88 1
581 76 1
581 85 -1
582 77 -1
582 90 1
583 77 -1
583 93 1
584 77 1
584 80 -1
585 77 1
585 82 -1
586 78 1
587 78 1
588 78 1
589 78 1
589 84 -1
590 79 -1
590 89 1
591 79 -1
591 81 1
592 80 1
593 80 1
594 80 -1
594 82 1
595 81 1
596 81 1
597 81 -1
597 89 1
598 82 1
599 82 1
600 82 -1
600 91 1
601 83 1
602 83 1
602 96 -1
603 84 1
604 84 1
605 84 1
606 84 -1
606 85 1
607 84 1
607 88 -1
608 85 1
609 85 -1
609 88 1
610 86 1
611 86 1
612 86 1
613 86 1
613 98 -1
614 87 1
615 87 1
616 88 1
617 88 1
618 89 1
619 90 1
620 90 1
621 90 1
621 93 -1
622 91 -1
622 92 1
623 92 1
624 93 1
625 94 1
626 94 1
626 97 -1
627 95 1
628 95 1
629 96 1
630 96 1
631 98 1
632 98 1
633 98 1
634 99 1
635 99 1
