1 -0.0 -1.0 -0.0
2 0.0 0.0 1.0
3 0.064625558495 -0.096043263111 -0.993277015137
4 -0.153241383863 0.342342070901 0.926994598022
5 -0.224634290016 -0.370574749036 0.901229044764
6 0.995779017559 -0.072208835801 0.056657146255
7 0.836019086299 -0.276922065262 0.473694265445
8 -0.792420530749 0.030128320747 0.609230651507
9 0.242446975936 -0.930527339677 0.274478294173
10 0.734366552265 -0.604914921532 0.307869622767
11 -0.174232769627 -0.932047524715 0.31769537872
12 -0.875210918733 -0.483112801046 0.024655003451
13 -1.0 -0.0 -0.0
14 0.0 0.0 1.0
15 -0.390332833229 0.889805830655 -0.236401909967
16 0.654001691175 0.747153123405 0.118507375828
17 -0.876620820406 0.407693575112 0.255581466549
18 -0.733902551503 -0.394520265823 0.552938337206
19 -0.64737441006 0.084595652941 0.757462836516
20 -0.0 -0.0 -1.0
21 -0.929943633681 -0.063297956852 -0.362212930241
22 -0.846123185729 0.056131230159 0.530023433041
23 -0.280914367488 0.857401771028 0.4312184147
24 -0.864469006064 -0.50262056744 -0.008118050334
25 0.85221709092 -0.521929874659 -0.036266180962
26 -0.727599292551 -0.566113825554 0.387446003974
27 -0.341859040168 0.939298340304 -0.029172325208
28 -0.313246402183 -0.454793198579 0.833690492956
29 -0.180211620731 0.628208671559 -0.756886805759
30 0.0 1.0 0.0
31 -0.820186364166 0.474150116993 0.320118719528
32 0.259354013394 -0.510883000906 -0.819593835459
33 -0.649535135157 0.446030017072 -0.615760775031
34 -0.721999082736 0.685069015177 -0.096942090821
35 -0.75189793361 -0.034496892018 -0.658376383139
36 0.01007077985 -0.999047349583 -0.042461425833
37 0.857224437939 0.44773719316 -0.254357364473
38 0.60581707417 -0.222422782337 -0.76388073581
39 0.887562640818 0.45091708532 0.094373411463
40 0.009817099912 -0.734979555269 0.678018198787
41 -0.990868828752 0.089025807792 0.10125892432
42 0.434019807343 0.516902772975 0.737860644109
43 0.0 1.0 0.0
44 -0.769077563911 -0.547945790791 -0.329051836408
45 0.658620637 0.59137100921 -0.465294730234
46 -0.466985233387 -0.410677302264 -0.783114899107
47 0.593184669633 -0.486822364462 0.641198824993
48 -0.887085797836 0.084236981853 -0.453853410438
49 -0.95786336201 -0.205502328858 0.200665324741
50 -0.545360495475 0.603308400094 0.581894238115
51 -0.667113004405 -0.305012066514 0.679652763281
52 -0.0 -1.0 -0.0
53 -0.0 -0.0 -1.0
54 -0.907253273855 -0.047498617725 -0.417893979848
55 0.182869060609 -0.856375907876 0.482886333501
56 0.199431051766 0.08094598563 0.976562851537
57 0.131604585477 0.242649826445 0.961145823904
58 -0.293461496411 -0.626475950674 -0.722086029052
59 0.522941052267 -0.852324808837 0.008664646291
60 -0.910827499377 0.306428332336 0.276577192697
61 -0.896980588812 -0.171519389811 -0.407439470613
62 -0.837046681634 -0.082910451412 0.540813008176
63 0.0 1.0 0.0
64 0.125062185827 -0.76750883444 0.628720636477
65 -0.263496208534 -0.612871930409 -0.744954861052
66 -0.957606649257 0.221203085418 0.18454999404
67 -0.059288458576 0.421263866796 0.904998139894
68 0.470046659766 0.436075632826 -0.767394409739
69 0.905696911226 0.086322388307 0.415044034138
70 -0.583226978942 0.35716507663 -0.729574807042
71 -0.825830119683 0.551171709864 -0.119223989489
72 -0.722892295641 0.641379137023 0.257020488471
73 -0.743787499437 0.000556432204 0.668415922958
74 -0.60049300923 -0.799581494178 -0.008807952902
75 -0.735526893144 -0.644927018187 -0.207531517305
76 -0.538707802076 -0.483991400396 0.689598599422
77 -0.265341372971 -0.908357461323 -0.323234710774
78 -0.791848830733 -0.032670723693 -0.609842646164
79 -0.473900085652 0.796539374368 -0.375424737997
80 -0.338816766723 0.265500168401 -0.902614457654
81 0.836331201653 -0.395951641699 -0.379173335795
82 -0.685751029788 0.423434856372 -0.591986864342
83 -0.076328596784 0.93261991081 -0.352695402968
84 0.717758837864 0.680079232087 0.149380349283
85 -0.016682270623 0.394671635312 0.918670780055
86 -0.882171102749 -0.115184110971 0.456625411091
87 -0.325102010067 0.144562198247 0.934564312334
88 0.0 1.0 0.0
89 -0.0 -0.0 -1.0
90 -0.315815576018 -0.128350195474 -0.940099329468
91 -0.326600719533 0.942494737603 -0.070962240609
92 0.411074198822 0.909429524443 -0.062896288721
93 0.2651588193 0.759292068394 0.594278011895
94 0.953840800388 -0.289147257376 -0.081127005777
95 0.331534041025 -0.751316648751 -0.570621129078
96 0.962754616554 0.114398158016 -0.244982876436
97 0.488691310708 -0.505651187856 -0.710983599711
98 -0.787425612582 -0.083037096106 0.610791081566
99 0.986159029312 0.113152010405 0.12118989829
100 0.0 1.0 0.0
101 0.0 0.0 1.0
102 -0.058690515833 -0.914262997146 -0.400847346756
103 -0.876082641956 0.45216525399 0.167409042608
104 -0.470331704837 0.858008840093 -0.206419276587
105 0.068871759341 -0.98721111514 0.143773762936
106 0.843444893635 0.534537691253 0.053573949193
107 -0.139682324037 -0.735914229185 -0.662509694748
108 0.297371943778 -0.109015157905 -0.948517592035
109 0.157830151083 -0.059852853122 -0.985650688318
110 -0.773985999768 0.617061792535 -0.142057792311
111 1.0 0.0 0.0
112 0.0 1.0 0.0
113 -0.0 -0.0 -1.0
114 -0.815138281705 0.285997860644 -0.503740811733
115 0.53568574607 0.584431032727 -0.609492534362
116 -0.37561244352 -0.923432808008 -0.078658383965
117 0.369029384053 0.412393624662 -0.832915849317
118 0.457260412915 -0.841365383345 0.288127066569
119 -0.138346870031 -0.927509338285 -0.347255771654
120 -0.027511529101 0.969474211329 0.24364496575
121 -0.016624065668 0.396184799392 -0.918020285817
122 -0.394988825559 0.410573477635 -0.821835291981
123 -0.0 -1.0 -0.0
124 -0.0 -0.0 -1.0
125 -0.342147668508 -0.895903993392 0.283356679043
126 -0.873827430125 -0.057048376822 -0.482877940129
127 0.376742002297 -0.919209454654 0.11454013349
128 -0.833911050575 0.212178536182 -0.509482706784
129 -0.443014302499 0.764208569107 0.468746830054
130 -0.407176840138 0.53932819977 0.737110652337
131 -0.055652662744 -0.910069235511 -0.410702772947
132 -0.922099678228 -0.167415928532 -0.34886113324
133 0.82445825574 -0.136470346084 -0.549221657604
134 0.116095163468 0.150721938681 -0.98173561116
135 -1.0 -0.0 -0.0
136 0.0 1.0 0.0
137 -0.559326799696 -0.540378099413 0.628605632186
138 -0.945904590439 0.092269755534 -0.311047903063
139 -0.711740414521 -0.632807106402 -0.304927447804
140 0.502550284845 -0.043607734385 -0.863447495048
141 -0.264733752287 0.662170881918 0.701031927618
142 0.116865284649 0.87826006471 -0.463682826919
143 0.683343365475 -0.728097072536 0.054004609293
144 -0.0 -1.0 -0.0
145 -0.0 -0.0 -1.0
146 -0.417838667226 0.515219416016 0.748304618141
147 -0.69563943017 0.591411184434 0.407821767588
148 0.131843109636 -0.544618565133 -0.828256006893
149 -0.8676314534 0.271148439313 -0.416766343326
150 0.91205595479 0.004165739542 0.410044609703
151 0.709821727073 -0.679241918391 -0.186503437166
152 -0.218585778964 -0.975652386708 0.0179632276
153 -0.498033165697 0.250034844129 -0.830328575076
154 0.822145303635 -0.521743730441 0.227729180074
155 0.519477628685 0.294548850272 -0.802112191716
156 0.979401665133 0.127114191939 0.15688964447
157 0.0 1.0 0.0
158 -0.0 -0.0 -1.0
159 -0.294449658053 0.748179382828 -0.594581373727
160 -0.808758676557 -0.342510494056 -0.478117103392
161 0.00731605194 0.942545349332 -0.333998113523
162 0.231021014 0.80294545884 -0.549461446526
163 0.308043234661 -0.011243130845 0.951305922187
164 0.93256746328 -0.144139498863 -0.330970891922
165 0.083280931769 0.179704431146 -0.980189065349
166 0.912994086009 0.369560833532 -0.172819527926
167 -0.872914058136 -0.340998578778 0.348914052998
168 -0.0 -1.0 -0.0
169 -0.0 -0.0 -1.0
170 -0.532154660887 0.458799269529 0.711557901492
171 0.477779776089 0.862732848258 -0.165585380081
172 -0.035807005318 -0.962198828327 -0.269983838658
173 0.86975797312 0.011279111333 -0.493349622318
174 -0.892982725269 0.402747126676 0.200939305079
175 -0.965464135305 0.042889335006 0.256981533154
176 -0.703117647018 0.695471737054 -0.148137224935
177 -0.0 -0.0 -1.0
178 -0.529986065854 -0.751871435804 -0.392178676144
179 -0.679167351863 0.651135910227 0.338753206001
180 -0.322328631598 0.693511538092 -0.644318244182
181 0.153471653462 -0.858709059086 -0.488942944961
182 0.800582625601 0.523036198612 0.292404846962
183 0.583731360384 -0.154801597084 -0.797053426343
184 0.545848418462 -0.713000749683 0.440090257804
185 -0.539118053441 -0.688087872576 0.485681793016
186 0.930350785798 -0.211064870707 0.299831678978
187 0.977315472456 -0.149577403594 -0.149936878827
188 -0.0 -1.0 -0.0
189 0.0 0.0 1.0
190 -0.911296810798 -0.390909472792 -0.12933640907
191 0.204008838495 -0.564170829754 0.800057290868
192 0.241605234108 -0.23345899939 0.941872500106
193 0.56074593969 -0.623554773622 -0.544741622621
194 0.882981241311 -0.429319717195 0.189812296547
195 -0.770776591386 -0.613035442214 -0.173467555358
196 -0.0 -0.0 -1.0
197 -0.597597677845 -0.498598420063 0.627914509265
198 -0.950436020884 0.25892407345 0.17213278129
199 0.943632670868 0.25408052058 0.212133145764
200 -0.252542277843 0.434980687101 0.86429983209
201 0.713285250387 -0.093893735353 -0.694556058242
202 0.633014356958 0.539193538208 0.555484610263
203 0.707164488157 -0.443480344241 0.550675558711
204 -0.0 -1.0 -0.0
205 -0.0 -0.0 -1.0
206 -0.490162151151 0.800772380862 0.344245057521
207 -0.101040240483 -0.975578591392 -0.195031489307
208 -0.734786398833 -0.67544515591 -0.062151343089
209 0.053232022179 0.467999226739 0.882124183767
210 -0.914172379256 -0.405139986567 0.012265899511
211 -0.175795688151 -0.019668179461 -0.984230175693
212 -0.786614355217 -0.293275643349 -0.543348187799
213 -0.0 -0.0 -1.0
214 -0.449451103826 -0.164720642709 -0.877986796675
215 -0.892871345338 0.392057648122 0.221521017566
216 -0.302012046382 0.953294055597 -0.004378059329
217 0.571812890497 0.820078913841 -0.022373943214
218 -0.92855616338 -0.316848761616 -0.193365751131
219 -0.0 -1.0 -0.0
220 -0.0 -0.0 -1.0
221 -0.802943926267 0.389652686589 -0.451056354688
222 -0.0 -1.0 -0.0
223 -0.0 -0.0 -1.0
224 -0.898433367871 0.433614123322 0.069255148189
225 -0.357581811481 -0.889787782896 -0.283571771351
226 0.234608727023 -0.189790593761 -0.953382544273
227 -0.210472273574 -0.672805743236 -0.709248795505
228 0.0 0.0 1.0
229 -0.094956263642 0.969291015296 0.226844077862
230 0.801360428716 0.337873740286 -0.49362212158
231 0.361279848422 0.653059733049 0.665574831401
232 -0.848379905038 -0.525235091126 -0.066178816689
233 0.045797735572 0.900148318389 -0.433169219034
234 -0.91404084378 0.399537914671 0.069991361207
235 -0.484408064529 -0.817344774516 -0.311923623009
236 -0.489322793766 0.361266163311 0.793756866268
237 0.56394967129 -0.115525131186 0.817688640202
238 0.610475758546 -0.391025232447 0.688780528047
239 -0.403759375612 0.609553859636 -0.682218776352
240 -0.643395934307 -0.147973161798 0.751096275523
241 0.0 1.0 0.0
242 -0.0 -0.0 -1.0
243 0.348041149694 0.626919276074 -0.697021936101
244 0.928269358683 0.310999840515 -0.203948760551
245 0.970469446043 -0.166521930992 0.174526504564
246 -0.966834038846 0.204358201283 0.15319812955
247 0.0 1.0 0.0
248 -0.206813218558 0.915592138363 0.344846819325
249 -0.234625005905 -0.884359970396 0.403557368121
250 -0.041569899681 0.663688698605 0.746852900365
251 0.962928684597 0.22882344631 -0.142857197225
252 0.193373190923 0.078092467712 -0.978012461842
253 0.403343163435 0.348017880122 0.846284732006
254 0.841257574676 -0.336498886464 -0.423147955753
255 0.826839723792 -0.562224800412 0.015470777686
256 0.846703373952 -0.033456390141 0.531012303527
257 0.714724981624 0.206914845258 0.668097633175
258 0.97295099229 -0.136171115786 -0.186611344317
259 -1.0 -0.0 -0.0
260 -0.0 -1.0 -0.0
261 -0.0 -0.0 -1.0
262 -0.907357641557 -0.366343761328 0.206141599017
263 -0.059108441198 0.876910113 0.477006127735
264 -0.583102686812 0.236334845128 -0.777262566711
265 -0.347570735824 -0.509433550789 -0.787192505636
266 0.306042061087 0.179581200619 -0.934927189266
267 -0.0 -0.0 -1.0
268 -0.695281673105 -0.307830028163 -0.649479844803
269 -0.489418791791 -0.844377273908 0.217936379592
270 -0.473430530656 0.814065600977 -0.336393712708
271 -0.028844134205 0.542558556668 -0.839522619414
272 0.109652313824 -0.963972608557 0.242349293427
273 -0.931829785938 0.243160625748 -0.269381068609
274 0.158471040343 -0.811019004218 0.563147497704
275 -0.975818786267 -0.216060393085 0.03309989289
276 -0.032686421217 -0.324562940014 -0.945299156795
277 0.43645728812 -0.56290757698 0.701883249142
278 0.761806422917 -0.645773466321 -0.051260161902
279 -0.249936867253 0.742501561391 0.621468417314
280 0.516184712984 -0.493865158228 -0.699750346602
281 -0.0 -1.0 -0.0
282 0.0 0.0 1.0
283 -0.435528380785 0.63302009328 -0.640000461746
284 0.815911334168 -0.025108719543 -0.577631584126
285 0.927415127399 -0.338830232605 0.15841481921
286 -0.465938162893 -0.435430303909 0.770261045878
287 -0.250293432047 -0.83531238544 0.489496084361
288 0.0 0.0 1.0
289 0.821539586117 -0.059053496042 -0.567084996316
290 0.94540984233 -0.160216235957 -0.283779822681
291 -0.133053028509 -0.969779762336 -0.204509423178
292 -0.714720910715 0.2419577114 0.656224417162
293 0.781283309298 -0.587942998729 0.209569608623
294 0.018111984966 -0.067896863239 0.997527930417
295 -0.051163291923 -0.99850851566 -0.019054178372
296 0.746409465741 0.608404450653 0.269660775564
297 -0.170637034544 -0.136788444709 -0.975792971811
298 0.056655473577 0.993123551628 -0.102448858046
299 0.463992121588 -0.688810911983 0.55700165048
300 -0.232897640434 0.242387611375 0.941810455948
301 0.910890654821 -0.395478379271 0.117792472122
302 -0.99081933727 -0.056140650197 0.122984829502
303 -0.900139911863 -0.434901439714 0.024675429191
304 0.083228957421 -0.860792157631 -0.502105369427
305 0.568200924798 0.242949818735 0.786208047934
306 0.653131225537 0.644497415721 -0.397545825481
307 -0.254627772092 0.133303766131 -0.957807289393
308 0.660334871698 0.128550611661 0.73988688153
309 -0.424440837121 0.130950272331 0.895936382764
310 0.52165137635 -0.852785857249 0.025221483459
311 -0.094027191609 0.626909222448 -0.773397513603
312 0.800127101682 0.576240405467 0.166564150591
313 0.589493729854 0.320607363572 -0.741422997274
314 -0.707267389667 -0.333778940872 -0.623188942572
315 -0.38389924101 -0.922984274693 -0.026858916964
316 0.215075808641 -0.705170312323 0.675630984455
317 0.593460935461 -0.707005274084 -0.384639650192
318 0.838521155605 -0.516484099925 -0.173569715467
319 0.0 1.0 0.0
320 -0.0 -0.0 -1.0
321 0.171801773508 0.121321293643 -0.977632494513
322 0.917602679175 0.041629178075 -0.395312957925
323 0.746765139219 0.623800656167 0.230682830338
324 -0.853912304931 0.426031359571 0.298883014154
325 0.930607704136 0.343010347516 0.12772314786
326 1.0 0.0 0.0
327 -0.0 -1.0 -0.0
328 0.0 1.0 0.0
329 0.0 0.0 1.0
330 -0.987523386702 0.155602700047 -0.024194223576
331 0.540390627214 0.620039340287 0.568796260989
332 -0.121553847262 -0.262391000873 -0.957275104072
333 -0.0 -1.0 -0.0
334 0.0 0.0 1.0
335 -0.846623169862 0.527311545118 -0.071914829052
336 0.637458445074 -0.317244059999 0.702141678865
337 0.396401776612 0.913786101949 -0.08865997622
338 0.918708641037 0.036468564413 -0.393248619442
339 -0.703203781656 -0.016367812951 0.710799926958
340 0.848907548562 0.527412892093 -0.034519780537
341 -1.0 -0.0 -0.0
342 0.0 1.0 0.0
343 0.0 0.0 1.0
344 -0.33059024617 0.890354752999 0.313015180061
345 0.189333769621 0.980052072278 -0.06042068606
346 -0.814249845971 -0.357381281445 0.457466728854
347 0.889420470196 -0.082854636352 -0.449517893337
348 0.0 1.0 0.0
349 0.0 0.0 1.0
350 -0.140665356072 0.804389543359 0.57720942485
351 0.438930611124 -0.097762930089 0.893186614386
352 0.83511018324 0.321006738602 0.44670533422
353 -0.906964560009 -0.007911131169 0.421132640497
354 0.946288264128 0.071057066688 0.315419426238
355 -0.910149440582 0.412435297822 -0.039052796561
356 -0.0 -0.0 -1.0
357 -0.819567020228 0.538212760381 0.196562773477
358 -0.947726645997 0.27491709104 0.161971594796
359 -0.514812245768 0.231578484007 -0.825433072606
360 -0.281667801546 0.958991131964 -0.031611048489
361 -0.620934592805 -0.181595740885 0.76253735538
362 0.793053373383 0.26689540956 0.547570257886
363 -0.36270571482 -0.456832189981 0.812249293403
364 -0.0 -1.0 -0.0
365 -0.0 -0.0 -1.0
366 -0.976886990965 0.125898415128 -0.17274662356
367 -0.467797542071 -0.049075214994 -0.882472142849
368 -0.335517782497 0.731128876053 0.59403567589
369 -0.341015009377 -0.807350923135 0.481552956894
370 -0.171712187459 -0.918746662595 0.355555192126
371 0.930682166346 -0.346167842589 -0.118315383626
372 -0.730796173685 0.208625536164 -0.649932564339
373 0.36771284921 -0.069376593514 0.927347911411
374 -0.925585008418 -0.217097271907 -0.31009864031
375 0.994417243348 -0.044152668852 -0.095837821167
376 0.430471587419 -0.867922039277 -0.247801424858
377 0.12741030489 -0.635877036693 0.761201030224
378 -0.097273779475 -0.990165966549 -0.100544370871
379 -0.677996994911 -0.734341656664 -0.032594572845
380 -0.85079101599 -0.356699452884 -0.385901732858
381 -0.546380614876 -0.453179763946 0.704341057469
382 -0.0 -1.0 -0.0
383 0.0 0.0 1.0
384 0.945986815441 0.146142860429 -0.289398012013
385 0.956385018234 0.007602527289 -0.292010099957
386 -0.890468370342 0.322448117181 -0.321081443168
387 -0.421369551041 -0.700694100536 -0.575739071914
388 0.090620633653 -0.069335917815 -0.993468887916
389 -0.151817815092 -0.982726633385 -0.105828706201
390 -0.799456223674 0.252617988238 -0.545026511692
391 -0.646777713361 -0.587273461573 0.486609156132
392 -0.077126367352 -0.697625212943 0.712299505634
393 0.0 1.0 0.0
394 -0.826730282219 -0.543840667793 -0.144063765452
395 0.221682603087 0.407792637912 -0.885755038345
396 -0.309237539314 -0.082322346114 0.947414996509
397 -0.996980809249 0.069174836923 0.035271914121
398 -0.100856523617 -0.29976036209 0.948668375653
399 -0.704883552472 0.046197227682 0.707817062248
400 0.519366567496 0.549300409666 -0.654620064242
401 -0.264076627744 -0.848433115463 -0.458720811894
402 -0.0 -1.0 -0.0
403 -0.002134549165 -0.120880579855 -0.992664761696
404 -0.624770766942 -0.754609951232 0.200562484719
405 -0.194172552659 0.012196293911 -0.980891569037
406 -0.869170801081 -0.373225432961 0.324414695627
407 -0.998808312953 0.017512795752 0.045554977345
408 -0.755960053492 0.646735560242 0.101279379159
409 0.0 1.0 0.0
410 -0.0 -0.0 -1.0
411 -0.11231040636 -0.961702586903 -0.25002901225
412 0.454873449271 0.697432602915 0.553785075223
413 0.838527945493 0.070542052356 -0.540272804681
414 -0.236655309054 -0.418135695684 0.877015852018
415 -0.63098568867 0.058224516501 -0.77360646738
416 -0.915040350226 0.397189534378 0.070296737041
417 -0.729680228486 0.290627147744 -0.61895284566
418 1.0 0.0 0.0
419 -0.0 -1.0 -0.0
420 0.0 0.0 1.0
421 -0.411313605536 -0.048358524788 0.910210179564
422 0.52564492609 0.410693189839 -0.745002359389
423 0.162215113558 -0.786690373483 -0.595654692924
424 -0.580519327272 0.810793789972 0.074904878389
425 -0.655975953399 0.702091261173 -0.277062104133
426 0.974115924273 0.116164421644 -0.19391749076
427 0.0 1.0 0.0
428 -0.617759073842 0.753018474583 0.22657648515
429 0.266017739828 0.280911046253 0.922129896593
430 0.610783418814 0.58359922887 -0.535122000448
431 0.486925078931 -0.244950328673 0.838393287181
432 0.0 0.0 1.0
433 -0.694961596549 0.718106001414 -0.036771593049
434 -0.484971843907 0.80711951681 -0.336690356562
435 0.743025555241 -0.352715415016 -0.568774876616
436 0.912373045075 -0.403611167073 0.068362653806
437 0.318049405897 -0.268156781827 -0.909360498245
438 -0.019100696319 -0.836109532313 -0.54822989099
439 0.0 1.0 0.0
440 0.0 0.0 1.0
441 -0.788096038531 -0.493568762122 0.36782402193
442 0.768219756086 -0.45496733602 0.450381093646
443 0.541888302561 -0.71155443646 -0.447266532954
444 -0.943662691797 -0.286877180587 -0.164930916959
445 0.0 1.0 0.0
446 0.0 0.0 1.0
447 -0.312701574037 0.707038039017 -0.63428301016
448 0.473068631089 0.822259094829 0.316379599929
449 0.926350341853 0.126873102354 -0.354652308674
450 1.0 0.0 0.0
451 -0.0 -0.0 -1.0
452 0.417379767751 0.903191675299 0.100194446668
453 0.53765168577 0.410654134056 0.736406034041
454 0.90392601516 -0.373510430063 -0.20834518893
455 0.417587812889 -0.319744070883 -0.850519927845
456 -0.767277061019 0.420745733828 0.48400303625
457 -1.0 -0.0 -0.0
458 0.0 1.0 0.0
459 -0.0 -0.0 -1.0
460 -0.663136592332 0.378035832082 -0.646017623268
461 -0.617473177364 0.557109717163 0.555297792431
462 -0.697106770984 -0.331905224535 0.635516381987
463 -0.0 -0.0 -1.0
464 -0.639222995303 -0.725231888574 0.255798104119
465 0.34666810383 0.759008108744 0.551115157338
466 -0.911714027366 0.18296603381 -0.367832791872
467 0.650511300825 -0.726344815193 -0.221942012564
468 -0.973226342675 0.014257755379 0.229406195067
469 0.006034417993 0.993948880191 0.109677752375
470 0.077282323299 0.265327089245 0.961056178492
471 -0.0 -1.0 -0.0
472 -0.0 -0.0 -1.0
473 0.567032187567 0.484237809239 0.666324427262
474 0.0 1.0 0.0
475 -0.0 -0.0 -1.0
476 0.451532973038 -0.703920103803 0.548283194819
477 -0.5993166709 0.13144030248 -0.789647373747
478 -0.455540738802 -0.873965196739 0.169314707513
479 0.0 0.0 1.0
480 0.353493941307 -0.665500904028 0.657381609263
481 -0.585928224992 -0.796214270262 0.150767871205
482 -0.326351703418 0.904939010311 0.273093305104
483 0.819609818642 -0.473039674455 0.323223160645
484 -0.667761453692 0.267045669274 0.694824619228
485 0.58982342403 0.700550007221 -0.401669037701
486 0.907900016652 0.115963531657 -0.402827530202
487 -0.53771436441 -0.165634599476 0.826697309638
488 -0.583012067872 -0.698036887818 0.415742025732
489 0.498962384 -0.470129103889 0.728021404239
490 0.147916118647 0.666059286556 0.731085390797
491 0.883044114945 -0.336255567849 0.327361091383
492 -0.651095901587 0.088727273842 -0.753791481653
493 -0.168781559064 0.533062298926 0.829070184474
494 0.161975861441 0.441014599848 -0.882762676506
495 0.776875775578 0.625993777691 0.067792474596
496 0.423603999081 0.71455471359 0.556750584418
497 -0.936315969408 0.343206262278 -0.074309265677
498 -0.553132894609 -0.819152510909 -0.15176681051
499 -0.242908517535 -0.236178675368 -0.940858695772
500 0.764358202312 -0.33505511091 0.550903449991
501 0.779624212607 -0.583497632399 -0.227412840669
502 -0.547936102497 -0.708343297385 0.444989663509
503 0.0 1.0 0.0
504 0.0 0.0 1.0
505 0.54727945483 -0.778816094737 -0.306481139551
506 0.893056689017 0.448937425895 -0.030082184637
507 0.935380032481 -0.336429771552 0.108991759547
508 0.0 1.0 0.0
509 0.0 0.0 1.0
510 -0.159657254339 -0.209833248929 0.964613688883
511 0.985472878329 -0.147462732234 -0.084249324511
512 0.88438403894 0.265220308722 0.384087307145
513 -0.596496030061 0.402165492202 0.69459009711
514 0.576827318803 -0.304000648437 0.758191169846
515 0.750875173416 0.207744047897 0.626920158004
516 0.0 1.0 0.0
517 0.0 0.0 1.0
518 -0.799500453415 -0.589889259329 0.113268207004
519 -0.842909522624 0.527847144329 0.104311691067
520 -0.79714319142 -0.204871617829 0.56797038002
521 -0.15511315175 -0.983134505242 -0.096883717709
522 0.106776626361 0.503947861607 0.85710868905
523 -0.902905807463 -0.207150367379 -0.376629563555
524 -0.729470283014 0.564207258402 -0.386708256656
525 -0.0 -1.0 -0.0
526 -0.282928304931 0.781365337908 -0.556255141985
527 -0.195923283924 0.964060994791 0.179444880503
528 0.042737752456 0.46953514418 -0.881878808508
529 0.922229488593 -0.008441054812 -0.38655079739
530 0.878507934033 0.047376995886 0.475372727554
531 0.0 1.0 0.0
532 -0.0 -0.0 -1.0
533 0.290740940903 0.917317076394 -0.272027731379
534 0.0 1.0 0.0
535 0.0 0.0 1.0
536 -0.17055660127 -0.779907715639 -0.602207938216
537 -0.349659422854 0.788893260871 0.505357013369
538 -0.88718109994 -0.404925604555 0.221235057538
539 -0.25505572357 0.146911961704 0.955700504019
540 0.0 1.0 0.0
541 -0.0 -0.0 -1.0
542 -0.265380040358 -0.040067979173 -0.96331095251
543 -0.0 -0.0 -1.0
544 -0.186927453897 0.304447605677 0.934007378117
545 0.0 1.0 0.0
546 0.0 0.0 1.0
547 -0.0 -1.0 -0.0
548 0.0 0.0 1.0
549 0.662724400671 0.319575666168 0.677250147544
550 -0.18943931997 0.051824938321 0.9805237987
551 0.251579389547 0.33601805089 0.90763411143
552 -0.93092616145 0.104428587813 0.349958786109
553 -0.917062755393 0.205855926068 0.341495593491
554 0.0 1.0 0.0
555 -0.0 -0.0 -1.0
556 -0.488967823493 -0.8717458517 0.031139005008
557 0.959164729882 -0.230842094312 0.163447081481
558 0.116683902022 0.239674972143 -0.963815736921
559 0.906079695938 -0.266455036172 -0.32866593725
560 -0.0 -0.0 -1.0
561 0.710667828784 -0.04879255979 0.70183368631
562 0.930066209017 -0.357696658267 0.083844782246
563 -0.0 -1.0 -0.0
564 -0.758743421072 0.627595322089 0.174449226631
565 -0.827628756157 -0.561082729738 -0.014724549974
566 0.858361998229 -0.068342261195 0.50847223654
567 0.862299776294 -0.185464850241 0.471213205597
568 0.0 1.0 0.0
569 0.0 0.0 1.0
570 -0.968163341982 0.250112211266 -0.010179637396
571 0.781548873959 -0.101350142988 -0.615556257486
572 -0.0 -0.0 -1.0
573 -0.26582029747 -0.96230484923 0.057523443937
574 -0.89888252929 0.31924833882 0.300151123101
575 0.0 1.0 0.0
576 0.0 0.0 1.0
577 -0.23551269608 0.971698664092 0.018316009022
578 -0.0 -1.0 -0.0
579 0.0 0.0 1.0
580 0.153661129706 -0.972034776642 0.177585613765
581 0.858223264482 0.439267003444 0.265513329209
582 -0.85624358681 0.393640406358 -0.334505830336
583 0.517908798461 -0.660326377258 0.543819411178
584 0.663521124663 -0.747237640968 -0.037089419598
585 -0.625735850473 -0.701278420835 -0.341559982878
586 -0.024013593598 -0.752408130412 0.658259335378
587 -1.0 -0.0 -0.0
588 -0.0 -1.0 -0.0
589 0.0 0.0 1.0
590 0.783674646604 0.287290244911 -0.550743464281
591 0.061406438926 0.985770330295 0.156480366718
592 0.440351131932 0.779974215477 -0.444669656934
593 -0.0 -1.0 -0.0
594 -0.0 -0.0 -1.0
595 -0.466961190601 0.144032433633 -0.872468855911
596 -0.0 -1.0 -0.0
597 0.0 0.0 1.0
598 -0.533808527628 0.194246077738 0.822992659211
599 -0.0 -1.0 -0.0
600 0.0 0.0 1.0
601 -0.615831233737 -0.772502615517 0.154892222444
602 -0.0 -0.0 -1.0
603 0.234055934725 0.387279385731 0.891758093211
604 -1.0 -0.0 -0.0
605 -0.0 -1.0 -0.0
606 0.0 0.0 1.0
607 -0.67741637481 -0.704367093337 0.212070867786
608 0.896581471365 -0.442877999184 0.000862000539
609 0.0 0.0 1.0
610 -0.254797033128 0.952041470918 -0.169397489834
611 1.0 0.0 0.0
612 -0.0 -1.0 -0.0
613 -0.0 -0.0 -1.0
614 -0.494279908735 -0.156853260754 -0.855034751582
615 0.0 1.0 0.0
616 -0.0 -0.0 -1.0
617 -0.0 -1.0 -0.0
618 0.0 0.0 1.0
619 -0.0 -1.0 -0.0
620 0.0 1.0 0.0
621 -0.0 -0.0 -1.0
622 -0.255450472661 0.161328609738 0.953267085185
623 -0.692067937283 0.205034884758 -0.692100185102
624 0.0 0.0 1.0
625 0.0 1.0 0.0
626 -0.0 -1.0 -0.0
627 -0.345985642202 0.932696263281 0.101841130457
628 0.0 1.0 0.0
629 0.0 0.0 1.0
630 0.0 1.0 0.0
631 0.0 0.0 1.0
632 1.0 0.0 0.0
633 -0.0 -1.0 -0.0
634 -0.0 -0.0 -1.0
635 0.0 1.0 0.0
636 0.0 0.0 1.0
