0.259298730309
0.193691589684
0.154108699082
0.059177410338
0.256235648372
0.024367665115
0.008924207864
0.016838491032
0.029000872563
0.000084266248
0.001010024257
0.133158263804
0.188258254471
0.087370467337
0.119776649565
0.073197576109
0.149305203755
0.000437311388
0.036358581500
0.020626245850
0.025052713540
0.008148805642
0.022724739238
0.004130981777
0.019686305095
0.318902326075
0.161254336621
0.270796243432
0.100709267112
0.082478497766
0.058777007045
0.000036866033
0.031057540549
0.011281022284
0.130980103162
0.109134108773
0.104204817878
0.140549993834
0.043876014696
0.021744777679
0.030959516378
0.001053028809
0.000251077258
0.205285384252
0.164031884068
0.326769757566
0.201924960020
0.203156337550
0.009562347261
0.233695220060
0.011357830899
0.018356438647
0.250660703068
0.044204673907
0.100412091664
0.250493944593
0.184910438599
0.044309646140
0.164211672206
0.036148158304
0.074199733970
0.041839427619
0.002386988294
0.058070319026
0.033725112481
0.113407357020
0.197982253800
0.095465566446
0.066332826495
0.033886430780
0.104576702293
0.027307561380
0.022364107931
0.031477994351
0.010695605846
0.144923149083
0.147803730617
0.101528864253
0.101036018650
0.031595415436
0.058949313177
0.010634397579
0.049818035543
0.018544669668
0.076264367311
0.173030050428
0.106602156037
0.121287846697
0.089854113415
0.123724921195
0.062116688839
0.064185657103
0.009025872711
0.022134202473
0.011952485178
0.044867064791
0.006697436039
0.075158067833
0.208857994022
0.064184373508
0.154969757552
0.038081646837
0.138822434122
0.118697257874
0.008486727526
0.069556928498
0.035252176471
0.013268562549
0.018050037774
0.000000687397
0.022395836789
0.219097371688
0.145718302235
0.110382911898
0.078785520010
0.104999683931
0.123483308298
0.025621869629
0.052778198749
0.010418292612
0.031447457275
0.018496997802
0.172022183066
0.162668012724
0.133867147010
0.023493926635
0.008932801869
0.066863839209
0.044099530427
0.002019150327
0.155683527614
0.070342850924
0.129473003326
0.019313298971
0.095677186428
0.076376991522
0.150916820930
0.011183435771
0.013706796969
0.012137687592
0.083082186472
0.048484251976
0.067015745590
0.253410638538
0.270755742003
0.177791033915
0.108538811797
0.105648428687
0.061346687877
0.104479641862
0.094996348021
0.009063590800
0.117223013364
0.139835034621
0.141256580178
0.003444055020
0.091167315191
0.021929357571
0.003849876946
0.003345501761
0.002961594368
0.126295662002
0.106985950824
0.097601040528
0.089202109740
0.092206880394
0.011144902300
0.003492861356
0.000016592548
0.005987278086
0.000032614751
0.007173011101
0.223610505510
0.115890193373
0.137179876217
0.041186179095
0.034949013379
0.010631605031
0.000095903496
0.007942142770
0.087468514155
0.167620061783
0.069844213842
0.087804028077
0.157136310171
0.010474659287
0.015774105554
0.126709050158
0.011079749007
0.171688761671
0.164364909971
0.143101971238
0.111693299246
0.025453196028
0.053782120130
0.064311261591
0.010515028432
0.012383000969
0.080330740835
0.082932020730
0.024167463647
0.064740409297
0.050732292397
0.005080465158
0.084243081217
0.125828059069
0.115918800141
0.068268213846
0.005551819228
0.026951939820
0.000901216274
0.001899449415
0.018248029095
0.145999559111
0.058397264567
0.068869499220
0.010527280068
0.013705970397
0.005949845652
0.126559438606
0.141164771921
0.209435231688
0.174300541570
0.068475491153
0.068206428422
0.010690038853
0.017657454580
0.053602496194
0.003884046259
0.139572731731
0.155536299442
0.141679090392
0.092129362189
0.095889239955
0.037379674424
0.000004217341
0.097946901401
0.177891717696
0.126524060193
0.112841774833
0.074252066207
0.061864002734
0.184574075974
0.123824068449
0.108195239212
0.049034733547
0.060439920500
0.024616068705
0.025748596540
0.008309775620
0.000303324102
0.002565872133
0.184206649782
0.118285059448
0.032533669746
0.065858255607
0.040496078831
0.024382901611
0.001337830949
0.041086564980
0.011182797043
0.000015926481
0.093919246996
0.193647616238
0.168507648691
0.008874303474
0.074652737736
0.010713729250
0.021876207495
0.007729358199
0.155515169386
0.149393669289
0.082892748395
0.104577057236
0.004431789415
0.043088046731
0.001265334814
0.006871308966
0.003563826485
0.205565720376
0.037962369419
0.149319067765
0.102329806161
0.025359771538
0.110961153970
0.062603972865
0.156304324796
0.144961986239
0.157119439716
0.030867303409
0.103086351964
0.046239446854
0.003719116304
0.001102796017
0.103782681798
0.146942259607
0.053436218835
0.091553831045
0.085787888014
0.037146734763
0.072562047064
0.011550055046
0.117559479718
0.005247033266
0.019556315893
0.003478000746
0.057541723496
0.140256458137
0.019378417800
0.089074741294
0.071898132922
0.040845314064
0.000427058680
0.010012257484
0.142274172579
0.072144297054
0.147375632519
0.091668753003
0.011769306757
0.041552872999
0.252686773523
0.090295245706
0.118685774801
0.059897251295
0.053074603298
0.002312490879
0.034997505970
0.083890104639
0.003976338294
0.065598666845
0.006510184110
0.096653576710
0.118281657815
0.081365599965
0.105741596997
0.087181758882
0.000573108696
0.058552067098
0.088786522466
0.023709345856
0.067001282583
0.020330276867
0.054360797450
0.074602115785
0.192220304790
0.180746938743
0.052439580904
0.002237168123
0.076362236678
0.159984167806
0.020865960780
0.093271957360
0.046022462414
0.000133585172
0.002934814415
0.017919498695
0.095436768438
0.149639026546
0.166676292486
0.090178120357
0.053628108224
0.037788223425
0.004245083399
0.025219669032
0.101464846626
0.136818066996
0.059277254595
0.011116850038
0.062703578733
0.006207655622
0.011560859283
0.178794284997
0.038320833602
0.207380898299
0.129472811053
0.153152978811
0.001574677473
0.000268473193
0.000700179011
0.194010435121
0.090351396200
0.205859540736
0.107942506013
0.040612900447
0.066041571371
0.020495722315
0.205648689625
0.024793032035
0.017230100771
0.014851754336
0.092359114479
0.188393897748
0.104936390606
0.024680551867
0.040976455681
0.019868828423
0.063104564666
0.024754913256
0.023379017757
0.001137474453
0.035537462533
0.042988283787
0.204224520059
0.024960828699
0.104509874561
0.002297485456
0.064094996055
0.001178896488
0.145943597993
0.091669059450
0.059823946964
0.046432423460
0.002779710034
0.195128992276
0.078719256225
0.077098434160
0.001302329671
0.315045050717
0.134158548138
0.128205556956
0.138633376963
0.004251315925
0.030895044087
0.067065738474
0.058507527724
0.110592268243
0.141250673660
0.100761555387
0.133304020503
0.021733486000
0.098341002477
0.304611107387
0.001170280302
0.090966072631
0.040901752806
0.113478416093
0.010351053642
0.003330083648
0.153470601311
0.301902245106
0.174520294150
0.012549213047
0.039941056406
0.015372652647
0.001743736981
0.062535412167
0.098913671217
0.010625645639
0.251494985972
0.037638670103
0.032621909524
0.262809993502
0.020014541068
0.245713912236
0.156404484239
0.103037176298
0.080165500961
0.192941018619
0.054579192354
0.005363024016
0.050148491659
0.196960288910
0.095665182246
0.106791753178
0.059846569669
0.100073352103
0.019787388245
0.237670288720
0.261382551109
0.093780261902
0.030710972872
0.038073690222
0.282429686386
0.146768288372
0.071369923770
0.074496639782
0.154729358954
0.075443310950
0.141216710743
0.067740397068
0.007261012500
0.033374949611
0.005843358439
0.045298812650
0.362253803899
0.021340332847
0.017337475587
0.065953193861
0.029865014816
0.066414140582
0.095775685845
0.127616111782
0.010473542724
0.001628552316
0.019612758317
0.144189682113
0.082474923391
0.108424722928
0.214328018587
0.082787742922
0.001267290387
0.047551792251
0.006561628332
0.242889947216
0.100088301455
0.043909159678
0.049041548174
0.007301244266
0.292748012951
0.025407489282
0.193075247293
0.030581537988
0.022030689070
0.001447373379
0.020151050586
0.114427280783
0.034067937287
0.049392419230
0.171884311333
0.199276879861
0.204727850516
0.169166262070
0.000470980918
0.139732254256
0.224379778153
0.010852123938
0.076883465382
0.068616178842
0.004235105882
0.038146598666
0.036268282659
0.025608547085
0.013602045114
0.195088010989
0.010478238330
0.188937845673
0.017823922845
0.116121860233
0.005218535121
0.001869968746
0.109046846958
0.198814137462
0.041807699425
0.049282853866
0.018030665686
0.004560064800
0.219863749522
0.059690624894
0.091595345571
0.040884072560
0.019134321865
0.021843581501
0.095104451292
0.009138563340
0.144084876082
0.038426293132
0.080339085649
0.225675366918
0.170604127853
0.109085478296
0.087015082707
0.000726838225
0.168279534461
0.016819724932
0.108342789823
0.065481223430
0.226968345821
0.123479508609
0.030037327291
0.275338017068
0.049039280373
0.083162145880
0.084800801751
0.140265850801
0.181036640609
0.105138675898
0.150675516230
0.084257736692
0.171886594394
0.229199271989
0.072976224093
0.061915551594
0.034910336987
0.004288491970
0.245136040660
0.102931208834
0.113661202891
0.284292030973
0.014201197225
0.193238433953
0.192615750662
0.172947157895
0.045719549224
0.070010968398
0.016597123914
0.135018174698
0.261814778649
0.203824417410
0.080607965018
0.013732631532
0.000586271997
0.008590093807
0.212548873573
0.043687429591
0.135917372081
0.252587686177
0.125227176174
0.099315705521
0.063122294064
0.016744022240
0.131614346282
0.020500343806
0.082510724432
0.099417789639
0.207107376918
0.070753733208
0.000761636516
0.000292302324
0.229742743987
0.038157861706
0.157226196647
0.270859845102
0.132846966785
0.025114761045
0.248864796496
0.005563828928
0.064169706991
0.108659225926
0.220894664134
0.057655679616
0.171941055108
