3.079681309123 0.190455177614 0.952681777163
0.007681355878 0.453949014214 0.840907997743
3.381848189905 0.643436827737 0.051021008601
1.420137722892 0.704870524730 0.550008579128
0.541537538740 0.785436301975 0.444488329058
3.046163905603 0.083896723147 0.403131879601
3.938987338289 0.736327010374 0.622997255643
2.227237192599 0.528298040987 0.302519843662
1.825167745985 0.916421896412 0.429827253624
4.333578919654 0.773935715104 0.803822518197
4.514089675916 0.707761319674 0.228053245244
1.877625849020 0.197039961633 0.229758545769
0.418025366746 0.674535559274 0.531745787327
4.321128263587 0.233371022182 0.187644485835
2.995722854625 0.879914539804 0.067452609695
2.843978561959 0.073311449306 0.310002386044
1.104239915993 0.690377211148 0.273402345422
4.362954404010 0.352866107668 0.865145533093
2.000562349595 0.518945711506 0.127946136268
0.755616720192 0.022662606068 0.069585812989
3.845472591179 0.535228083009 0.055890797289
4.424345814981 0.106097768835 0.002792827911
1.544131171201 0.175267550522 0.045469042467
2.631118010524 0.559947268092 0.764629893399
4.433727920285 0.735956891768 0.178391124200
2.298682508691 0.772880652519 0.389553410364
0.533695957383 0.385212054613 0.225442656646
2.371022736062 0.286620838765 0.416427081953
0.531965366551 0.046545535139 0.979495073177
3.970367184160 0.543748344249 0.780752028103
2.332984693854 0.621019899699 0.332356875579
1.907150076466 0.679839701598 0.447639981867
1.681347255972 0.457021792147 0.585080920471
1.713656874978 0.597106400443 0.179907379558
4.835051044178 0.374136121626 0.895862972335
1.793824093403 0.088243327095 0.938411389771
0.216103132400 0.692056932611 0.878674746872
1.326616284590 0.934690672448 0.857023283854
1.157543747163 0.392130064676 0.103582501809
2.262360122924 0.099148999521 0.464814142077
3.151843978024 0.309500506428 0.663166346740
3.516558096139 0.173844850830 0.616801118782
0.920324214874 0.866702114170 0.365135308169
1.424500774660 0.272044530131 0.531612645366
2.353417526448 0.979190540486 0.295408629740
4.593285165219 0.096736128835 0.641388669745
1.100304613023 0.985097027268 0.396498201754
2.388236053504 0.457542117643 0.914240359079
2.218271604827 0.740407247681 0.796243012332
1.882040408099 0.939535440688 0.599122106627
4.770792393410 0.235424825609 0.389805714697
0.508314227549 0.761765641982 0.430273648937
3.569889146318 0.656236107085 0.124262937854
1.331510567158 0.277885396340 0.061858762582
1.011061265500 0.890857289197 0.087143047938
3.748590026981 0.559690018509 0.933838380224
2.855911920368 0.393982317390 0.399979581362
2.653485238872 0.331627906699 0.711196100889
4.270595888361 0.442110559379 0.505095609665
2.023936616651 0.618699137424 0.886943984621
3.615015064098 0.811163235348 0.685433206059
0.859721720314 0.755221777975 0.607278643486
0.785257248835 0.283252828219 0.560768113897
0.956873874267 0.975333055840 0.021344894185
2.934477197958 0.747758046624 0.788293763720
1.214158514140 0.846314620705 0.354739824050
1.665443180618 0.563059326005 0.454265864483
0.804489297477 0.494544302680 0.163921411248
4.023879024572 0.933778548433 0.863002509272
2.614036950748 0.224221341012 0.926187866315
3.266762231548 0.994700116256 0.227684042823
2.309379471045 0.602097151048 0.197369704847
2.694459113385 0.202220239979 0.509928747456
2.968459222171 0.903148355059 0.908278827831
2.991530065805 0.339747023912 0.258865077458
0.653807790540 0.884169282886 0.632760892354
1.425308211754 0.317770093985 0.907108494251
3.961314755797 0.577683414960 0.282184358852
0.120443958151 0.196894489357 0.909201751895
2.515231883928 0.350468208494 0.551136421488
3.566727428533 0.135459148065 0.066797561624
2.380331386080 0.111525005340 0.687359888964
3.943491912929 0.019247551285 0.770743168380
3.080933486107 0.663399302211 0.239518200322
0.366469555755 0.287085941252 0.736302206766
0.711557010804 0.645902551978 0.628269689727
4.713218197131 0.110836767419 0.375984693210
2.116126630238 0.615365376241 0.006519144064
0.874787808113 0.035995574405 0.736790919305
2.497687259675 0.068820707889 0.506427930245
3.744407829311 0.854236671815 0.054425731478
4.315052411149 0.485335402913 0.677289267069
4.526045684701 0.422825670564 0.888292372131
3.679147893695 0.895451293870 0.297956886291
3.114892723555 0.111792689503 0.739679322181
1.338780430736 0.865130460630 0.807108649598
3.207123380185 0.872198727535 0.720304382729
3.093122962730 0.170478866320 0.746087267430
4.532655099660 0.053537431335 0.063635919848
2.852303867867 0.933155556587 0.907057526283
