0.058874663292
0.050805912200
0.055764876285
0.024803764803
0.104238043288
0.055749551593
0.025861684330
0.041271701744
0.034156344524
0.060149778273
0.115578952914
0.056548255426
0.040386336456
0.066824199792
0.095151769446
0.019691681838
0.035108912378
0.017696205275
0.052999488610
0.069354664841
0.007293513667
0.034955072988
0.012775848737
0.050753532739
0.040391213484
0.036767458835
0.032612269970
0.040863978451
0.046083775778
0.042606981505
0.052586395025
0.030017523046
0.062659289145
0.058878856017
0.020694099570
0.074284679129
0.035017853776
0.047937380300
0.016439546420
0.055476900060
0.038986523745
0.049589894039
0.108102090206
0.036633526580
0.051752517488
0.049915566439
0.062780653123
0.024070662446
0.051417540456
0.047266454154
0.060620252669
0.034692098058
0.059419887345
0.104524069969
0.101387383568
0.035687434721
0.066574768945
0.027839373844
0.073143252241
0.061039068085
0.038907739316
0.016788617470
0.040193397035
0.040189829352
0.076576790305
0.053766410327
0.020182199205
0.043118468306
0.037250064917
0.046537977262
0.091366126531
0.046592320939
0.037918500176
0.060228180880
0.061864233481
0.023720846195
0.063472441771
0.063843394137
0.016733037119
0.028490582072
0.030461273837
0.021052790534
0.083016935567
0.090473656367
0.055108834399
0.037177306883
0.087175053441
0.051710947318
0.033413274975
0.041884474653
0.014579941363
0.036369369760
0.039614272118
0.084712813567
0.081244724144
0.051413782196
0.044201758319
0.040203751213
0.046437803363
0.096450105117
