0 0 5
2 0 1
10 0 1
22 0 1
23 0 1
1004 0 -1
1005 0 -1
1006 0 -1
1 1 5
3 1 1
14 1 1
123 1 1
1024 1 1
0 2 1
2 2 5
13 2 1
19 2 -1
26 2 1
128 2 1
789 2 -1
790 2 -1
1 3 1
3 3 4
4 3 -1
5 3 -1
8 3 -1
9 3 -1
787 3 -1
1003 3 -1
3 4 -1
4 4 5
6 4 1
7 4 1
8 4 1
17 4 -1
24 4 -1
994 4 -1
995 4 -1
3 5 -1
5 5 5
7 5 1
8 5 1
9 5 1
25 5 -1
513 5 -1
514 5 -1
515 5 -1
4 6 1
6 6 5
7 6 1
8 6 1
9 6 1
10 6 1
15 6 -1
22 6 1
865 6 1
1008 6 -1
4 7 1
5 7 1
6 7 1
7 7 5
9 7 1
13 7 1
16 7 -1
19 7 -1
791 7 -1
3 8 -1
4 8 1
5 8 1
6 8 1
8 8 5
20 8 -1
634 8 1
926 8 -1
927 8 -1
928 8 -1
3 9 -1
5 9 1
6 9 1
7 9 1
9 9 5
21 9 -1
961 9 1
1031 9 1
1069 9 1
0 10 1
6 10 1
10 10 5
12 10 1
13 10 1
23 10 1
1012 10 -1
11 11 5
13 11 1
14 11 1
24 11 1
25 11 1
945 11 -1
10 12 1
12 12 5
14 12 1
17 12 1
20 12 1
21 12 1
143 12 1
760 12 -1
761 12 -1
764 12 -1
2 13 1
7 13 1
10 13 1
11 13 1
13 13 5
26 13 1
1 14 1
11 14 1
12 14 1
14 14 5
139 14 -1
761 14 1
1026 14 1
6 15 -1
15 15 5
16 15 1
22 15 -1
23 15 -1
1011 15 1
7 16 -1
15 16 1
16 16 5
19 16 1
26 16 -1
141 16 -1
765 16 -1
4 17 -1
12 17 1
17 17 5
19 17 1
20 17 1
27 17 -1
772 17 1
778 17 1
18 18 5
19 18 1
20 18 1
21 18 1
22 18 1
25 18 -1
771 18 1
776 18 1
2 19 -1
7 19 -1
16 19 1
17 19 1
18 19 1
19 19 5
21 19 1
68 19 -1
147 19 1
765 19 1
767 19 -1
768 19 -1
769 19 -1
8 20 -1
12 20 1
17 20 1
18 20 1
20 20 5
785 20 -1
9 21 -1
12 21 1
18 21 1
19 21 1
21 21 5
780 21 -1
783 21 1
0 22 1
6 22 1
15 22 -1
18 22 1
22 22 5
24 22 -1
869 22 1
944 22 1
946 22 -1
947 22 -1
0 23 1
10 23 1
15 23 -1
23 23 5
27 23 1
523 23 1
4 24 -1
11 24 1
22 24 -1
24 24 5
28 24 -1
938 24 -1
5 25 -1
11 25 1
18 25 -1
25 25 5
518 25 -1
519 25 -1
520 25 -1
2 26 1
13 26 1
16 26 -1
26 26 5
29 26 1
638 26 -1
794 26 -1
797 26 1
17 27 -1
23 27 1
27 27 5
28 27 1
529 27 -1
530 27 -1
531 27 -1
532 27 -1
533 27 -1
24 28 -1
27 28 1
28 28 5
29 28 -1
390 28 1
992 28 1
998 28 -1
999 28 1
26 29 1
28 29 -1
29 29 5
931 29 1
30 30 5
32 30 1
33 30 1
34 30 1
38 30 1
1046 30 -1
31 31 4
33 31 1
34 31 1
35 31 1
715 31 -1
1044 31 -1
30 32 1
32 32 5
34 32 1
35 32 1
38 32 -1
40 32 -1
716 32 -1
30 33 1
31 33 1
33 33 5
35 33 1
42 33 -1
319 33 -1
320 33 -1
30 34 1
31 34 1
32 34 1
34 34 5
576 34 -1
577 34 -1
578 34 -1
31 35 1
32 35 1
33 35 1
35 35 5
40 35 1
42 35 1
1056 35 -1
36 36 5
39 36 1
622 36 1
1048 36 1
1049 36 -1
37 37 5
40 37 -1
41 37 -1
717 37 1
720 37 -1
721 37 -1
722 37 -1
30 38 1
32 38 -1
38 38 5
41 38 1
36 39 1
39 39 5
42 39 -1
43 39 -1
627 39 1
1047 39 1
1049 39 1
32 40 -1
35 40 1
37 40 -1
40 40 5
43 40 1
720 40 -1
724 40 -1
37 41 -1
38 41 1
41 41 5
44 41 1
324 41 1
328 41 -1
333 41 -1
33 42 -1
35 42 1
39 42 -1
42 42 5
332 42 1
337 42 -1
39 43 -1
40 43 1
43 43 5
582 43 -1
590 43 1
41 44 1
44 44 5
326 44 -1
330 44 -1
335 44 1
45 45 5
47 45 1
48 45 1
49 45 1
50 45 1
52 45 -1
58 45 -1
61 45 -1
46 46 5
48 46 1
49 46 1
50 46 1
51 46 1
369 46 1
375 46 -1
376 46 -1
377 46 -1
45 47 1
47 47 5
49 47 1
50 47 1
51 47 1
53 47 -1
58 47 1
1015 47 1
45 48 1
46 48 1
48 48 5
50 48 1
51 48 1
491 48 1
548 48 1
1068 48 1
45 49 1
46 49 1
47 49 1
49 49 5
51 49 1
52 49 1
53 49 1
56 49 1
57 49 1
490 49 1
45 50 1
46 50 1
47 50 1
48 50 1
50 50 5
67 50 1
131 50 1
347 50 1
489 50 1
1051 50 1
46 51 1
47 51 1
48 51 1
49 51 1
51 51 5
65 51 -1
66 51 -1
130 51 1
375 51 1
402 51 1
1022 51 1
45 52 -1
49 52 1
52 52 5
54 52 1
55 52 1
56 52 1
59 52 1
60 52 1
917 52 -1
47 53 -1
49 53 1
53 53 5
55 53 1
56 53 1
57 53 1
63 53 1
910 53 1
915 53 1
52 54 1
54 54 5
55 54 1
56 54 1
57 54 1
497 54 -1
907 54 1
908 54 1
52 55 1
53 55 1
54 55 1
55 55 5
57 55 1
64 55 -1
498 55 -1
913 55 -1
49 56 1
52 56 1
53 56 1
54 56 1
56 56 5
65 56 -1
801 56 1
803 56 1
49 57 1
53 57 1
54 57 1
55 57 1
57 57 5
66 57 -1
786 57 1
45 58 -1
47 58 1
58 58 5
60 58 1
61 58 1
62 58 -1
967 58 1
1019 58 -1
52 59 1
59 59 5
60 59 1
61 59 1
378 59 1
379 59 1
381 59 1
382 59 1
383 59 1
384 59 1
52 60 1
58 60 1
59 60 1
60 60 5
64 60 -1
65 60 -1
381 60 -1
932 60 1
45 61 -1
58 61 1
59 61 1
61 61 5
68 61 -1
773 61 1
778 61 -1
780 61 1
782 61 1
58 62 -1
62 62 5
63 62 1
1014 62 -1
1020 62 -1
53 63 1
62 63 1
63 63 5
368 63 1
385 63 1
55 64 -1
60 64 -1
64 64 5
66 64 1
137 64 -1
51 65 -1
56 65 -1
60 65 -1
65 65 5
138 65 -1
51 66 -1
57 66 -1
64 66 1
66 66 5
135 66 -1
774 66 1
50 67 1
67 67 5
68 67 -1
149 67 -1
789 67 -1
796 67 1
798 67 1
19 68 -1
61 68 -1
67 68 -1
68 68 5
147 68 -1
762 68 -1
765 68 -1
766 68 1
769 68 1
69 69 5
80 69 1
81 69 1
82 69 1
83 69 1
727 69 1
860 69 1
885 69 1
70 70 5
74 70 -1
99 70 -1
100 70 -1
214 70 -1
215 70 -1
216 70 -1
217 70 -1
218 70 -1
71 71 5
86 71 -1
87 71 -1
88 71 -1
678 71 1
857 71 1
920 71 1
1000 71 -1
72 72 5
74 72 1
75 72 1
76 72 1
77 72 1
81 72 1
91 72 -1
314 72 -1
656 72 -1
73 73 5
75 73 1
76 73 1
77 73 1
78 73 1
80 73 1
654 73 -1
70 74 -1
72 74 1
74 74 5
76 74 1
77 74 1
78 74 1
79 74 1
85 74 -1
228 74 1
72 75 1
73 75 1
75 75 5
77 75 1
78 75 1
86 75 -1
308 75 -1
463 75 1
511 75 -1
655 75 -1
683 75 -1
684 75 -1
72 76 1
73 76 1
74 76 1
76 76 5
78 76 1
87 76 -1
92 76 1
95 76 1
72 77 1
73 77 1
74 77 1
75 77 1
77 77 5
684 77 1
748 77 1
73 78 1
74 78 1
75 78 1
76 78 1
78 78 5
95 78 -1
96 78 1
97 78 1
313 78 -1
512 78 -1
827 78 -1
74 79 1
79 79 5
81 79 1
82 79 1
83 79 1
84 79 1
85 79 -1
99 79 1
69 80 1
73 80 1
80 80 5
82 80 1
83 80 1
84 80 1
740 80 1
885 80 -1
888 80 1
69 81 1
72 81 1
79 81 1
81 81 5
83 81 1
84 81 1
90 81 -1
671 81 1
69 82 1
79 82 1
80 82 1
82 82 5
84 82 1
96 82 -1
955 82 -1
1038 82 -1
69 83 1
79 83 1
80 83 1
81 83 1
83 83 5
92 83 -1
97 83 -1
738 83 1
864 83 -1
972 83 -1
79 84 1
80 84 1
81 84 1
82 84 1
84 84 5
85 84 1
86 84 1
87 84 1
863 84 -1
74 85 -1
79 85 -1
84 85 1
85 85 5
87 85 1
88 85 1
100 85 -1
71 86 -1
75 86 -1
84 86 1
86 86 5
88 86 1
678 86 1
682 86 1
71 87 -1
76 87 -1
84 87 1
85 87 1
87 87 5
94 87 -1
95 87 -1
415 87 1
419 87 1
420 87 1
71 88 -1
85 88 1
86 88 1
88 88 5
97 88 1
101 88 1
813 88 1
862 88 -1
89 89 5
90 89 1
91 89 1
100 89 -1
657 89 -1
672 89 -1
81 90 -1
89 90 1
90 90 5
95 90 -1
97 90 1
98 90 1
316 90 -1
667 90 1
72 91 -1
89 91 1
91 91 5
101 91 1
668 91 1
670 91 1
76 92 1
83 92 -1
92 92 5
93 92 1
94 92 1
101 92 1
424 92 -1
432 92 1
435 92 -1
92 93 1
93 93 5
94 93 1
95 93 1
99 93 1
416 93 -1
430 93 -1
87 94 -1
92 94 1
93 94 1
94 94 5
417 94 -1
425 94 -1
428 94 1
429 94 1
430 94 1
76 95 1
78 95 -1
87 95 -1
90 95 -1
93 95 1
95 95 5
96 95 -1
436 95 1
78 96 1
82 96 -1
95 96 -1
96 96 5
98 96 1
708 96 -1
821 96 -1
824 96 -1
825 96 -1
78 97 1
83 97 -1
88 97 1
90 97 1
97 97 5
98 97 1
829 97 -1
90 98 1
96 98 1
97 98 1
98 98 5
484 98 1
747 98 -1
752 98 1
753 98 1
70 99 -1
79 99 1
93 99 1
99 99 5
100 99 1
218 99 -1
221 99 -1
227 99 1
233 99 -1
234 99 -1
70 100 -1
85 100 -1
89 100 -1
99 100 1
100 100 5
214 100 -1
222 100 -1
223 100 -1
224 100 -1
88 101 1
91 101 1
92 101 1
101 101 5
971 101 1
976 101 1
979 101 1
102 102 5
104 102 1
105 102 1
112 102 1
319 102 1
324 102 -1
103 103 5
105 103 1
106 103 1
113 103 1
115 103 1
718 103 1
730 103 1
968 103 1
1034 103 -1
102 104 1
104 104 5
106 104 1
118 104 1
119 104 -1
121 104 1
804 104 -1
805 104 -1
806 104 -1
102 105 1
103 105 1
105 105 5
122 105 -1
919 105 1
989 105 -1
103 106 1
104 106 1
106 106 5
107 106 -1
110 106 -1
897 106 1
900 106 -1
106 107 -1
107 107 5
109 107 1
113 107 -1
116 107 -1
118 107 -1
588 107 1
108 108 5
109 108 1
110 108 1
111 108 1
320 108 1
326 108 1
107 109 1
108 109 1
109 109 5
120 109 -1
901 109 -1
106 110 -1
108 110 1
110 110 5
121 110 -1
587 110 1
902 110 -1
108 111 1
111 111 5
114 111 -1
115 111 -1
333 111 1
102 112 1
112 112 5
116 112 1
117 112 1
118 112 1
328 112 1
330 112 1
331 112 1
332 112 1
103 113 1
107 113 -1
113 113 5
114 113 1
117 113 1
118 113 1
725 113 1
1035 113 1
111 114 -1
113 114 1
114 114 5
118 114 -1
120 114 -1
121 114 -1
103 115 1
111 115 -1
115 115 5
742 115 -1
968 115 -1
969 115 -1
107 116 -1
112 116 1
116 116 5
117 116 1
970 116 1
974 116 -1
975 116 -1
976 116 -1
112 117 1
113 117 1
116 117 1
117 117 5
122 117 1
586 117 1
974 117 1
986 117 1
104 118 1
107 118 -1
112 118 1
113 118 1
114 118 -1
118 118 5
120 118 1
104 119 -1
119 119 5
120 119 -1
121 119 -1
424 119 1
804 119 -1
811 119 1
813 119 -1
814 119 -1
109 120 -1
114 120 -1
118 120 1
119 120 -1
120 120 5
817 120 -1
104 121 1
110 121 -1
114 121 -1
119 121 -1
121 121 5
423 121 -1
814 121 -1
818 121 -1
105 122 -1
117 122 1
122 122 5
925 122 -1
990 122 -1
1 123 1
123 123 5
125 123 1
126 123 1
127 123 1
139 123 -1
142 123 -1
1007 123 1
124 124 5
126 124 1
127 124 1
128 124 1
145 124 1
148 124 -1
1006 124 1
1023 124 -1
123 125 1
125 125 5
127 125 1
128 125 1
132 125 -1
134 125 -1
396 125 -1
397 125 -1
123 126 1
124 126 1
126 126 4
128 126 1
130 126 -1
398 126 -1
1051 126 -1
123 127 1
124 127 1
125 127 1
127 127 5
137 127 -1
343 127 1
1052 127 -1
2 128 1
124 128 1
125 128 1
126 128 1
128 128 5
138 128 -1
147 128 -1
787 128 -1
790 128 -1
129 129 5
131 129 1
133 129 -1
134 129 -1
399 129 -1
400 129 -1
401 129 -1
51 130 1
126 130 -1
130 130 5
135 130 1
136 130 1
138 130 1
375 130 1
1022 130 1
1032 130 -1
50 131 1
129 131 1
131 131 5
149 131 -1
347 131 1
489 131 1
906 131 1
125 132 -1
132 132 5
133 132 1
135 132 1
137 132 1
138 132 1
406 132 1
129 133 -1
132 133 1
133 133 5
140 133 1
145 133 1
404 133 1
405 133 1
125 134 -1
129 134 -1
134 134 5
144 134 1
146 134 -1
408 134 -1
409 134 -1
66 135 -1
130 135 1
132 135 1
135 135 5
137 135 1
142 135 -1
143 135 -1
775 135 -1
130 136 1
136 136 5
137 136 1
138 136 1
144 136 -1
148 136 -1
387 136 1
932 136 -1
933 136 -1
64 137 -1
127 137 -1
132 137 1
135 137 1
136 137 1
137 137 5
65 138 -1
128 138 -1
130 138 1
132 138 1
136 138 1
138 138 5
141 138 -1
14 139 -1
123 139 -1
139 139 5
141 139 1
144 139 -1
793 139 -1
1013 139 1
133 140 1
140 140 5
141 140 1
142 140 1
148 140 -1
1011 140 1
16 141 -1
138 141 -1
139 141 1
140 141 1
141 141 5
149 141 1
793 141 1
123 142 -1
135 142 -1
140 142 1
142 142 5
146 142 1
12 143 1
135 143 -1
143 143 5
145 143 1
147 143 1
762 143 -1
763 143 -1
764 143 -1
134 144 1
136 144 -1
139 144 -1
144 144 5
124 145 1
133 145 1
143 145 1
145 145 5
764 145 1
945 145 1
1012 145 1
134 146 -1
142 146 1
146 146 5
147 146 1
148 146 -1
770 146 -1
771 146 -1
772 146 -1
773 146 -1
19 147 1
68 147 -1
128 147 -1
143 147 1
146 147 1
147 147 5
149 147 -1
762 147 1
766 147 -1
768 147 -1
769 147 -1
124 148 -1
136 148 -1
140 148 -1
146 148 -1
148 148 5
611 148 -1
770 148 -1
934 148 1
936 148 1
67 149 -1
131 149 -1
141 149 1
147 149 -1
149 149 5
796 149 -1
798 149 -1
800 149 -1
150 150 5
152 150 1
153 150 1
160 150 1
166 150 -1
168 150 -1
169 150 -1
956 150 -1
959 150 -1
960 150 -1
151 151 5
153 151 1
154 151 1
158 151 1
163 151 1
1002 151 -1
150 152 1
152 152 5
154 152 1
157 152 1
174 152 -1
175 152 -1
242 152 -1
243 152 -1
244 152 -1
150 153 1
151 153 1
153 153 5
171 153 -1
179 153 -1
269 153 1
545 153 -1
546 153 -1
151 154 1
152 154 1
154 154 5
172 154 -1
1017 154 1
1067 154 1
155 155 5
157 155 1
158 155 1
159 155 1
160 155 1
161 155 1
175 155 1
179 155 1
643 155 -1
156 156 5
158 156 1
159 156 1
160 156 1
161 156 1
162 156 1
448 156 1
640 156 1
152 157 1
155 157 1
157 157 5
159 157 1
160 157 1
161 157 1
162 157 1
175 157 -1
176 157 -1
246 157 1
259 157 1
151 158 1
155 158 1
156 158 1
158 158 5
160 158 1
161 158 1
162 158 1
164 158 1
633 158 -1
155 159 1
156 159 1
157 159 1
159 159 5
161 159 1
162 159 1
634 159 -1
637 159 -1
638 159 -1
150 160 1
155 160 1
156 160 1
157 160 1
158 160 1
160 160 5
162 160 1
164 160 -1
167 160 -1
168 160 -1
155 161 1
156 161 1
157 161 1
158 161 1
159 161 1
161 161 5
638 161 1
647 161 -1
156 162 1
157 162 1
158 162 1
159 162 1
160 162 1
162 162 5
168 162 1
171 162 1
172 162 1
646 162 -1
151 163 1
163 163 5
165 163 1
927 163 -1
158 164 1
160 164 -1
164 164 5
165 164 1
167 164 1
168 164 1
169 164 1
962 164 -1
163 165 1
164 165 1
165 165 5
174 165 1
175 165 1
176 165 1
245 165 -1
150 166 -1
166 166 5
167 166 1
168 166 1
169 166 1
785 166 -1
797 166 1
928 166 1
931 166 1
160 167 -1
164 167 1
166 167 1
167 167 5
169 167 1
177 167 -1
911 167 -1
964 167 -1
150 168 -1
160 168 -1
162 168 1
164 168 1
166 168 1
168 168 5
170 168 1
171 168 1
914 168 1
150 169 -1
164 169 1
166 169 1
167 169 1
169 169 5
769 169 -1
797 169 -1
801 169 1
168 170 1
170 170 5
172 170 1
173 170 1
175 170 -1
178 170 1
357 170 -1
951 170 -1
153 171 -1
162 171 1
168 171 1
171 171 5
173 171 1
176 171 -1
360 171 1
496 171 1
550 171 -1
154 172 -1
162 172 1
170 172 1
172 172 5
173 172 1
912 172 1
1042 172 -1
170 173 1
171 173 1
172 173 1
173 173 5
795 173 1
798 173 -1
803 173 -1
152 174 -1
165 174 1
174 174 5
176 174 1
250 174 1
253 174 1
254 174 1
152 175 -1
155 175 1
157 175 -1
165 175 1
170 175 -1
175 175 5
261 175 1
157 176 -1
165 176 1
171 176 -1
174 176 1
176 176 5
177 176 1
262 176 -1
167 177 -1
176 177 1
177 177 5
179 177 -1
552 177 -1
170 178 1
178 178 5
179 178 -1
280 178 -1
450 178 1
855 178 -1
895 178 -1
950 178 -1
153 179 -1
155 179 1
177 179 -1
178 179 -1
179 179 5
277 179 1
352 179 1
180 180 5
182 180 1
183 180 1
187 180 -1
188 180 -1
394 180 -1
648 180 -1
649 180 -1
181 181 5
183 181 1
184 181 1
194 181 -1
198 181 -1
199 181 -1
200 181 -1
201 181 -1
202 181 -1
610 181 -1
180 182 1
182 182 5
184 182 1
527 182 -1
652 182 -1
180 183 1
181 183 1
183 183 5
202 183 1
206 183 1
212 183 1
536 183 1
181 184 1
182 184 1
184 184 5
189 184 -1
190 184 -1
192 184 -1
542 184 1
558 184 -1
559 184 -1
560 184 -1
185 185 5
186 185 1
187 185 1
197 185 -1
198 185 -1
199 185 -1
200 185 -1
201 185 -1
202 185 -1
413 185 1
593 185 -1
612 185 -1
613 185 -1
185 186 1
186 186 5
188 186 1
189 186 -1
191 186 -1
192 186 -1
565 186 1
180 187 -1
185 187 1
187 187 5
613 187 1
838 187 -1
1021 187 1
180 188 -1
186 188 1
188 188 5
189 188 1
195 188 1
196 188 1
184 189 -1
186 189 -1
188 189 1
189 189 5
191 189 1
194 189 1
195 189 1
184 190 -1
190 190 5
191 190 1
192 190 1
236 190 -1
564 190 -1
570 190 -1
186 191 -1
189 191 1
190 191 1
191 191 5
202 191 1
208 191 1
212 191 1
535 191 1
555 191 1
562 191 -1
572 191 1
573 191 1
184 192 -1
186 192 -1
190 192 1
192 192 5
200 192 1
203 192 -1
204 192 -1
205 192 -1
207 192 -1
229 192 -1
570 192 1
571 192 1
193 193 5
194 193 1
195 193 1
196 193 1
238 193 1
456 193 -1
458 193 -1
461 193 -1
462 193 -1
181 194 -1
189 194 1
193 194 1
194 194 5
196 194 1
197 194 1
199 194 1
200 194 1
201 194 1
202 194 1
457 194 -1
458 194 1
188 195 1
189 195 1
193 195 1
195 195 5
209 195 -1
211 195 1
298 195 1
302 195 1
303 195 1
188 196 1
193 196 1
194 196 1
196 196 5
200 196 -1
203 196 1
204 196 1
206 196 1
207 196 1
231 196 1
461 196 1
464 196 -1
466 196 1
185 197 -1
194 197 1
197 197 5
198 197 1
199 197 1
200 197 1
201 197 1
595 197 1
596 197 1
597 197 1
598 197 1
599 197 1
181 198 -1
185 198 -1
197 198 1
198 198 5
200 198 1
201 198 1
202 198 1
205 198 1
211 198 -1
299 198 -1
181 199 -1
185 199 -1
194 199 1
197 199 1
199 199 5
201 199 1
202 199 1
210 199 -1
412 199 -1
591 199 1
601 199 -1
602 199 -1
603 199 -1
181 200 -1
185 200 -1
192 200 1
194 200 1
196 200 -1
197 200 1
198 200 1
200 200 5
202 200 1
204 200 -1
205 200 -1
206 200 -1
181 201 -1
185 201 -1
194 201 1
197 201 1
198 201 1
199 201 1
201 201 5
603 201 1
607 201 -1
614 201 -1
181 202 -1
183 202 1
185 202 -1
191 202 1
194 202 1
198 202 1
199 202 1
200 202 1
202 202 5
206 202 1
615 202 -1
192 203 -1
196 203 1
203 203 5
205 203 1
206 203 1
207 203 1
209 203 -1
663 203 -1
192 204 -1
196 204 1
200 204 -1
204 204 5
206 204 1
207 204 1
656 204 1
657 204 -1
660 204 1
192 205 -1
198 205 1
200 205 -1
203 205 1
205 205 5
206 205 1
207 205 1
209 205 1
312 205 -1
183 206 1
196 206 1
200 206 -1
202 206 1
203 206 1
204 206 1
205 206 1
206 206 5
208 206 1
658 206 -1
192 207 -1
196 207 1
203 207 1
204 207 1
205 207 1
207 207 5
659 207 -1
660 207 -1
663 207 1
191 208 1
206 208 1
208 208 5
212 208 1
528 208 1
871 208 1
195 209 -1
203 209 -1
205 209 1
209 209 5
293 209 -1
300 209 -1
310 209 -1
199 210 -1
210 210 5
673 210 1
676 210 -1
195 211 1
198 211 -1
211 211 5
314 211 1
316 211 -1
317 211 -1
183 212 1
191 212 1
208 212 1
212 212 5
872 212 1
878 212 -1
881 212 -1
883 212 1
213 213 5
215 213 1
216 213 1
217 213 1
218 213 1
219 213 1
727 213 1
860 213 1
1001 213 1
70 214 -1
100 214 -1
214 214 5
216 214 1
217 214 1
218 214 1
219 214 1
223 214 1
224 214 1
225 214 1
554 214 1
726 214 1
877 214 1
884 214 -1
886 214 -1
70 215 -1
213 215 1
215 215 5
217 215 1
218 215 1
219 215 1
237 215 1
370 215 1
553 215 1
830 215 -1
833 215 -1
834 215 -1
835 215 -1
70 216 -1
213 216 1
214 216 1
216 216 5
218 216 1
219 216 1
230 216 -1
234 216 -1
236 216 1
238 216 1
70 217 -1
213 217 1
214 217 1
215 217 1
217 217 4
219 217 1
677 217 -1
1065 217 -1
70 218 -1
99 218 -1
213 218 1
214 218 1
215 218 1
216 218 1
218 218 5
227 218 -1
232 218 -1
233 218 1
234 218 1
213 219 1
214 219 1
215 219 1
216 219 1
217 219 1
219 219 5
857 219 1
920 219 1
1000 219 -1
1001 219 -1
220 220 5
230 220 -1
236 220 1
238 220 1
239 220 1
456 220 1
592 220 1
836 220 1
1021 220 1
99 221 -1
221 221 5
227 221 -1
232 221 -1
233 221 1
235 221 1
297 221 1
416 221 1
455 221 1
507 221 1
680 221 -1
681 221 -1
682 221 -1
100 222 -1
222 222 5
224 222 1
225 222 1
226 222 1
239 222 1
100 223 -1
214 223 1
223 223 5
225 223 1
226 223 1
236 223 1
554 223 -1
572 223 1
100 224 -1
214 224 1
222 224 1
224 224 5
226 224 1
227 224 -1
230 224 -1
231 224 -1
657 224 -1
658 224 -1
659 224 -1
214 225 1
222 225 1
223 225 1
225 225 5
226 225 1
232 225 -1
665 225 1
222 226 1
223 226 1
224 226 1
225 226 1
226 226 5
675 226 1
740 226 -1
888 226 -1
99 227 1
218 227 -1
221 227 -1
224 227 -1
227 227 5
229 227 1
230 227 1
234 227 -1
235 227 -1
74 228 1
228 228 5
229 228 1
230 228 1
231 228 1
312 228 1
466 228 -1
656 228 -1
192 229 -1
227 229 1
228 229 1
229 229 5
231 229 1
237 229 1
467 229 -1
569 229 -1
216 230 -1
220 230 -1
224 230 -1
227 230 1
228 230 1
230 230 5
234 230 1
239 230 -1
196 231 1
224 231 -1
228 231 1
229 231 1
231 231 5
301 231 -1
466 231 1
467 231 1
218 232 -1
221 232 -1
225 232 -1
232 232 5
233 232 -1
234 232 -1
235 232 -1
308 232 -1
437 232 -1
463 232 1
511 232 -1
683 232 -1
684 232 -1
99 233 -1
218 233 1
221 233 1
232 233 -1
233 233 5
235 233 1
303 233 -1
455 233 -1
463 233 1
99 234 -1
216 234 -1
218 234 1
227 234 -1
230 234 1
232 234 -1
234 234 5
235 234 1
236 234 -1
239 234 -1
221 235 1
227 235 -1
232 235 -1
233 235 1
234 235 1
235 235 5
421 235 -1
682 235 1
190 236 -1
216 236 1
220 236 1
223 236 1
234 236 -1
236 236 5
238 236 1
460 236 1
568 236 1
215 237 1
229 237 1
237 237 5
543 237 -1
553 237 -1
560 237 1
561 237 -1
562 237 -1
565 237 -1
566 237 -1
567 237 -1
193 238 1
216 238 1
220 238 1
236 238 1
238 238 5
239 238 1
456 238 -1
458 238 -1
459 238 -1
460 238 -1
220 239 1
222 239 1
230 239 -1
234 239 -1
238 239 1
239 239 5
836 239 -1
838 239 -1
240 240 5
241 240 1
242 240 1
243 240 1
260 240 1
545 240 -1
546 240 -1
547 240 -1
240 241 1
241 241 5
243 241 1
244 241 1
255 241 -1
957 241 1
152 242 -1
240 242 1
242 242 4
244 242 1
246 242 -1
247 242 -1
248 242 -1
693 242 -1
1002 242 -1
152 243 -1
240 243 1
241 243 1
243 243 5
257 243 -1
690 243 1
152 244 -1
241 244 1
242 244 1
244 244 5
253 244 1
258 244 -1
261 244 1
265 244 1
268 244 -1
165 245 -1
245 245 5
247 245 1
248 245 1
249 245 1
927 245 1
962 245 1
157 246 1
242 246 -1
246 246 5
248 246 1
249 246 1
251 246 1
634 246 -1
635 246 -1
242 247 -1
245 247 1
247 247 5
249 247 1
250 247 1
438 247 1
441 247 -1
444 247 -1
242 248 -1
245 248 1
246 248 1
248 248 5
254 248 1
258 248 1
848 248 1
245 249 1
246 249 1
247 249 1
249 249 5
263 249 1
686 249 1
691 249 1
694 249 -1
174 250 1
247 250 1
250 250 5
252 250 1
253 250 1
447 250 1
449 250 1
450 250 1
246 251 1
251 251 5
252 251 1
253 251 1
254 251 1
255 251 1
640 251 -1
641 251 -1
250 252 1
251 252 1
252 252 5
254 252 1
260 252 -1
450 252 -1
641 252 1
855 252 1
895 252 1
950 252 1
174 253 1
244 253 1
250 253 1
251 253 1
253 253 5
262 253 -1
263 253 -1
285 253 1
174 254 1
248 254 1
251 254 1
252 254 1
254 254 5
257 254 1
854 254 1
896 254 1
241 255 -1
251 255 1
255 255 5
259 255 1
636 255 -1
256 256 5
257 256 1
258 256 1
259 256 1
445 256 -1
243 257 -1
254 257 1
256 257 1
257 257 5
696 257 1
697 257 1
244 258 -1
248 258 1
256 258 1
258 258 5
261 258 -1
262 258 1
288 258 -1
157 259 1
255 259 1
256 259 1
259 259 5
454 259 -1
240 260 1
252 260 -1
260 260 5
352 260 -1
549 260 1
175 261 1
244 261 1
258 261 -1
261 261 5
263 261 -1
278 261 1
279 261 1
176 262 -1
253 262 -1
258 262 1
262 262 5
263 262 1
272 262 -1
276 262 1
249 263 1
253 263 -1
261 263 -1
262 263 1
263 263 5
266 263 -1
287 263 -1
264 264 4
266 264 1
271 264 -1
272 264 -1
274 264 -1
275 264 -1
890 264 -1
244 265 1
265 265 4
267 265 1
269 265 -1
690 265 -1
263 266 -1
264 266 1
266 266 5
290 266 -1
686 266 -1
687 266 -1
688 266 -1
265 267 1
267 267 5
278 267 -1
283 267 1
285 267 -1
286 267 -1
288 267 -1
843 267 1
889 267 -1
244 268 -1
268 268 4
270 268 1
271 268 -1
273 268 -1
274 268 -1
275 268 -1
545 268 -1
153 269 1
265 269 -1
269 269 5
270 269 1
276 269 -1
277 269 -1
546 269 -1
547 269 -1
268 270 1
269 270 1
270 270 5
287 270 1
290 270 -1
693 270 -1
264 271 -1
268 271 -1
271 271 5
273 271 1
274 271 1
279 271 -1
282 271 -1
283 271 -1
344 271 1
347 271 -1
348 271 -1
262 272 -1
264 272 -1
272 272 5
273 272 1
274 272 1
275 272 1
277 272 -1
492 272 1
548 272 -1
268 273 -1
271 273 1
272 273 1
273 273 5
275 273 1
278 273 -1
283 273 1
285 273 -1
287 273 -1
288 273 -1
891 273 -1
264 274 -1
268 274 -1
271 274 1
272 274 1
274 274 5
282 274 1
1064 274 1
1070 274 1
1072 274 1
264 275 -1
268 275 -1
272 275 1
273 275 1
275 275 5
501 275 1
262 276 1
269 276 -1
276 276 5
281 276 -1
282 276 -1
283 276 -1
360 276 -1
364 276 1
179 277 1
269 277 -1
272 277 -1
277 277 5
278 277 1
280 277 1
549 277 -1
261 278 1
267 278 -1
273 278 -1
277 278 1
278 278 5
286 278 1
287 278 1
288 278 1
852 278 1
894 278 1
261 279 1
271 279 -1
279 279 5
280 279 1
281 279 1
282 279 1
354 279 -1
355 279 -1
356 279 -1
357 279 -1
178 280 -1
277 280 1
279 280 1
280 280 5
284 280 -1
450 280 -1
641 280 1
855 280 1
950 280 1
276 281 -1
279 281 1
281 281 5
283 281 1
338 281 -1
271 282 -1
274 282 1
276 282 -1
279 282 1
282 282 5
339 282 -1
350 282 -1
267 283 1
271 283 -1
273 283 1
276 283 -1
281 283 1
283 283 5
285 283 -1
287 283 -1
288 283 -1
358 283 1
280 284 -1
284 284 5
290 284 -1
446 284 -1
854 284 -1
253 285 1
267 285 -1
273 285 -1
283 285 -1
285 285 5
286 285 1
287 285 1
853 285 1
267 286 -1
278 286 1
285 286 1
286 286 5
287 286 1
288 286 1
289 286 1
893 286 1
263 287 -1
270 287 1
273 287 -1
278 287 1
283 287 -1
285 287 1
286 287 1
287 287 5
698 287 -1
258 288 -1
267 288 -1
273 288 -1
278 288 1
283 288 -1
286 288 1
288 288 5
851 288 1
286 289 1
289 289 5
500 289 -1
266 290 -1
270 290 -1
284 290 -1
290 290 5
695 290 -1
696 290 1
291 291 5
293 291 1
294 291 1
305 291 -1
307 291 -1
505 291 -1
292 292 4
294 292 1
295 292 1
297 292 -1
298 292 -1
299 292 -1
503 292 -1
755 292 -1
209 293 -1
291 293 1
293 293 5
295 293 1
309 293 1
311 293 1
397 293 1
756 293 -1
757 293 -1
291 294 1
292 294 1
294 294 5
317 294 1
699 294 -1
700 294 -1
701 294 -1
292 295 1
293 295 1
295 295 5
313 295 1
316 295 1
472 295 1
821 295 -1
822 295 -1
823 295 -1
296 296 5
298 296 1
299 296 1
300 296 1
306 296 -1
307 296 -1
506 296 -1
221 297 1
292 297 -1
297 297 5
299 297 1
300 297 1
308 297 1
416 297 1
677 297 1
679 297 -1
680 297 -1
681 297 -1
682 297 -1
195 298 1
292 298 -1
296 298 1
298 298 5
300 298 1
301 298 1
302 298 1
456 298 -1
198 299 -1
292 299 -1
296 299 1
297 299 1
299 299 5
400 299 1
592 299 -1
593 299 -1
209 300 -1
296 300 1
297 300 1
298 300 1
300 300 5
310 300 1
311 300 1
399 300 1
231 301 -1
298 301 1
301 301 5
303 301 1
304 301 1
315 301 -1
461 301 -1
464 301 1
467 301 -1
195 302 1
298 302 1
302 302 5
304 302 1
307 302 -1
313 302 1
314 302 1
195 303 1
233 303 -1
301 303 1
303 303 5
304 303 1
305 303 -1
462 303 -1
464 303 -1
301 304 1
302 304 1
303 304 1
304 304 5
309 304 1
458 304 -1
465 304 1
291 305 -1
303 305 -1
305 305 5
306 305 1
510 305 -1
296 306 -1
305 306 1
306 306 5
316 306 1
318 306 1
508 306 -1
291 307 -1
296 307 -1
302 307 -1
307 307 5
312 307 -1
314 307 -1
509 307 -1
75 308 -1
232 308 -1
297 308 1
308 308 5
312 308 1
313 308 1
314 308 1
437 308 1
655 308 1
683 308 1
684 308 1
293 309 1
304 309 1
309 309 5
310 309 1
311 309 1
412 309 1
601 309 1
602 309 1
603 309 1
604 309 1
209 310 -1
300 310 1
309 310 1
310 310 5
318 310 1
710 310 -1
713 310 -1
293 311 1
300 311 1
309 311 1
311 311 5
314 311 -1
315 311 1
316 311 1
661 311 -1
673 311 1
205 312 -1
228 312 1
307 312 -1
308 312 1
312 312 5
313 312 1
654 312 -1
655 312 -1
78 313 -1
295 313 1
302 313 1
308 313 1
312 313 1
313 313 5
318 313 1
751 313 1
827 313 1
72 314 -1
211 314 1
302 314 1
307 314 -1
308 314 1
311 314 -1
314 314 5
317 314 -1
665 314 -1
301 315 -1
311 315 1
315 315 5
316 315 1
317 315 1
657 315 -1
660 315 1
661 315 1
90 316 -1
211 316 -1
295 316 1
306 316 1
311 316 1
315 316 1
316 316 5
666 316 -1
211 317 -1
294 317 1
314 317 -1
315 317 1
317 317 5
668 317 1
674 317 1
306 318 1
310 318 1
313 318 1
318 318 5
708 318 -1
33 319 -1
102 319 1
319 319 4
321 319 1
325 319 -1
716 319 -1
897 319 -1
33 320 -1
108 320 1
320 320 5
322 320 1
327 320 1
898 320 -1
319 321 1
321 321 5
322 321 1
330 321 -1
335 321 1
336 321 1
577 321 -1
578 321 -1
579 321 -1
320 322 1
321 322 1
322 322 5
328 322 -1
333 322 -1
334 322 1
715 322 -1
323 323 5
324 323 1
325 323 1
326 323 1
327 323 1
899 323 -1
900 323 -1
41 324 1
102 324 -1
323 324 1
324 324 5
328 324 -1
334 324 1
717 324 -1
319 325 -1
323 325 1
325 325 5
329 325 -1
730 325 1
808 325 1
968 325 1
1034 325 -1
44 326 -1
108 326 1
323 326 1
326 326 5
335 326 -1
336 326 -1
583 326 -1
587 326 1
320 327 1
323 327 1
327 327 5
328 327 -1
329 327 -1
331 327 -1
332 327 -1
903 327 1
41 328 -1
112 328 1
322 328 -1
324 328 -1
327 328 -1
328 328 5
330 328 1
331 328 1
721 328 -1
325 329 -1
327 329 -1
329 329 5
330 329 1
331 329 1
332 329 1
973 329 -1
1035 329 -1
44 330 -1
112 330 1
321 330 -1
328 330 1
329 330 1
330 330 5
332 330 1
336 330 -1
586 330 1
112 331 1
327 331 -1
328 331 1
329 331 1
331 331 5
632 331 -1
975 331 -1
984 331 1
986 331 1
988 331 1
42 332 1
112 332 1
327 332 -1
329 332 1
330 332 1
332 332 5
336 332 1
628 332 1
1058 332 -1
41 333 -1
111 333 1
322 333 -1
333 333 5
334 333 -1
722 333 -1
322 334 1
324 334 1
333 334 -1
334 334 5
336 334 1
337 334 -1
720 334 1
723 334 1
44 335 1
321 335 1
326 335 -1
335 335 5
478 335 -1
581 335 1
585 335 -1
321 336 1
326 336 -1
330 336 -1
332 336 1
334 336 1
336 336 5
579 336 1
582 336 1
42 337 -1
334 337 -1
337 337 5
629 337 -1
981 337 -1
983 337 1
281 338 -1
338 338 5
340 338 1
341 338 1
342 338 1
343 338 1
282 339 -1
339 339 5
341 339 1
342 339 1
343 339 1
344 339 1
351 339 1
1071 339 1
1072 339 -1
338 340 1
340 340 5
342 340 1
343 340 1
344 340 1
354 340 -1
358 340 1
1060 340 1
338 341 1
339 341 1
341 341 5
343 341 1
344 341 1
355 341 -1
440 341 1
692 341 1
844 341 1
846 341 -1
338 342 1
339 342 1
340 342 1
342 342 5
344 342 1
356 342 -1
361 342 -1
439 342 1
790 342 1
1055 342 -1
127 343 1
338 343 1
339 343 1
340 343 1
341 343 1
343 343 5
362 343 -1
366 343 -1
789 343 1
271 344 1
339 344 1
340 344 1
341 344 1
342 344 1
344 344 4
345 344 -1
348 344 -1
501 344 -1
1051 344 -1
344 345 -1
345 345 5
346 345 1
347 345 1
352 345 -1
360 345 -1
545 345 1
548 345 -1
345 346 1
346 346 5
347 346 1
348 346 1
349 346 1
502 346 -1
50 347 1
131 347 1
271 347 -1
345 347 1
346 347 1
347 347 5
362 347 -1
367 347 -1
906 347 1
1033 347 1
271 348 -1
344 348 -1
346 348 1
348 348 5
363 348 -1
490 348 -1
491 348 -1
346 349 1
349 349 5
350 349 -1
351 349 -1
502 349 1
282 350 -1
349 350 -1
350 350 5
354 350 1
359 350 -1
1061 350 -1
1064 350 -1
339 351 1
349 351 -1
351 351 5
353 351 1
892 351 -1
179 352 1
260 352 -1
345 352 -1
352 352 5
353 352 1
354 352 1
355 352 1
356 352 1
364 352 -1
351 353 1
352 353 1
353 353 5
355 353 1
356 353 1
357 353 1
852 353 1
895 353 -1
279 354 -1
340 354 -1
350 354 1
352 354 1
354 354 5
356 354 1
357 354 1
279 355 -1
341 355 -1
352 355 1
353 355 1
355 355 5
357 355 1
452 355 1
852 355 -1
855 355 -1
279 356 -1
342 356 -1
352 356 1
353 356 1
354 356 1
356 356 5
367 356 -1
451 356 1
643 356 1
950 356 -1
170 357 -1
279 357 -1
353 357 1
354 357 1
355 357 1
357 357 5
362 357 -1
363 357 -1
642 357 1
283 358 1
340 358 1
358 358 5
359 358 1
849 358 1
889 358 -1
891 358 -1
350 359 -1
358 359 1
359 359 5
365 359 -1
842 359 -1
849 359 -1
171 360 1
276 360 -1
345 360 -1
360 360 5
361 360 1
362 360 1
550 360 -1
551 360 -1
342 361 -1
360 361 1
361 361 5
363 361 1
365 361 1
646 361 1
795 361 -1
343 362 -1
347 362 -1
357 362 -1
360 362 1
362 362 5
798 362 1
913 362 1
348 363 -1
357 363 -1
361 363 1
363 363 5
494 363 -1
495 363 -1
276 364 1
352 364 -1
364 364 5
366 364 -1
499 364 -1
359 365 -1
361 365 1
365 365 5
367 365 -1
453 365 -1
343 366 -1
364 366 -1
366 366 5
367 366 1
498 366 1
347 367 -1
356 367 -1
365 367 -1
366 367 1
367 367 5
796 367 1
63 368 1
368 368 5
370 368 1
371 368 1
380 368 -1
959 368 1
1014 368 -1
1017 368 -1
46 369 1
369 369 4
371 369 1
372 369 1
374 369 -1
375 369 -1
376 369 -1
830 369 -1
1015 369 -1
215 370 1
368 370 1
370 370 5
372 370 1
384 370 -1
392 370 1
393 370 1
553 370 1
831 370 -1
832 370 -1
833 370 -1
834 370 -1
368 371 1
369 371 1
371 371 5
378 371 -1
991 371 -1
993 371 -1
369 372 1
370 372 1
372 372 5
379 372 -1
960 372 1
1029 372 1
1069 372 -1
373 373 5
374 373 1
375 373 1
376 373 1
377 373 1
380 373 -1
385 373 1
1018 373 -1
369 374 -1
373 374 1
374 374 5
376 374 1
377 374 1
378 374 1
379 374 1
380 374 1
382 374 1
383 374 1
384 374 1
46 375 -1
51 375 1
130 375 1
369 375 -1
373 375 1
375 375 5
377 375 1
387 375 1
402 375 1
1033 375 -1
46 376 -1
369 376 -1
373 376 1
374 376 1
376 376 5
388 376 -1
394 376 1
401 376 1
593 376 1
1021 376 -1
46 377 -1
373 377 1
374 377 1
375 377 1
377 377 5
384 377 -1
391 377 1
392 377 1
836 377 -1
59 378 1
371 378 -1
374 378 1
378 378 5
380 378 1
381 378 1
382 378 1
383 378 1
532 378 -1
575 378 1
778 378 -1
939 378 1
59 379 1
372 379 -1
374 379 1
379 379 5
381 379 1
382 379 1
383 379 1
384 379 1
780 379 1
965 379 -1
368 380 -1
373 380 -1
374 380 1
378 380 1
380 380 5
381 380 1
382 380 1
383 380 1
384 380 1
916 380 -1
967 380 -1
59 381 1
60 381 -1
378 381 1
379 381 1
380 381 1
381 381 5
383 381 1
384 381 1
386 381 -1
775 381 -1
59 382 1
374 382 1
378 382 1
379 382 1
380 382 1
382 382 5
384 382 1
388 382 -1
540 382 -1
574 382 1
773 382 1
939 382 -1
59 383 1
374 383 1
378 383 1
379 383 1
380 383 1
381 383 1
383 383 5
394 383 1
559 383 -1
59 384 1
370 384 -1
374 384 1
377 384 -1
379 384 1
380 384 1
381 384 1
382 384 1
384 384 5
393 384 -1
566 384 -1
63 385 1
373 385 1
385 385 5
390 385 1
966 385 -1
381 386 -1
386 386 5
393 386 1
394 386 -1
406 386 -1
136 387 1
375 387 1
387 387 5
389 387 -1
407 387 -1
774 387 1
376 388 -1
382 388 -1
388 388 5
393 388 1
409 388 1
612 388 -1
387 389 -1
389 389 5
392 389 1
539 389 1
558 389 -1
610 389 -1
652 389 -1
28 390 1
385 390 1
390 390 5
391 390 -1
779 390 1
996 390 1
998 390 -1
377 391 1
390 391 -1
391 391 5
392 391 1
393 391 1
530 391 -1
567 391 1
840 391 -1
370 392 1
377 392 1
389 392 1
391 392 1
392 392 5
560 392 -1
370 393 1
384 393 -1
386 393 1
388 393 1
391 393 1
393 393 5
565 393 1
838 393 -1
180 394 -1
376 394 1
383 394 1
386 394 -1
394 394 5
556 394 -1
609 394 -1
395 395 5
397 395 1
398 395 1
403 395 -1
404 395 -1
1006 395 1
1024 395 -1
125 396 -1
396 396 5
398 396 1
411 396 1
1005 396 1
1053 396 1
125 397 -1
293 397 1
395 397 1
397 397 5
412 397 1
703 397 1
757 397 -1
126 398 -1
395 398 1
396 398 1
398 398 4
400 398 -1
401 398 -1
402 398 -1
755 398 -1
129 399 -1
300 399 1
399 399 5
401 399 1
402 399 1
410 399 -1
129 400 -1
299 400 1
398 400 -1
400 400 5
402 400 1
404 400 1
408 400 -1
411 400 -1
457 400 1
592 400 -1
129 401 -1
376 401 1
398 401 -1
399 401 1
401 401 5
409 401 -1
837 401 1
1021 401 -1
51 402 1
375 402 1
398 402 -1
399 402 1
400 402 1
402 402 5
407 402 -1
1032 402 -1
1033 402 -1
395 403 -1
403 403 5
405 403 1
407 403 1
409 403 1
770 403 -1
934 403 1
935 403 1
936 403 1
133 404 1
395 404 -1
400 404 1
404 404 5
412 404 -1
413 404 -1
596 404 -1
133 405 1
403 405 1
405 405 5
410 405 1
943 405 -1
1010 405 -1
1025 405 -1
132 406 1
386 406 -1
406 406 5
413 406 1
387 407 -1
402 407 -1
403 407 1
407 407 5
408 407 1
774 407 -1
932 407 1
134 408 -1
400 408 -1
407 408 1
408 408 5
411 408 1
412 408 1
595 408 1
610 408 1
134 409 -1
388 409 1
401 409 -1
403 409 1
409 409 5
649 409 1
399 410 -1
405 410 1
410 410 5
758 410 -1
396 411 1
400 411 -1
408 411 1
411 411 5
413 411 1
597 411 1
605 411 -1
199 412 -1
309 412 1
397 412 1
404 412 -1
408 412 1
412 412 5
413 412 1
602 412 1
603 412 1
604 412 1
185 413 1
404 413 -1
406 413 1
411 413 1
412 413 1
413 413 5
465 413 -1
609 413 1
613 413 -1
414 414 5
416 414 1
422 414 1
426 414 -1
921 414 1
922 414 -1
924 414 -1
87 415 1
415 415 5
417 415 1
418 415 1
419 415 1
1000 415 1
93 416 -1
221 416 1
297 416 1
414 416 1
416 416 5
437 416 1
455 416 1
507 416 1
677 416 1
679 416 -1
680 416 -1
94 417 -1
415 417 1
417 417 5
427 417 -1
428 417 -1
429 417 -1
431 417 -1
476 417 1
744 417 -1
746 417 -1
415 418 1
418 418 5
420 418 1
421 418 1
432 418 1
434 418 -1
435 418 -1
862 418 1
977 418 -1
87 419 1
415 419 1
419 419 5
421 419 1
423 419 1
810 419 1
87 420 1
418 420 1
420 420 5
421 420 1
425 420 1
426 420 1
861 420 1
920 420 -1
235 421 -1
418 421 1
419 421 1
420 421 1
421 421 5
430 421 -1
437 421 -1
678 421 -1
414 422 1
422 422 5
424 422 1
425 422 -1
806 422 -1
809 422 1
817 422 -1
121 423 -1
419 423 1
423 423 5
429 423 1
433 423 1
819 423 1
820 423 1
92 424 -1
119 424 1
422 424 1
424 424 5
434 424 1
435 424 1
804 424 -1
811 424 1
812 424 -1
815 424 -1
94 425 -1
420 425 1
422 425 -1
425 425 5
427 425 -1
428 425 -1
430 425 -1
431 425 -1
414 426 -1
420 426 1
426 426 5
432 426 1
433 426 1
924 426 -1
925 426 1
417 427 -1
425 427 -1
427 427 5
429 427 1
430 427 1
431 427 1
434 427 -1
484 427 -1
747 427 1
751 427 -1
752 427 -1
94 428 1
417 428 -1
425 428 -1
428 428 5
430 428 1
431 428 1
435 428 -1
482 428 -1
754 428 1
94 429 1
417 429 -1
423 429 1
427 429 1
429 429 5
430 429 1
431 429 1
432 429 1
480 429 1
744 429 -1
93 430 -1
94 430 1
421 430 -1
425 430 -1
427 430 1
428 430 1
429 430 1
430 430 5
685 430 -1
417 431 -1
425 431 -1
427 431 1
428 431 1
429 431 1
431 431 5
748 431 1
751 431 1
92 432 1
418 432 1
426 432 1
429 432 1
432 432 5
434 432 -1
974 432 -1
423 433 1
426 433 1
433 433 5
436 433 -1
481 433 1
585 433 1
986 433 -1
418 434 -1
424 434 1
427 434 -1
432 434 -1
434 434 5
826 434 1
92 435 -1
418 435 -1
424 435 1
428 435 -1
435 435 5
975 435 1
979 435 -1
95 436 1
433 436 -1
436 436 5
825 436 1
828 436 -1
232 437 -1
308 437 1
416 437 1
421 437 -1
437 437 5
463 437 -1
511 437 1
655 437 1
683 437 1
247 438 1
438 438 4
442 438 -1
443 438 -1
846 438 -1
1055 438 -1
342 439 1
439 439 5
449 439 -1
451 439 -1
454 439 -1
790 439 1
1052 439 1
341 440 1
440 440 5
445 440 -1
447 440 -1
452 440 -1
692 440 1
844 440 1
845 440 -1
247 441 -1
441 441 5
443 441 1
444 441 1
447 441 -1
452 441 -1
453 441 -1
694 441 1
438 442 -1
442 442 5
443 442 1
444 442 1
446 442 1
695 442 1
438 443 -1
441 443 1
442 443 1
443 443 5
448 443 -1
633 443 -1
634 443 -1
247 444 -1
441 444 1
442 444 1
444 444 5
449 444 -1
451 444 -1
453 444 1
791 444 1
926 444 1
256 445 -1
440 445 -1
445 445 5
452 445 1
453 445 1
696 445 -1
851 445 -1
284 446 -1
442 446 1
446 446 5
448 446 -1
449 446 -1
450 446 -1
896 446 1
250 447 1
440 447 -1
441 447 -1
447 447 5
448 447 1
449 447 1
453 447 1
853 447 -1
156 448 1
443 448 -1
446 448 -1
447 448 1
448 448 5
450 448 1
641 448 1
250 449 1
439 449 -1
444 449 -1
446 449 -1
447 449 1
449 449 5
453 449 -1
178 450 1
250 450 1
252 450 -1
280 450 -1
446 450 -1
448 450 1
450 450 5
641 450 -1
895 450 -1
356 451 1
439 451 -1
444 451 -1
451 451 5
454 451 1
643 451 1
951 451 -1
355 452 1
440 452 -1
441 452 -1
445 452 1
452 452 5
850 452 1
852 452 -1
365 453 -1
441 453 -1
444 453 1
445 453 1
447 453 1
449 453 -1
453 453 5
454 453 -1
259 454 -1
439 454 -1
451 454 1
453 454 -1
454 454 5
637 454 -1
643 454 -1
646 454 -1
647 454 -1
221 455 1
233 455 -1
416 455 1
455 455 5
457 455 1
463 455 -1
464 455 -1
507 455 1
677 455 1
680 455 -1
681 455 -1
682 455 -1
193 456 -1
220 456 1
238 456 -1
298 456 -1
456 456 5
459 456 1
460 456 1
461 456 1
836 456 1
1021 456 1
1065 456 1
194 457 -1
400 457 1
455 457 1
457 457 5
465 457 1
591 457 -1
593 457 -1
193 458 -1
194 458 1
238 458 -1
304 458 -1
458 458 5
460 458 1
461 458 1
462 458 1
238 459 -1
456 459 1
459 459 5
460 459 1
461 459 1
462 459 1
568 459 -1
838 459 1
1021 459 -1
236 460 1
238 460 -1
456 460 1
458 460 1
459 460 1
460 460 5
462 460 1
564 460 1
568 460 1
193 461 -1
196 461 1
301 461 -1
456 461 1
458 461 1
459 461 1
461 461 5
462 461 1
464 461 -1
466 461 1
193 462 -1
303 462 -1
458 462 1
459 462 1
460 462 1
461 462 1
462 462 5
463 462 1
464 462 1
75 463 1
232 463 1
233 463 1
437 463 -1
455 463 -1
462 463 1
463 463 5
511 463 -1
683 463 -1
684 463 -1
196 464 -1
301 464 1
303 464 -1
455 464 -1
461 464 -1
462 464 1
464 464 5
467 464 -1
304 465 1
413 465 -1
457 465 1
465 465 5
593 465 1
609 465 -1
612 465 1
196 466 1
228 466 -1
231 466 1
461 466 1
466 466 5
467 466 1
654 466 1
656 466 1
229 467 -1
231 467 1
301 467 -1
464 467 -1
466 467 1
467 467 5
569 467 1
571 467 1
468 468 5
470 468 1
471 468 1
472 468 1
481 468 -1
482 468 -1
981 468 -1
469 469 5
471 469 1
472 469 1
473 469 1
479 469 -1
578 469 1
582 469 -1
468 470 1
470 470 4
472 470 1
473 470 1
475 470 -1
476 470 -1
580 470 -1
918 470 -1
468 471 1
469 471 1
471 471 5
473 471 1
483 471 -1
505 471 1
295 472 1
468 472 1
469 472 1
470 472 1
472 472 5
484 472 -1
504 472 1
702 472 1
821 472 -1
469 473 1
470 473 1
471 473 1
473 473 5
485 473 -1
618 473 1
1037 473 1
1057 473 1
1066 473 -1
474 474 5
476 474 1
477 474 1
478 474 -1
577 474 1
583 474 -1
470 475 -1
475 475 5
477 475 1
481 475 1
902 475 1
924 475 1
990 475 1
417 476 1
470 476 -1
474 476 1
476 476 5
482 476 1
484 476 1
485 476 1
681 476 1
745 476 -1
474 477 1
475 477 1
477 477 5
487 477 1
506 477 1
680 477 1
335 478 -1
474 478 -1
478 478 5
482 478 -1
486 478 -1
589 478 -1
590 478 -1
469 479 -1
479 479 5
480 479 1
586 479 -1
587 479 -1
429 480 1
479 480 1
480 480 5
483 480 -1
484 480 -1
485 480 -1
749 480 1
433 481 1
468 481 -1
475 481 1
481 481 5
486 481 1
978 481 1
986 481 -1
428 482 -1
468 482 -1
476 482 1
478 482 -1
482 482 5
483 482 1
484 482 1
753 482 -1
471 483 -1
480 483 -1
482 483 1
483 483 5
485 483 1
685 483 -1
748 483 1
98 484 1
427 484 -1
472 484 -1
476 484 1
480 484 -1
482 484 1
484 484 5
751 484 1
753 484 1
473 485 -1
476 485 1
480 485 -1
483 485 1
485 485 5
478 486 -1
481 486 1
486 486 5
488 486 1
630 486 -1
828 486 -1
983 486 -1
984 486 -1
985 486 -1
477 487 1
487 487 5
488 487 1
508 487 -1
827 487 1
486 488 1
487 488 1
488 488 5
824 488 1
828 488 1
50 489 1
131 489 1
489 489 5
491 489 1
492 489 1
493 489 -1
1033 489 1
1051 489 1
49 490 1
348 490 -1
490 490 5
492 490 1
494 490 -1
48 491 1
348 491 -1
489 491 1
491 491 5
495 491 -1
1018 491 1
1068 491 1
272 492 1
489 492 1
490 492 1
492 492 5
496 492 -1
545 492 1
489 493 -1
493 493 5
495 493 1
496 493 1
798 493 1
1043 493 -1
363 494 -1
490 494 -1
494 494 5
496 494 1
803 494 1
912 494 -1
914 494 -1
363 495 -1
491 495 -1
493 495 1
495 495 5
1042 495 1
171 496 1
492 496 -1
493 496 1
494 496 1
496 496 5
549 496 1
551 496 -1
54 497 -1
497 497 5
498 497 1
499 497 -1
908 497 -1
909 497 -1
55 498 -1
366 498 1
497 498 1
498 498 5
800 498 -1
364 499 -1
497 499 -1
499 499 5
546 499 1
552 499 1
289 500 -1
500 500 5
1063 500 1
1071 500 1
275 501 1
344 501 -1
501 501 4
1072 501 -1
346 502 -1
349 502 1
502 502 5
892 502 1
1064 502 1
1070 502 1
292 503 -1
503 503 4
504 503 1
507 503 -1
918 503 -1
472 504 1
503 504 1
504 504 5
512 504 1
702 504 1
821 504 -1
822 504 -1
291 505 -1
471 505 1
505 505 5
509 505 -1
510 505 -1
296 506 -1
477 506 1
506 506 5
508 506 -1
509 506 -1
746 506 1
221 507 1
416 507 1
455 507 1
503 507 -1
507 507 5
511 507 1
677 507 1
679 507 -1
681 507 -1
682 507 -1
306 508 -1
487 508 -1
506 508 -1
508 508 5
510 508 1
747 508 -1
307 509 -1
505 509 -1
506 509 -1
509 509 5
748 509 -1
305 510 -1
505 510 -1
508 510 1
510 510 5
685 510 1
75 511 -1
232 511 -1
437 511 1
463 511 -1
507 511 1
511 511 5
512 511 1
655 511 1
684 511 1
78 512 -1
504 512 1
511 512 1
512 512 5
664 512 1
751 512 1
5 513 -1
513 513 5
515 513 1
516 513 1
537 513 1
538 513 1
1030 513 1
1073 513 1
5 514 -1
514 514 5
516 514 1
517 514 1
528 514 -1
535 514 -1
536 514 -1
879 514 1
881 514 -1
5 515 -1
513 515 1
515 515 5
517 515 1
520 515 -1
524 515 1
706 515 1
867 515 -1
868 515 -1
513 516 1
514 516 1
516 516 5
517 516 1
521 516 -1
1003 516 1
1008 516 -1
514 517 1
515 517 1
516 517 1
517 517 5
522 517 -1
530 517 1
531 517 1
532 517 1
533 517 1
994 517 -1
996 517 -1
25 518 -1
518 518 5
520 518 1
521 518 1
539 518 -1
540 518 -1
541 518 -1
771 518 1
934 518 1
25 519 -1
519 519 5
521 519 1
522 519 1
527 519 -1
528 519 -1
940 519 -1
941 519 -1
942 519 -1
25 520 -1
515 520 -1
518 520 1
520 520 5
522 520 1
525 520 -1
873 520 1
516 521 -1
518 521 1
519 521 1
521 521 5
522 521 1
944 521 -1
946 521 1
947 521 1
948 521 1
517 522 -1
519 522 1
520 522 1
521 522 1
522 522 5
529 522 -1
530 522 -1
531 522 -1
532 522 -1
777 522 1
23 523 1
523 523 5
524 523 1
525 523 1
870 523 1
515 524 1
523 524 1
524 524 5
526 524 -1
527 524 -1
599 524 -1
876 524 -1
520 525 -1
523 525 1
525 525 5
534 525 1
535 525 1
536 525 1
615 525 1
872 525 -1
524 526 -1
526 526 5
528 526 1
533 526 1
540 526 -1
541 526 -1
595 526 1
936 526 1
182 527 -1
519 527 -1
524 527 -1
527 527 5
542 527 -1
594 527 1
208 528 1
514 528 -1
519 528 -1
526 528 1
528 528 5
534 528 1
535 528 1
600 528 1
27 529 -1
522 529 -1
529 529 5
531 529 1
532 529 1
533 529 1
534 529 -1
537 529 -1
993 529 1
997 529 -1
27 530 -1
391 530 -1
517 530 1
522 530 -1
530 530 5
532 530 1
533 530 1
835 530 -1
841 530 1
27 531 -1
517 531 1
522 531 -1
529 531 1
531 531 5
533 531 1
535 531 -1
537 531 1
541 531 1
542 531 1
27 532 -1
378 532 -1
517 532 1
522 532 -1
529 532 1
530 532 1
532 532 5
778 532 1
841 532 -1
999 532 -1
27 533 -1
517 533 1
526 533 1
529 533 1
530 533 1
531 533 1
533 533 5
539 533 -1
541 533 -1
772 533 1
525 534 1
528 534 1
529 534 -1
534 534 5
536 534 1
538 534 1
839 534 1
880 534 -1
191 535 1
514 535 -1
525 535 1
528 535 1
531 535 -1
535 535 5
541 535 -1
543 535 1
544 535 1
555 535 1
562 535 -1
569 535 -1
572 535 1
183 536 1
514 536 -1
525 536 1
534 536 1
536 536 5
539 536 -1
513 537 1
529 537 -1
531 537 1
537 537 5
541 537 1
542 537 1
544 537 -1
513 538 1
534 538 1
538 538 5
834 538 -1
839 538 -1
389 539 1
518 539 -1
533 539 -1
536 539 -1
539 539 5
540 539 1
610 539 -1
649 539 -1
653 539 1
382 540 -1
518 540 -1
526 540 -1
539 540 1
540 540 5
653 540 -1
773 540 -1
932 540 -1
518 541 -1
526 541 -1
531 541 1
533 541 -1
535 541 -1
537 541 1
541 541 5
543 541 -1
184 542 1
527 542 -1
531 542 1
537 542 1
542 542 5
543 542 -1
544 542 -1
556 542 -1
559 542 -1
560 542 -1
237 543 -1
535 543 1
541 543 -1
542 543 -1
543 543 5
544 543 1
553 543 1
560 543 -1
562 543 1
563 543 1
564 543 1
565 543 1
566 543 1
535 544 1
537 544 -1
542 544 -1
543 544 1
544 544 5
559 544 -1
566 544 -1
153 545 -1
240 545 -1
268 545 -1
345 545 1
492 545 1
545 545 4
547 545 1
1068 545 -1
153 546 -1
240 546 -1
269 546 -1
499 546 1
546 546 5
550 546 -1
1014 546 1
240 547 -1
269 547 -1
545 547 1
547 547 5
551 547 -1
958 547 1
1017 547 1
48 548 1
272 548 -1
345 548 -1
548 548 5
550 548 -1
552 548 1
905 548 1
1018 548 1
260 549 1
277 549 -1
496 549 1
549 549 5
550 549 -1
551 549 -1
642 549 1
951 549 1
171 550 -1
360 550 -1
546 550 -1
548 550 -1
549 550 -1
550 550 5
907 550 -1
360 551 -1
496 551 -1
547 551 -1
549 551 -1
551 551 5
912 551 1
963 551 -1
177 552 -1
499 552 1
548 552 1
552 552 5
908 552 1
1020 552 1
215 553 1
237 553 -1
370 553 1
543 553 1
553 553 5
560 553 -1
561 553 1
564 553 1
565 553 1
566 553 1
567 553 1
830 553 -1
831 553 -1
834 553 -1
835 553 -1
214 554 1
223 554 -1
554 554 5
571 554 -1
726 554 1
884 554 -1
885 554 -1
886 554 -1
191 555 1
535 555 1
555 555 5
557 555 -1
569 555 -1
573 555 1
878 555 -1
879 555 -1
880 555 -1
394 556 -1
542 556 -1
556 556 5
557 556 1
558 556 1
559 556 1
568 556 -1
609 556 1
649 556 -1
555 557 -1
556 557 1
557 557 5
558 557 1
559 557 1
560 557 1
562 557 1
569 557 1
572 557 -1
573 557 -1
651 557 1
184 558 -1
389 558 -1
556 558 1
557 558 1
558 558 5
560 558 1
610 558 1
649 558 1
652 558 1
184 559 -1
383 559 -1
542 559 -1
544 559 -1
556 559 1
557 559 1
559 559 5
575 559 -1
184 560 -1
237 560 1
392 560 -1
542 560 -1
543 560 -1
553 560 -1
557 560 1
558 560 1
560 560 5
561 560 -1
562 560 -1
563 560 -1
564 560 -1
567 560 -1
237 561 -1
553 561 1
560 561 -1
561 561 5
563 561 1
564 561 1
565 561 1
566 561 1
567 561 1
834 561 1
840 561 1
191 562 -1
237 562 -1
535 562 -1
543 562 1
557 562 1
560 562 -1
562 562 5
563 562 1
564 562 1
565 562 1
566 562 1
567 562 1
569 562 1
572 562 -1
543 563 1
560 563 -1
561 563 1
562 563 1
563 563 5
564 563 1
565 563 1
566 563 1
567 563 1
571 563 1
572 563 1
190 564 -1
460 564 1
543 564 1
553 564 1
560 564 -1
561 564 1
562 564 1
563 564 1
564 564 5
566 564 1
567 564 1
570 564 1
831 564 1
836 564 1
186 565 1
237 565 -1
393 565 1
543 565 1
553 565 1
561 565 1
562 565 1
563 565 1
565 565 5
566 565 1
567 565 1
837 565 1
237 566 -1
384 566 -1
543 566 1
544 566 -1
553 566 1
561 566 1
562 566 1
563 566 1
564 566 1
565 566 1
566 566 5
574 566 -1
237 567 -1
391 567 1
553 567 1
560 567 -1
561 567 1
562 567 1
563 567 1
564 567 1
565 567 1
567 567 5
835 567 1
840 567 -1
236 568 1
459 568 -1
460 568 1
556 568 -1
568 568 5
570 568 1
613 568 1
1021 568 1
229 569 -1
467 569 1
535 569 -1
555 569 -1
557 569 1
562 569 1
569 569 5
570 569 1
573 569 -1
662 569 -1
190 570 -1
192 570 1
564 570 1
568 570 1
569 570 1
570 570 5
571 570 1
192 571 1
467 571 1
554 571 -1
563 571 1
570 571 1
571 571 5
654 571 1
657 571 1
659 571 1
191 572 1
223 572 1
535 572 1
557 572 -1
562 572 -1
563 572 1
572 572 5
573 572 1
883 572 1
191 573 1
555 573 1
557 573 -1
569 573 -1
572 573 1
573 573 5
880 573 1
882 573 1
382 574 1
566 574 -1
574 574 5
575 574 1
773 574 1
932 574 1
939 574 -1
378 575 1
559 575 -1
574 575 1
575 575 5
778 575 -1
939 575 1
999 575 1
34 576 -1
576 576 5
578 576 1
579 576 1
587 576 -1
588 576 -1
897 576 -1
34 577 -1
321 577 -1
474 577 1
577 577 4
579 577 1
584 577 -1
898 577 -1
34 578 -1
321 578 -1
469 578 1
576 578 1
578 578 4
581 578 -1
1056 578 -1
321 579 -1
336 579 1
576 579 1
577 579 1
579 579 5
590 579 -1
1045 579 1
470 580 -1
580 580 4
581 580 1
582 580 1
583 580 -1
584 580 -1
335 581 1
578 581 -1
580 581 1
581 581 5
585 581 -1
589 581 1
982 581 -1
43 582 -1
336 582 1
469 582 -1
580 582 1
582 582 5
621 582 1
1047 582 1
1057 582 -1
326 583 -1
474 583 -1
580 583 -1
583 583 5
588 583 -1
900 583 1
901 583 -1
577 584 -1
580 584 -1
584 584 5
585 584 1
586 584 1
744 584 1
924 584 1
990 584 1
335 585 -1
433 585 1
581 585 -1
584 585 1
585 585 5
587 585 1
590 585 -1
750 585 -1
978 585 1
117 586 1
330 586 1
479 586 -1
584 586 1
586 586 5
820 586 -1
974 586 1
110 587 1
326 587 1
479 587 -1
576 587 -1
585 587 1
587 587 5
904 587 -1
107 588 1
576 588 -1
583 588 -1
588 588 5
589 588 -1
478 589 -1
581 589 1
588 589 -1
589 589 5
590 589 1
632 589 1
975 589 1
984 589 -1
987 589 -1
988 589 -1
43 590 1
478 590 -1
579 590 -1
585 590 -1
589 590 1
590 590 5
629 590 1
983 590 -1
987 590 1
199 591 1
457 591 -1
591 591 5
592 591 1
593 591 1
601 591 -1
602 591 -1
603 591 -1
604 591 -1
755 591 1
220 592 1
299 592 -1
400 592 -1
591 592 1
592 592 5
679 592 1
836 592 1
1065 592 1
185 593 -1
299 593 -1
376 593 1
457 593 -1
465 593 1
591 593 1
593 593 5
609 593 -1
612 593 1
837 593 1
1022 593 -1
527 594 1
594 594 5
596 594 1
597 594 1
598 594 1
599 594 1
600 594 1
609 594 -1
651 594 1
197 595 1
408 595 1
526 595 1
595 595 5
597 595 1
598 595 1
599 595 1
600 595 1
612 595 1
937 595 -1
197 596 1
404 596 -1
594 596 1
596 596 5
598 596 1
599 596 1
600 596 1
942 596 -1
197 597 1
411 597 1
594 597 1
595 597 1
597 597 5
599 597 1
600 597 1
601 597 -1
940 597 -1
197 598 1
594 598 1
595 598 1
596 598 1
598 598 5
600 598 1
602 598 -1
607 598 -1
941 598 -1
197 599 1
524 599 -1
594 599 1
595 599 1
596 599 1
597 599 1
599 599 5
614 599 -1
874 599 -1
528 600 1
594 600 1
595 600 1
596 600 1
597 600 1
598 600 1
600 600 5
617 600 1
651 600 -1
199 601 -1
309 601 1
591 601 -1
597 601 -1
601 601 5
603 601 1
604 601 1
606 601 1
756 601 -1
199 602 -1
309 602 1
412 602 1
591 602 -1
598 602 -1
602 602 5
604 602 1
608 602 1
713 602 -1
757 602 -1
199 603 -1
201 603 1
309 603 1
412 603 1
591 603 -1
601 603 1
603 603 5
614 603 -1
617 603 1
673 603 1
710 603 -1
309 604 1
412 604 1
591 604 -1
601 604 1
602 604 1
604 604 5
661 604 -1
411 605 -1
605 605 5
606 605 1
607 605 -1
608 605 -1
949 605 -1
1009 605 -1
1053 605 -1
601 606 1
605 606 1
606 606 5
611 606 -1
943 606 -1
1010 606 -1
1023 606 -1
201 607 -1
598 607 -1
605 607 -1
607 607 5
616 607 1
617 607 -1
712 607 1
602 608 1
605 608 -1
608 608 5
615 608 -1
714 608 -1
868 608 -1
870 608 1
873 608 -1
394 609 -1
413 609 1
465 609 -1
556 609 1
593 609 -1
594 609 -1
609 609 5
613 609 -1
648 609 -1
181 610 -1
389 610 -1
408 610 1
539 610 -1
558 610 1
610 610 5
611 610 1
653 610 -1
148 611 -1
606 611 -1
610 611 1
611 611 5
612 611 1
770 611 1
934 611 -1
935 611 -1
185 612 -1
388 612 -1
465 612 1
593 612 1
595 612 1
611 612 1
612 612 5
613 612 1
933 612 1
185 613 -1
187 613 1
413 613 -1
568 613 1
609 613 -1
612 613 1
613 613 5
838 613 -1
201 614 -1
599 614 -1
603 614 -1
614 614 5
616 614 1
711 614 1
867 614 1
202 615 -1
525 615 1
608 615 -1
615 615 5
866 615 1
607 616 1
614 616 1
616 616 5
617 616 -1
659 616 -1
660 616 -1
662 616 1
600 617 1
603 617 1
607 617 -1
616 617 -1
617 617 5
662 617 1
878 617 -1
881 617 -1
883 617 1
473 618 1
618 618 5
620 618 1
630 618 -1
631 618 -1
822 618 1
982 618 1
1037 618 1
619 619 4
621 619 1
624 619 -1
625 619 -1
1048 619 -1
1066 619 -1
618 620 1
620 620 5
1046 620 1
582 621 1
619 621 1
621 621 5
625 621 1
628 621 -1
629 621 -1
981 621 1
1056 621 1
36 622 1
622 622 5
623 622 1
624 622 1
719 622 1
1044 622 1
622 623 1
623 623 5
625 623 1
626 623 1
630 623 -1
1040 623 1
619 624 -1
622 624 1
624 624 5
632 624 -1
721 624 1
970 624 1
1035 624 1
1039 624 1
619 625 -1
621 625 1
623 625 1
625 625 5
626 625 -1
629 625 -1
720 625 1
623 626 1
625 626 -1
626 626 5
627 626 1
628 626 1
631 626 -1
39 627 1
626 627 1
627 627 5
628 627 1
629 627 1
723 627 -1
1045 627 1
332 628 1
621 628 -1
626 628 1
627 628 1
628 628 5
631 628 1
724 628 -1
337 629 -1
590 629 1
621 629 -1
625 629 -1
627 629 1
629 629 5
981 629 1
486 630 -1
618 630 -1
623 630 -1
630 630 5
754 630 -1
828 630 1
982 630 1
985 630 1
618 631 -1
626 631 -1
628 631 1
631 631 5
1041 631 -1
331 632 -1
589 632 1
624 632 -1
632 632 5
975 632 1
986 632 -1
988 632 -1
158 633 -1
443 633 -1
633 633 5
635 633 1
962 633 1
1002 633 1
8 634 1
159 634 -1
246 634 -1
443 634 -1
634 634 5
638 634 1
639 634 1
792 634 1
928 634 -1
929 634 -1
246 635 -1
633 635 1
635 635 5
640 635 1
643 635 -1
646 635 -1
647 635 -1
791 635 1
1055 635 1
255 636 -1
636 636 5
637 636 1
638 636 1
639 636 1
930 636 -1
159 637 -1
454 637 -1
636 637 1
637 637 5
639 637 1
640 637 -1
643 637 1
646 637 1
26 638 -1
159 638 -1
161 638 1
634 638 1
636 638 1
638 638 5
645 638 1
766 638 1
792 638 -1
634 639 1
636 639 1
637 639 1
639 639 5
785 639 -1
928 639 1
930 639 1
931 639 1
156 640 1
251 640 -1
635 640 1
637 640 -1
640 640 5
646 640 -1
647 640 -1
251 641 -1
252 641 1
280 641 1
448 641 1
450 641 -1
641 641 5
642 641 1
855 641 1
895 641 1
357 642 1
549 642 1
641 642 1
642 642 5
645 642 -1
155 643 -1
356 643 1
451 643 1
454 643 -1
635 643 -1
637 643 1
643 643 5
647 643 1
856 643 -1
644 644 5
645 644 1
647 644 -1
769 644 1
801 644 -1
802 644 -1
638 645 1
642 645 -1
644 645 1
645 645 5
798 645 -1
802 645 1
803 645 -1
162 646 -1
361 646 1
454 646 -1
635 646 -1
637 646 1
640 646 -1
646 646 5
1043 646 1
161 647 -1
454 647 -1
635 647 -1
640 647 -1
643 647 1
644 647 -1
647 647 5
790 647 1
791 647 1
796 647 1
180 648 -1
609 648 -1
648 648 5
649 648 1
650 648 -1
837 648 1
838 648 -1
180 649 -1
409 649 1
539 649 -1
556 649 -1
558 649 1
648 649 1
649 649 5
652 649 1
653 649 -1
933 649 -1
648 650 -1
650 650 5
653 650 1
841 650 -1
557 651 1
594 651 1
600 651 -1
651 651 5
652 651 1
871 651 -1
182 652 -1
389 652 -1
558 652 1
649 652 1
651 652 1
652 652 5
653 652 -1
936 652 -1
937 652 1
539 653 1
540 653 -1
610 653 -1
649 653 -1
650 653 1
652 653 -1
653 653 5
773 653 1
932 653 1
939 653 -1
73 654 -1
312 654 -1
466 654 1
571 654 1
654 654 5
655 654 1
658 654 1
659 654 1
75 655 -1
308 655 1
312 655 -1
437 655 1
511 655 1
654 655 1
655 655 5
656 655 1
683 655 1
684 655 1
72 656 -1
204 656 1
228 656 -1
466 656 1
655 656 1
656 656 5
660 656 1
661 656 1
664 656 -1
89 657 -1
204 657 -1
224 657 -1
315 657 -1
571 657 1
657 657 5
658 657 1
661 657 -1
675 657 -1
206 658 -1
224 658 -1
654 658 1
657 658 1
658 658 5
877 658 -1
207 659 -1
224 659 -1
571 659 1
616 659 -1
654 659 1
659 659 5
663 659 -1
743 659 1
884 659 1
887 659 1
888 659 1
204 660 1
207 660 -1
315 660 1
616 660 -1
656 660 1
660 660 5
662 660 -1
670 660 -1
671 660 1
674 660 1
311 661 -1
315 661 1
604 661 -1
656 661 1
657 661 -1
661 661 5
676 661 1
569 662 -1
616 662 1
617 662 1
660 662 -1
662 662 5
663 662 1
872 662 1
878 662 -1
881 662 -1
203 663 -1
207 663 1
659 663 -1
662 663 1
663 663 5
710 663 -1
759 663 1
512 664 1
656 664 -1
664 664 5
665 664 1
666 664 1
667 664 1
751 664 1
827 664 1
225 665 1
314 665 -1
664 665 1
665 665 5
672 665 -1
675 665 1
316 666 -1
664 666 1
666 666 5
669 666 -1
670 666 -1
821 666 1
824 666 1
825 666 1
826 666 1
90 667 1
664 667 1
667 667 5
674 667 1
676 667 1
702 667 -1
91 668 1
317 668 1
668 668 5
669 668 1
676 668 1
701 668 -1
704 668 -1
666 669 -1
668 669 1
669 669 5
675 669 1
980 669 -1
1038 669 1
91 670 1
660 670 -1
666 670 -1
670 670 5
672 670 -1
673 670 -1
953 670 -1
81 671 1
660 671 1
671 671 5
673 671 1
674 671 1
739 671 -1
954 671 1
89 672 -1
665 672 -1
670 672 -1
672 672 5
673 672 1
674 672 1
743 672 -1
883 672 -1
884 672 -1
887 672 -1
210 673 1
311 673 1
603 673 1
670 673 -1
671 673 1
672 673 1
673 673 5
759 673 1
317 674 1
660 674 1
667 674 1
671 674 1
672 674 1
674 674 5
707 674 -1
711 674 1
712 674 1
226 675 1
657 675 -1
665 675 1
669 675 1
675 675 5
740 675 -1
885 675 1
210 676 -1
661 676 1
667 676 1
668 676 1
676 676 5
703 676 -1
713 676 -1
217 677 -1
297 677 1
416 677 1
455 677 1
507 677 1
677 677 4
679 677 -1
680 677 -1
681 677 -1
1000 677 -1
71 678 1
86 678 1
421 678 -1
678 678 5
857 678 1
920 678 1
1001 678 -1
297 679 -1
416 679 -1
507 679 -1
592 679 1
677 679 -1
679 679 5
680 679 1
681 679 1
682 679 1
836 679 1
1021 679 1
1065 679 1
221 680 -1
297 680 -1
416 680 -1
455 680 -1
477 680 1
677 680 -1
679 680 1
680 680 5
682 680 1
683 680 -1
918 680 1
221 681 -1
297 681 -1
455 681 -1
476 681 1
507 681 -1
677 681 -1
679 681 1
681 681 5
682 681 1
684 681 -1
744 681 -1
745 681 -1
86 682 1
221 682 -1
235 682 1
297 682 -1
455 682 -1
507 682 -1
679 682 1
680 682 1
681 682 1
682 682 5
923 682 1
75 683 -1
232 683 -1
308 683 1
437 683 1
463 683 -1
655 683 1
680 683 -1
683 683 5
827 683 1
75 684 -1
77 684 1
232 684 -1
308 684 1
463 684 -1
511 684 1
655 684 1
681 684 -1
684 684 5
751 684 1
430 685 -1
483 685 -1
510 685 1
685 685 5
747 685 -1
249 686 1
266 686 -1
686 686 4
688 686 1
689 686 1
694 686 -1
695 686 -1
266 687 -1
687 687 4
689 687 1
690 687 1
844 687 -1
266 688 -1
686 688 1
688 688 5
690 688 1
694 688 1
696 688 1
842 688 -1
686 689 1
687 689 1
689 689 5
690 689 1
697 689 1
889 689 -1
890 689 -1
243 690 1
265 690 -1
687 690 1
688 690 1
689 690 1
690 690 4
249 691 1
691 691 4
693 691 1
695 691 -1
846 691 -1
341 692 1
440 692 1
692 692 5
696 692 1
698 692 1
845 692 -1
847 692 -1
242 693 -1
270 693 -1
691 693 1
693 693 4
694 693 -1
695 693 -1
249 694 -1
441 694 1
686 694 -1
688 694 1
693 694 -1
694 694 5
698 694 1
290 695 -1
442 695 1
686 695 -1
691 695 -1
693 695 -1
695 695 5
697 695 -1
257 696 1
290 696 1
445 696 -1
688 696 1
692 696 1
696 696 5
854 696 1
257 697 1
689 697 1
695 697 -1
697 697 5
896 697 1
287 698 -1
692 698 1
694 698 1
698 698 5
849 698 -1
852 698 -1
853 698 -1
294 699 -1
699 699 5
701 699 1
702 699 1
712 699 1
714 699 -1
1004 699 1
1053 699 -1
294 700 -1
700 700 4
702 700 1
703 700 1
706 700 -1
707 700 -1
1036 700 -1
1054 700 -1
294 701 -1
668 701 -1
699 701 1
701 701 5
703 701 1
709 701 -1
1037 701 -1
472 702 1
504 702 1
667 702 -1
699 702 1
700 702 1
702 702 5
703 702 1
822 702 -1
823 702 -1
397 703 1
676 703 -1
700 703 1
701 703 1
702 703 1
703 703 5
710 703 1
755 703 -1
756 703 -1
668 704 -1
704 704 5
705 704 1
706 704 1
708 704 -1
971 704 1
1038 704 -1
1039 704 -1
1040 704 -1
704 705 1
705 705 5
707 705 1
712 705 1
713 705 -1
1008 705 1
515 706 1
700 706 -1
704 706 1
706 706 5
865 706 -1
866 706 -1
674 707 -1
700 707 -1
705 707 1
707 707 5
710 707 -1
712 707 -1
735 707 1
881 707 1
887 707 1
952 707 1
954 707 -1
96 708 -1
318 708 -1
704 708 -1
708 708 5
709 708 1
824 708 1
825 708 1
826 708 1
701 709 -1
708 709 1
709 709 5
710 709 -1
711 709 -1
712 709 -1
955 709 1
310 710 -1
603 710 -1
663 710 -1
703 710 1
707 710 -1
709 710 -1
710 710 5
711 710 1
614 711 1
674 711 1
709 711 -1
710 711 1
711 711 5
872 711 1
607 712 1
674 712 1
699 712 1
705 712 1
707 712 -1
709 712 -1
712 712 5
310 713 -1
602 713 -1
676 713 -1
705 713 -1
713 713 5
714 713 1
758 713 -1
608 714 -1
699 714 -1
713 714 1
714 714 5
870 714 -1
873 714 1
876 714 1
31 715 -1
322 715 -1
715 715 4
719 715 -1
720 715 -1
721 715 -1
722 715 -1
32 716 -1
319 716 -1
716 716 4
718 716 -1
37 717 1
324 717 -1
717 717 4
719 717 -1
720 717 -1
721 717 -1
1034 717 -1
103 718 1
716 718 -1
718 718 5
725 718 1
730 718 1
808 718 1
968 718 1
622 719 1
715 719 -1
717 719 -1
719 719 5
721 719 1
722 719 1
1044 719 1
1048 719 1
37 720 -1
40 720 -1
334 720 1
625 720 1
715 720 -1
717 720 -1
720 720 5
722 720 1
37 721 -1
328 721 -1
624 721 1
715 721 -1
717 721 -1
719 721 1
721 721 5
970 721 1
1039 721 1
1059 721 -1
37 722 -1
333 722 -1
715 722 -1
719 722 1
720 722 1
722 722 5
732 722 1
969 722 1
334 723 1
627 723 -1
723 723 5
724 723 1
1045 723 -1
1047 723 -1
40 724 -1
628 724 -1
723 724 1
724 724 5
725 724 1
987 724 1
113 725 1
718 725 1
724 725 1
725 725 5
973 725 1
214 726 1
554 726 1
726 726 5
728 726 1
729 726 1
730 726 1
743 726 1
832 726 1
877 726 1
884 726 -1
69 727 1
213 727 1
727 727 5
729 727 1
730 727 1
731 727 1
734 727 1
738 727 1
739 727 1
1001 727 1
726 728 1
728 728 5
730 728 1
731 728 1
805 728 1
857 728 -1
858 728 -1
726 729 1
727 729 1
729 729 5
731 729 1
733 729 1
738 729 -1
804 729 1
103 730 1
325 730 1
718 730 1
726 730 1
727 730 1
728 730 1
730 730 5
808 730 1
727 731 1
728 731 1
729 731 1
731 731 4
733 731 -1
734 731 -1
735 731 -1
886 731 -1
1034 731 -1
722 732 1
732 732 5
734 732 1
735 732 1
736 732 1
1035 732 -1
729 733 1
731 733 -1
733 733 5
735 733 1
736 733 1
741 733 -1
970 733 -1
971 733 -1
727 734 1
731 734 -1
732 734 1
734 734 5
736 734 1
737 734 1
740 734 1
1038 734 1
707 735 1
731 735 -1
732 735 1
733 735 1
735 735 5
867 735 1
881 735 1
952 735 1
953 735 -1
732 736 1
733 736 1
734 736 1
736 736 5
740 736 -1
734 737 1
737 737 5
739 737 1
740 737 1
863 737 1
83 738 1
727 738 1
729 738 -1
738 738 5
739 738 1
740 738 1
742 738 -1
977 738 1
980 738 -1
671 739 -1
727 739 1
737 739 1
738 739 1
739 739 5
955 739 1
80 740 1
226 740 -1
675 740 -1
734 740 1
736 740 -1
737 740 1
738 740 1
740 740 5
733 741 -1
741 741 5
742 741 -1
811 741 1
862 741 -1
115 742 -1
738 742 -1
741 742 -1
742 742 5
812 742 1
973 742 1
659 743 1
672 743 -1
726 743 1
743 743 5
883 743 1
884 743 1
417 744 -1
429 744 -1
584 744 1
681 744 -1
744 744 5
746 744 1
750 744 -1
902 744 1
990 744 1
476 745 -1
681 745 -1
745 745 5
746 745 1
921 745 1
922 745 -1
923 745 -1
417 746 -1
506 746 1
744 746 1
745 746 1
746 746 5
747 746 1
748 746 1
918 746 1
98 747 -1
427 747 1
508 747 -1
685 747 -1
746 747 1
747 747 5
752 747 -1
753 747 -1
823 747 -1
77 748 1
431 748 1
483 748 1
509 748 -1
746 748 1
748 748 5
480 749 1
749 749 5
750 749 1
818 749 1
925 749 -1
585 750 -1
744 750 -1
749 750 1
750 750 5
753 750 -1
754 750 -1
978 750 -1
986 750 1
313 751 1
427 751 -1
431 751 1
484 751 1
512 751 1
664 751 1
684 751 1
751 751 5
752 751 1
753 751 1
98 752 1
427 752 -1
747 752 -1
751 752 1
752 752 5
822 752 1
824 752 -1
98 753 1
482 753 -1
484 753 1
747 753 -1
750 753 -1
751 753 1
753 753 5
825 753 -1
829 753 -1
428 754 1
630 754 -1
750 754 -1
754 754 5
982 754 -1
983 754 -1
984 754 -1
985 754 -1
292 755 -1
398 755 -1
591 755 1
703 755 -1
755 755 4
756 755 1
757 755 1
293 756 -1
601 756 -1
703 756 -1
755 756 1
756 756 5
1005 756 1
1023 756 1
293 757 -1
397 757 -1
602 757 -1
755 757 1
757 757 5
759 757 1
1004 757 1
1054 757 -1
410 758 -1
713 758 -1
758 758 5
759 758 -1
949 758 -1
1009 758 -1
1050 758 1
663 759 1
673 759 1
757 759 1
758 759 -1
759 759 5
875 759 -1
12 760 -1
760 760 5
761 760 1
762 760 1
763 760 1
771 760 -1
772 760 -1
773 760 -1
774 760 -1
12 761 -1
14 761 1
760 761 1
761 761 5
763 761 1
764 761 1
1013 761 -1
1026 761 1
68 762 -1
143 762 -1
147 762 1
760 762 1
762 762 5
763 762 1
764 762 1
766 762 -1
767 762 -1
768 762 -1
769 762 -1
143 763 -1
760 763 1
761 763 1
762 763 1
763 763 5
771 763 1
777 763 1
948 763 -1
12 764 -1
143 764 -1
145 764 1
761 764 1
762 764 1
764 764 5
1012 764 1
1026 764 -1
16 765 -1
19 765 1
68 765 -1
765 765 5
766 765 -1
767 765 -1
768 765 -1
769 765 -1
788 765 1
68 766 1
147 766 -1
638 766 1
762 766 -1
765 766 -1
766 766 5
767 766 1
768 766 1
784 766 -1
792 766 -1
794 766 1
19 767 -1
762 767 -1
765 767 -1
766 767 1
767 767 5
768 767 1
769 767 1
774 767 1
775 767 1
799 767 -1
19 768 -1
147 768 -1
762 768 -1
765 768 -1
766 768 1
767 768 1
768 768 5
781 768 -1
800 768 -1
803 768 1
19 769 -1
68 769 1
147 769 -1
169 769 -1
644 769 1
762 769 -1
765 769 -1
767 769 1
769 769 5
782 769 -1
783 769 -1
802 769 -1
146 770 -1
148 770 -1
403 770 -1
611 770 1
770 770 5
772 770 1
773 770 1
774 770 1
936 770 -1
18 771 1
146 771 -1
518 771 1
760 771 -1
763 771 1
771 771 5
773 771 1
774 771 1
937 771 1
17 772 1
146 772 -1
533 772 1
760 772 -1
770 772 1
772 772 5
774 772 1
779 772 1
61 773 1
146 773 -1
382 773 1
540 773 -1
574 773 1
653 773 1
760 773 -1
770 773 1
771 773 1
773 773 5
780 773 1
781 773 1
782 773 1
66 774 1
387 774 1
407 774 -1
760 774 -1
767 774 1
770 774 1
771 774 1
772 774 1
774 774 5
933 774 -1
135 775 -1
381 775 -1
767 775 1
775 775 5
778 775 1
780 775 -1
781 775 -1
782 775 -1
1032 775 1
18 776 1
776 776 5
777 776 1
942 776 1
943 776 1
944 776 1
522 777 1
763 777 1
776 777 1
777 777 5
778 777 -1
779 777 -1
17 778 1
61 778 -1
378 778 -1
532 778 1
575 778 -1
775 778 1
777 778 -1
778 778 5
781 778 -1
782 778 -1
841 778 -1
390 779 1
772 779 1
777 779 -1
779 779 5
783 779 -1
784 779 -1
992 779 1
996 779 1
998 779 -1
21 780 -1
61 780 1
379 780 1
773 780 1
775 780 -1
780 780 5
781 780 1
784 780 -1
1019 780 -1
768 781 -1
773 781 1
775 781 -1
778 781 -1
780 781 1
781 781 5
916 781 1
61 782 1
769 782 -1
773 782 1
775 782 -1
778 782 -1
782 782 5
785 782 -1
967 782 1
21 783 1
769 783 -1
779 783 -1
783 783 5
786 783 -1
960 783 -1
961 783 -1
966 783 -1
766 784 -1
779 784 -1
780 784 -1
784 784 5
929 784 -1
20 785 -1
166 785 -1
639 785 -1
782 785 -1
785 785 5
786 785 1
928 785 -1
930 785 -1
57 786 1
783 786 -1
785 786 1
786 786 5
911 786 -1
914 786 1
915 786 1
3 787 -1
128 787 -1
787 787 4
788 787 1
789 787 1
792 787 -1
1055 787 -1
765 788 1
787 788 1
788 788 5
789 788 1
790 788 1
793 788 1
1007 788 1
1024 788 1
2 789 -1
67 789 -1
343 789 1
787 789 1
788 789 1
789 789 5
798 789 -1
799 789 -1
800 789 -1
1051 789 -1
2 790 -1
128 790 -1
342 790 1
439 790 1
647 790 1
788 790 1
790 790 5
794 790 1
795 790 1
847 790 1
7 791 -1
444 791 1
635 791 1
647 791 1
791 791 5
795 791 1
796 791 1
634 792 1
638 792 -1
766 792 -1
787 792 -1
792 792 5
797 792 1
927 792 -1
928 792 -1
929 792 -1
139 793 -1
141 793 1
788 793 1
793 793 5
1013 793 -1
1026 793 1
26 794 -1
766 794 1
790 794 1
794 794 5
795 794 1
796 794 1
797 794 -1
173 795 1
361 795 -1
790 795 1
791 795 1
794 795 1
795 795 5
802 795 1
803 795 -1
951 795 -1
67 796 1
149 796 -1
367 796 1
647 796 1
791 796 1
794 796 1
796 796 5
799 796 1
800 796 1
26 797 1
166 797 1
169 797 -1
792 797 1
794 797 -1
797 797 5
801 797 -1
802 797 -1
928 797 1
930 797 1
931 797 1
67 798 1
149 798 -1
173 798 -1
362 798 1
493 798 1
645 798 -1
789 798 -1
798 798 5
799 798 1
802 798 -1
767 799 -1
789 799 -1
796 799 1
798 799 1
799 799 5
800 799 1
1033 799 1
149 800 -1
498 800 -1
768 800 -1
789 800 -1
796 800 1
799 800 1
800 800 5
801 800 -1
906 800 1
56 801 1
169 801 1
644 801 -1
797 801 -1
800 801 -1
801 801 5
911 801 -1
915 801 1
917 801 -1
644 802 -1
645 802 1
769 802 -1
795 802 1
797 802 -1
798 802 -1
802 802 5
963 802 -1
56 803 1
173 803 -1
494 803 1
645 803 -1
768 803 1
795 803 -1
803 803 5
907 803 1
912 803 -1
104 804 -1
119 804 -1
424 804 -1
729 804 1
804 804 5
806 804 1
807 804 1
813 804 1
814 804 1
815 804 1
104 805 -1
728 805 1
805 805 5
807 805 1
808 805 1
810 805 1
857 805 -1
860 805 -1
104 806 -1
422 806 -1
804 806 1
806 806 5
808 806 1
816 806 1
818 806 1
920 806 -1
921 806 -1
804 807 1
805 807 1
807 807 5
808 807 1
819 807 1
899 807 1
989 807 -1
325 808 1
718 808 1
730 808 1
805 808 1
806 808 1
807 808 1
808 808 5
1034 808 -1
422 809 1
809 809 5
811 809 1
817 809 -1
818 809 -1
419 810 1
805 810 1
810 810 5
857 810 1
863 810 1
119 811 1
424 811 1
741 811 1
809 811 1
811 811 5
812 811 -1
814 811 -1
815 811 -1
864 811 1
424 812 -1
742 812 1
811 812 -1
812 812 5
813 812 1
814 812 1
815 812 1
969 812 1
973 812 1
88 813 1
119 813 -1
804 813 1
812 813 1
813 813 5
814 813 1
815 813 1
816 813 1
977 813 1
119 814 -1
121 814 -1
804 814 1
811 814 -1
812 814 1
813 814 1
814 814 5
818 814 1
819 814 1
978 814 1
424 815 -1
804 815 1
811 815 -1
812 815 1
813 815 1
815 815 5
970 815 1
973 815 -1
975 815 -1
976 815 -1
806 816 1
813 816 1
816 816 5
817 816 1
818 816 1
920 816 1
923 816 1
120 817 -1
422 817 -1
809 817 -1
816 817 1
817 817 5
922 817 1
121 818 -1
749 818 1
806 818 1
809 818 -1
814 818 1
816 818 1
818 818 5
820 818 1
924 818 1
423 819 1
807 819 1
814 819 1
819 819 5
820 819 1
904 819 -1
990 819 1
423 820 1
586 820 -1
818 820 1
819 820 1
820 820 5
903 820 1
986 820 -1
96 821 -1
295 821 -1
472 821 -1
504 821 -1
666 821 1
821 821 5
823 821 1
825 821 1
826 821 1
1036 821 -1
295 822 -1
504 822 -1
618 822 1
702 822 -1
752 822 1
822 822 5
823 822 1
828 822 -1
982 822 1
1057 822 1
1066 822 -1
295 823 -1
702 823 -1
747 823 -1
821 823 1
822 823 1
823 823 5
827 823 -1
918 823 -1
96 824 -1
488 824 1
666 824 1
708 824 1
752 824 -1
824 824 5
826 824 1
1040 824 1
1041 824 1
96 825 -1
436 825 1
666 825 1
708 825 1
753 825 -1
821 825 1
825 825 5
988 825 -1
434 826 1
666 826 1
708 826 1
821 826 1
824 826 1
826 826 5
971 826 -1
976 826 -1
980 826 1
78 827 -1
313 827 1
487 827 1
664 827 1
683 827 1
823 827 -1
827 827 5
436 828 -1
486 828 -1
488 828 1
630 828 1
822 828 -1
828 828 5
829 828 -1
982 828 1
983 828 1
984 828 1
97 829 -1
753 829 -1
828 829 -1
829 829 5
975 829 1
978 829 -1
215 830 -1
369 830 -1
553 830 -1
830 830 4
832 830 1
833 830 1
834 830 1
835 830 1
837 830 -1
1065 830 -1
370 831 -1
553 831 -1
564 831 1
831 831 5
832 831 1
833 831 1
834 831 1
835 831 1
838 831 1
370 832 -1
726 832 1
830 832 1
831 832 1
832 832 5
833 832 1
834 832 1
835 832 1
877 832 1
884 832 -1
885 832 -1
886 832 -1
215 833 -1
370 833 -1
830 833 1
831 833 1
832 833 1
833 833 5
835 833 1
877 833 -1
878 833 -1
879 833 -1
215 834 -1
370 834 -1
538 834 -1
553 834 -1
561 834 1
830 834 1
831 834 1
832 834 1
834 834 5
1027 834 1
1073 834 -1
215 835 -1
530 835 -1
553 835 -1
567 835 1
830 835 1
831 835 1
832 835 1
833 835 1
835 835 5
841 835 -1
991 835 -1
992 835 -1
220 836 1
239 836 -1
377 836 -1
456 836 1
564 836 1
592 836 1
679 836 1
836 836 5
401 837 1
565 837 1
593 837 1
648 837 1
830 837 -1
837 837 5
1022 837 -1
187 838 -1
239 838 -1
393 838 -1
459 838 1
613 838 -1
648 838 -1
831 838 1
838 838 5
534 839 1
538 839 -1
839 839 5
840 839 1
882 839 -1
391 840 -1
561 840 1
567 840 -1
839 840 1
840 840 5
841 840 1
995 840 -1
997 840 1
530 841 1
532 841 -1
650 841 -1
778 841 -1
835 841 -1
840 841 1
841 841 5
939 841 1
999 841 1
359 842 -1
688 842 -1
842 842 5
850 842 1
1061 842 -1
1062 842 -1
267 843 1
843 843 5
844 843 1
851 843 -1
852 843 -1
853 843 -1
890 843 -1
341 844 1
440 844 1
687 844 -1
843 844 1
844 844 4
846 844 -1
847 844 -1
1060 844 -1
440 845 -1
692 845 -1
845 845 5
846 845 1
847 845 1
849 845 1
850 845 1
1063 845 -1
341 846 -1
438 846 -1
691 846 -1
844 846 -1
845 846 1
846 846 4
847 846 1
848 846 -1
692 847 -1
790 847 1
844 847 -1
845 847 1
846 847 1
847 847 5
856 847 1
1052 847 1
1055 847 -1
248 848 1
846 848 -1
848 848 5
851 848 1
854 848 1
358 849 1
359 849 -1
698 849 -1
845 849 1
849 849 5
851 849 1
853 849 1
891 849 -1
893 849 -1
452 850 1
842 850 1
845 850 1
850 850 5
855 850 -1
856 850 1
288 851 1
445 851 -1
843 851 -1
848 851 1
849 851 1
851 851 5
852 851 1
278 852 1
353 852 1
355 852 -1
452 852 -1
698 852 -1
843 852 -1
851 852 1
852 852 5
856 852 -1
285 853 1
447 853 -1
698 853 -1
843 853 -1
849 853 1
853 853 5
254 854 1
284 854 -1
696 854 1
848 854 1
854 854 5
855 854 1
178 855 -1
252 855 1
280 855 1
355 855 -1
641 855 1
850 855 -1
854 855 1
855 855 5
856 855 -1
950 855 1
643 856 -1
847 856 1
850 856 1
852 856 -1
855 856 -1
856 856 5
950 856 1
951 856 1
71 857 1
219 857 1
678 857 1
728 857 -1
805 857 -1
810 857 1
857 857 5
859 857 1
862 857 1
1000 857 -1
728 858 -1
858 858 5
859 858 1
860 858 1
919 858 -1
921 858 -1
857 859 1
858 859 1
859 859 5
860 859 1
862 859 -1
864 859 1
968 859 -1
69 860 1
213 860 1
805 860 -1
858 860 1
859 860 1
860 860 5
864 860 -1
885 860 1
420 861 1
861 861 5
862 861 1
863 861 1
923 861 -1
88 862 -1
418 862 1
741 862 -1
857 862 1
859 862 -1
861 862 1
862 862 5
84 863 -1
737 863 1
810 863 1
861 863 1
863 863 5
83 864 -1
811 864 1
859 864 1
860 864 -1
864 864 5
972 864 1
980 864 1
6 865 1
706 865 -1
865 865 5
866 865 1
867 865 1
869 865 1
1003 865 1
615 866 1
706 866 -1
865 866 1
866 866 5
868 866 1
871 866 -1
879 866 1
882 866 -1
515 867 -1
614 867 1
735 867 1
865 867 1
867 867 5
868 867 1
875 867 1
887 867 1
952 867 1
953 867 -1
954 867 -1
515 868 -1
608 868 -1
866 868 1
867 868 1
868 868 5
873 868 1
875 868 -1
876 868 1
1054 868 1
22 869 1
865 869 1
869 869 5
874 869 1
944 869 1
946 869 -1
948 869 -1
523 870 1
608 870 1
714 870 -1
870 870 5
875 870 1
876 870 -1
1004 870 1
1009 870 1
208 871 1
651 871 -1
866 871 -1
871 871 5
872 871 1
874 871 1
876 871 -1
212 872 1
525 872 -1
662 872 1
711 872 1
871 872 1
872 872 5
875 872 1
878 872 -1
883 872 1
520 873 1
608 873 -1
714 873 1
868 873 1
873 873 5
875 873 -1
949 873 -1
599 874 -1
869 874 1
871 874 1
874 874 5
937 874 1
940 874 1
942 874 1
759 875 -1
867 875 1
868 875 -1
870 875 1
872 875 1
873 875 -1
875 875 5
876 875 -1
524 876 -1
714 876 1
868 876 1
870 876 -1
871 876 -1
875 876 -1
876 876 5
1050 876 1
214 877 1
658 877 -1
726 877 1
832 877 1
833 877 -1
877 877 5
879 877 1
880 877 1
885 877 -1
886 877 -1
212 878 -1
555 878 -1
617 878 -1
662 878 -1
833 878 -1
872 878 -1
878 878 5
880 878 1
514 879 1
555 879 -1
833 879 -1
866 879 1
877 879 1
879 879 4
952 879 -1
1073 879 -1
534 880 -1
555 880 -1
573 880 1
877 880 1
878 880 1
880 880 5
993 880 1
1027 880 1
212 881 -1
514 881 -1
617 881 -1
662 881 -1
707 881 1
735 881 1
881 881 5
882 881 1
883 881 -1
887 881 1
953 881 -1
954 881 -1
573 882 1
839 882 -1
866 882 -1
881 882 1
882 882 5
995 882 1
1030 882 1
212 883 1
572 883 1
617 883 1
672 883 -1
743 883 1
872 883 1
881 883 -1
883 883 5
887 883 1
888 883 1
214 884 -1
554 884 -1
659 884 1
672 884 -1
726 884 -1
743 884 1
832 884 -1
884 884 5
885 884 1
888 884 1
69 885 1
80 885 -1
554 885 -1
675 885 1
832 885 -1
860 885 1
877 885 -1
884 885 1
885 885 5
886 885 1
888 885 -1
1001 885 1
214 886 -1
554 886 -1
731 886 -1
832 886 -1
877 886 -1
885 886 1
886 886 4
952 886 -1
659 887 1
672 887 -1
707 887 1
867 887 1
881 887 1
883 887 1
887 887 5
888 887 1
953 887 -1
954 887 -1
80 888 1
226 888 -1
659 888 1
883 888 1
884 888 1
885 888 -1
887 888 1
888 888 5
954 888 1
955 888 -1
267 889 -1
358 889 -1
689 889 -1
889 889 5
893 889 1
894 889 1
1060 889 -1
1061 889 -1
264 890 -1
689 890 -1
843 890 -1
890 890 4
892 890 -1
1062 890 -1
273 891 -1
358 891 -1
849 891 -1
891 891 5
894 891 1
351 892 -1
502 892 1
890 892 -1
892 892 5
1070 892 1
1072 892 1
286 893 1
849 893 -1
889 893 1
893 893 5
894 893 1
1061 893 1
1063 893 1
278 894 1
889 894 1
891 894 1
893 894 1
894 894 5
895 894 -1
178 895 -1
252 895 1
353 895 -1
450 895 -1
641 895 1
894 895 -1
895 895 5
896 895 1
950 895 1
254 896 1
446 896 1
697 896 1
895 896 1
896 896 5
106 897 1
319 897 -1
576 897 -1
897 897 4
899 897 -1
320 898 -1
577 898 -1
898 898 4
901 898 -1
902 898 -1
323 899 -1
807 899 1
897 899 -1
899 899 5
904 899 -1
919 899 1
106 900 -1
323 900 -1
583 900 1
900 900 4
902 900 -1
989 900 -1
109 901 -1
583 901 -1
898 901 -1
901 901 5
922 901 1
110 902 -1
475 902 1
744 902 1
898 902 -1
900 902 -1
902 902 5
903 902 -1
924 902 1
327 903 1
820 903 1
902 903 -1
903 903 5
904 903 -1
974 903 -1
986 903 -1
587 904 -1
819 904 -1
899 904 -1
903 904 -1
904 904 5
925 904 -1
548 905 1
905 905 5
906 905 1
907 905 1
908 905 1
909 905 1
1018 905 1
1068 905 1
131 906 1
347 906 1
800 906 1
905 906 1
906 906 5
913 906 -1
1033 906 1
1051 906 1
54 907 1
550 907 -1
803 907 1
905 907 1
907 907 5
909 907 1
913 907 -1
914 907 -1
54 908 1
497 908 -1
552 908 1
905 908 1
908 908 5
911 908 1
1067 908 1
497 909 -1
905 909 1
907 909 1
909 909 5
915 909 -1
916 909 -1
1014 909 -1
1018 909 -1
53 910 1
910 910 5
912 910 1
916 910 1
1017 910 1
167 911 -1
786 911 -1
801 911 -1
908 911 1
911 911 5
917 911 1
958 911 1
172 912 1
494 912 -1
551 912 1
803 912 -1
910 912 1
912 912 5
913 912 1
55 913 -1
362 913 1
906 913 -1
907 913 -1
912 913 1
913 913 5
914 913 1
1043 913 -1
168 914 1
494 914 -1
786 914 1
907 914 -1
913 914 1
914 914 5
915 914 1
917 914 -1
53 915 1
786 915 1
801 915 1
909 915 -1
914 915 1
915 915 5
959 915 -1
966 915 1
380 916 -1
781 916 1
909 916 -1
910 916 1
916 916 5
1019 916 -1
52 917 -1
801 917 -1
911 917 1
914 917 -1
917 917 5
965 917 -1
470 918 -1
503 918 -1
680 918 1
746 918 1
823 918 -1
918 918 4
105 919 1
858 919 -1
899 919 1
919 919 5
920 919 1
925 919 1
71 920 1
219 920 1
420 920 -1
678 920 1
806 920 -1
816 920 1
919 920 1
920 920 5
1001 920 -1
414 921 1
745 921 1
806 921 -1
858 921 -1
921 921 4
924 921 -1
989 921 -1
1000 921 -1
414 922 -1
745 922 -1
817 922 1
901 922 1
922 922 5
923 922 1
682 923 1
745 923 -1
816 923 1
861 923 -1
922 923 1
923 923 5
924 923 1
414 924 -1
426 924 -1
475 924 1
584 924 1
818 924 1
902 924 1
921 924 -1
923 924 1
924 924 5
122 925 -1
426 925 1
749 925 -1
904 925 -1
919 925 1
925 925 5
8 926 -1
444 926 1
926 926 5
927 926 1
928 926 1
929 926 1
1055 926 1
8 927 -1
163 927 -1
245 927 1
792 927 -1
926 927 1
927 927 5
929 927 1
1002 927 1
8 928 -1
166 928 1
634 928 -1
639 928 1
785 928 -1
792 928 -1
797 928 1
926 928 1
928 928 5
956 928 1
634 929 -1
784 929 -1
792 929 -1
926 929 1
927 929 1
929 929 5
996 929 1
1031 929 1
1069 929 1
636 930 -1
639 930 1
785 930 -1
797 930 1
930 930 5
931 930 1
957 930 1
29 931 1
166 931 1
639 931 1
797 931 1
930 931 1
931 931 5
960 931 1
965 931 1
966 931 1
60 932 1
136 932 -1
407 932 1
540 932 -1
574 932 1
653 932 1
932 932 5
933 932 1
939 932 -1
1032 932 1
136 933 -1
612 933 1
649 933 -1
774 933 -1
932 933 1
933 933 5
1022 933 -1
148 934 1
403 934 1
518 934 1
611 934 -1
934 934 5
935 934 1
938 934 1
943 934 -1
944 934 -1
945 934 -1
403 935 1
611 935 -1
934 935 1
935 935 5
936 935 1
945 935 1
1012 935 1
1026 935 -1
148 936 1
403 936 1
526 936 1
652 936 -1
770 936 -1
935 936 1
936 936 5
1025 936 -1
595 937 -1
652 937 1
771 937 1
874 937 1
937 937 5
938 937 1
940 937 1
941 937 1
24 938 -1
934 938 1
937 938 1
938 938 5
939 938 -1
378 939 1
382 939 -1
574 939 -1
575 939 1
653 939 -1
841 939 1
932 939 -1
938 939 -1
939 939 5
999 939 1
519 940 -1
597 940 -1
874 940 1
937 940 1
940 940 5
946 940 -1
519 941 -1
598 941 -1
937 941 1
941 941 5
942 941 1
947 941 -1
519 942 -1
596 942 -1
776 942 1
874 942 1
941 942 1
942 942 5
944 942 1
945 942 1
405 943 -1
606 943 -1
776 943 1
934 943 -1
943 943 5
945 943 1
949 943 1
1023 943 1
22 944 1
521 944 -1
776 944 1
869 944 1
934 944 -1
942 944 1
944 944 5
947 944 -1
1006 944 -1
1011 944 -1
11 945 -1
145 945 1
934 945 -1
935 945 1
942 945 1
943 945 1
945 945 5
1026 945 -1
22 946 -1
521 946 1
869 946 -1
940 946 -1
946 946 5
948 946 1
1005 946 1
22 947 -1
521 947 1
941 947 -1
944 947 -1
947 947 5
948 947 1
1004 947 1
1008 947 1
521 948 1
763 948 -1
869 948 -1
946 948 1
947 948 1
948 948 5
1013 948 1
605 949 -1
758 949 -1
873 949 -1
943 949 1
949 949 5
1053 949 1
178 950 -1
252 950 1
280 950 1
356 950 -1
855 950 1
856 950 1
895 950 1
950 950 5
951 950 1
170 951 -1
451 951 -1
549 951 1
795 951 -1
856 951 1
950 951 1
951 951 5
1043 951 1
707 952 1
735 952 1
867 952 1
879 952 -1
886 952 -1
952 952 4
953 952 -1
954 952 -1
670 953 -1
735 953 -1
867 953 -1
881 953 -1
887 953 -1
952 953 -1
953 953 5
971 953 1
1036 953 1
1039 953 -1
1040 953 -1
671 954 1
707 954 -1
867 954 -1
881 954 -1
887 954 -1
888 954 1
952 954 -1
954 954 5
972 954 1
82 955 -1
709 955 1
739 955 1
888 955 -1
955 955 5
980 955 -1
150 956 -1
928 956 1
956 956 4
958 956 1
959 956 1
1002 956 -1
1069 956 -1
241 957 1
930 957 1
957 957 5
958 957 1
959 957 1
960 957 1
547 958 1
911 958 1
956 958 1
957 958 1
958 958 5
960 958 1
963 958 1
1067 958 1
150 959 -1
368 959 1
915 959 -1
956 959 1
957 959 1
959 959 5
967 959 1
1014 959 -1
1015 959 -1
150 960 -1
372 960 1
783 960 -1
931 960 1
957 960 1
958 960 1
960 960 5
965 960 1
992 960 1
1029 960 1
9 961 1
783 961 -1
961 961 5
962 961 1
965 961 1
966 961 1
996 961 1
1031 961 1
164 962 -1
245 962 1
633 962 1
961 962 1
962 962 5
551 963 -1
802 963 -1
958 963 1
963 963 5
964 963 1
1042 963 1
167 964 -1
963 964 1
964 964 5
966 964 1
967 964 -1
1020 964 1
379 965 -1
917 965 -1
931 965 1
960 965 1
961 965 1
965 965 5
999 965 1
385 966 -1
783 966 -1
915 966 1
931 966 1
961 966 1
964 966 1
966 966 5
58 967 1
380 967 -1
782 967 1
959 967 1
964 967 -1
967 967 5
103 968 1
115 968 -1
325 968 1
718 968 1
859 968 -1
968 968 5
969 968 1
973 968 1
1034 968 -1
115 969 -1
722 969 1
812 969 1
968 969 1
969 969 5
971 969 1
972 969 1
1034 969 1
116 970 1
624 970 1
721 970 1
733 970 -1
815 970 1
970 970 5
972 970 1
974 970 -1
975 970 -1
1058 970 1
1059 970 -1
101 971 1
704 971 1
733 971 -1
826 971 -1
953 971 1
969 971 1
971 971 5
979 971 1
1036 971 1
1040 971 -1
83 972 -1
864 972 1
954 972 1
969 972 1
970 972 1
972 972 5
977 972 -1
329 973 -1
725 973 1
742 973 1
812 973 1
815 973 -1
968 973 1
973 973 5
974 973 1
975 973 1
976 973 1
116 974 -1
117 974 1
432 974 -1
586 974 1
903 974 -1
970 974 -1
973 974 1
974 974 5
976 974 1
116 975 -1
331 975 -1
435 975 1
589 975 1
632 975 1
815 975 -1
829 975 1
970 975 -1
973 975 1
975 975 5
984 975 -1
987 975 -1
101 976 1
116 976 -1
815 976 -1
826 976 -1
973 976 1
974 976 1
976 976 5
980 976 -1
1041 976 -1
418 977 -1
738 977 1
813 977 1
972 977 -1
977 977 5
980 977 -1
1001 977 1
481 978 1
585 978 1
750 978 -1
814 978 1
829 978 -1
978 978 5
979 978 1
101 979 1
435 979 -1
971 979 1
978 979 1
979 979 5
980 979 -1
985 979 1
669 980 -1
738 980 -1
826 980 1
864 980 1
955 980 -1
976 980 -1
977 980 -1
979 980 -1
980 980 5
337 981 -1
468 981 -1
621 981 1
629 981 1
981 981 5
987 981 1
1047 981 1
1056 981 1
581 982 -1
618 982 1
630 982 1
754 982 -1
822 982 1
828 982 1
982 982 5
984 982 1
985 982 1
1037 982 1
1066 982 -1
337 983 1
486 983 -1
590 983 -1
754 983 -1
828 983 1
983 983 5
984 983 1
985 983 1
987 983 -1
331 984 1
486 984 -1
589 984 -1
754 984 -1
828 984 1
975 984 -1
982 984 1
983 984 1
984 984 5
986 984 1
987 984 1
1059 984 -1
486 985 -1
630 985 1
754 985 -1
979 985 1
982 985 1
983 985 1
985 985 5
1037 985 -1
1040 985 -1
117 986 1
331 986 1
433 986 -1
481 986 -1
632 986 -1
750 986 1
820 986 -1
903 986 -1
984 986 1
986 986 5
987 986 1
988 986 1
589 987 -1
590 987 1
724 987 1
975 987 -1
981 987 1
983 987 -1
984 987 1
986 987 1
987 987 5
988 987 1
1058 987 1
331 988 1
589 988 -1
632 988 -1
825 988 -1
986 988 1
987 988 1
988 988 5
1039 988 1
105 989 -1
807 989 -1
900 989 -1
921 989 -1
989 989 4
990 989 -1
122 990 -1
475 990 1
584 990 1
744 990 1
819 990 1
989 990 -1
990 990 5
371 991 -1
835 991 -1
991 991 5
994 991 1
1028 991 -1
28 992 1
779 992 1
835 992 -1
960 992 1
992 992 5
993 992 1
996 992 1
999 992 1
1016 992 1
1069 992 -1
371 993 -1
529 993 1
880 993 1
992 993 1
993 993 5
995 993 1
1073 993 -1
4 994 -1
517 994 -1
991 994 1
994 994 5
1028 994 1
4 995 -1
840 995 -1
882 995 1
993 995 1
995 995 5
996 995 1
1073 995 1
390 996 1
517 996 -1
779 996 1
929 996 1
961 996 1
992 996 1
995 996 1
996 996 5
999 996 1
1069 996 1
529 997 -1
840 997 1
997 997 5
998 997 1
28 998 -1
390 998 -1
779 998 -1
997 998 1
998 998 5
999 998 -1
28 999 1
532 999 -1
575 999 1
841 999 1
939 999 1
965 999 1
992 999 1
996 999 1
998 999 -1
999 999 5
1019 999 1
71 1000 -1
219 1000 -1
415 1000 1
677 1000 -1
857 1000 -1
921 1000 -1
1000 1000 4
1001 1000 1
213 1001 1
219 1001 -1
678 1001 -1
727 1001 1
885 1001 1
920 1001 -1
977 1001 1
1000 1001 1
1001 1001 5
151 1002 -1
242 1002 -1
633 1002 1
927 1002 1
956 1002 -1
1002 1002 4
3 1003 -1
516 1003 1
865 1003 1
1003 1003 4
1005 1003 1
1006 1003 1
1007 1003 1
1054 1003 -1
0 1004 -1
699 1004 1
757 1004 1
870 1004 1
947 1004 1
1004 1004 5
1006 1004 1
1007 1004 1
0 1005 -1
396 1005 1
756 1005 1
946 1005 1
1003 1005 1
1005 1005 5
1007 1005 1
0 1006 -1
124 1006 1
395 1006 1
944 1006 -1
1003 1006 1
1004 1006 1
1006 1006 5
1012 1006 1
123 1007 1
788 1007 1
1003 1007 1
1004 1007 1
1005 1007 1
1007 1007 5
1013 1007 -1
6 1008 -1
516 1008 -1
705 1008 1
947 1008 1
1008 1008 5
1009 1008 1
605 1009 -1
758 1009 -1
870 1009 1
1008 1009 1
1009 1009 5
1010 1009 1
1050 1009 -1
405 1010 -1
606 1010 -1
1009 1010 1
1010 1010 5
1011 1010 1
1012 1010 1
1025 1010 1
15 1011 1
140 1011 1
944 1011 -1
1010 1011 1
1011 1011 5
10 1012 -1
145 1012 1
764 1012 1
935 1012 1
1006 1012 1
1010 1012 1
1012 1012 5
139 1013 1
761 1013 -1
793 1013 -1
948 1013 1
1007 1013 -1
1013 1013 5
62 1014 -1
368 1014 -1
546 1014 1
909 1014 -1
959 1014 -1
1014 1014 5
1016 1014 1
47 1015 1
369 1015 -1
959 1015 -1
1015 1015 4
1016 1015 1
1017 1015 1
1068 1015 -1
992 1016 1
1014 1016 1
1015 1016 1
1016 1016 5
1017 1016 1
1019 1016 1
1029 1016 1
1069 1016 -1
154 1017 1
368 1017 -1
547 1017 1
910 1017 1
1015 1017 1
1016 1017 1
1017 1017 5
373 1018 -1
491 1018 1
548 1018 1
905 1018 1
909 1018 -1
1018 1018 5
1020 1018 1
58 1019 -1
780 1019 -1
916 1019 -1
999 1019 1
1016 1019 1
1019 1019 5
62 1020 -1
552 1020 1
964 1020 1
1018 1020 1
1020 1020 5
1042 1020 1
187 1021 1
220 1021 1
376 1021 -1
401 1021 -1
456 1021 1
459 1021 -1
568 1021 1
679 1021 1
1021 1021 5
1022 1021 1
1065 1021 1
51 1022 1
130 1022 1
593 1022 -1
837 1022 -1
933 1022 -1
1021 1022 1
1022 1022 5
1032 1022 -1
1033 1022 -1
124 1023 -1
606 1023 -1
756 1023 1
943 1023 1
1023 1023 5
1024 1023 1
1025 1023 1
1053 1023 1
1 1024 1
395 1024 -1
788 1024 1
1023 1024 1
1024 1024 5
1026 1024 1
405 1025 -1
936 1025 -1
1010 1025 1
1023 1025 1
1025 1025 5
1050 1025 -1
14 1026 1
761 1026 1
764 1026 -1
793 1026 1
935 1026 -1
945 1026 -1
1024 1026 1
1026 1026 5
834 1027 1
880 1027 1
1027 1027 5
1029 1027 1
991 1028 -1
994 1028 1
1028 1028 4
1069 1028 -1
1073 1028 -1
372 1029 1
960 1029 1
1016 1029 1
1027 1029 1
1029 1029 5
513 1030 1
882 1030 1
1030 1030 5
1031 1030 1
9 1031 1
929 1031 1
961 1031 1
1030 1031 1
1031 1031 5
130 1032 -1
402 1032 -1
775 1032 1
932 1032 1
1022 1032 -1
1032 1032 5
1033 1032 1
347 1033 1
375 1033 -1
402 1033 -1
489 1033 1
799 1033 1
906 1033 1
1022 1033 -1
1032 1033 1
1033 1033 5
1051 1033 1
103 1034 -1
325 1034 -1
717 1034 -1
731 1034 -1
808 1034 -1
968 1034 -1
969 1034 1
1034 1034 4
1035 1034 -1
113 1035 1
329 1035 -1
624 1035 1
732 1035 -1
1034 1035 -1
1035 1035 5
1039 1035 1
1058 1035 1
1059 1035 -1
700 1036 -1
821 1036 -1
953 1036 1
971 1036 1
1036 1036 4
1038 1036 -1
1039 1036 -1
1066 1036 -1
473 1037 1
618 1037 1
701 1037 -1
982 1037 1
985 1037 -1
1037 1037 5
1041 1037 1
1057 1037 1
82 1038 -1
669 1038 1
704 1038 -1
734 1038 1
1036 1038 -1
1038 1038 5
1039 1038 1
1040 1038 1
624 1039 1
704 1039 -1
721 1039 1
953 1039 -1
988 1039 1
1035 1039 1
1036 1039 -1
1038 1039 1
1039 1039 5
1058 1039 1
623 1040 1
704 1040 -1
824 1040 1
953 1040 -1
971 1040 -1
985 1040 -1
1038 1040 1
1040 1040 5
631 1041 -1
824 1041 1
976 1041 -1
1037 1041 1
1041 1041 5
172 1042 -1
495 1042 1
963 1042 1
1020 1042 1
1042 1042 5
1067 1042 1
493 1043 -1
646 1043 1
913 1043 -1
951 1043 1
1043 1043 5
1052 1043 -1
31 1044 -1
622 1044 1
719 1044 1
1044 1044 4
1045 1044 1
1049 1044 -1
579 1045 1
627 1045 1
723 1045 -1
1044 1045 1
1045 1045 5
1049 1045 1
30 1046 -1
620 1046 1
1046 1046 4
1056 1046 -1
39 1047 1
582 1047 1
723 1047 -1
981 1047 1
1047 1047 5
1048 1047 1
1049 1047 1
1057 1047 -1
36 1048 1
619 1048 -1
719 1048 1
1047 1048 1
1048 1048 4
1049 1048 -1
36 1049 -1
39 1049 1
1044 1049 -1
1045 1049 1
1047 1049 1
1048 1049 -1
1049 1049 5
1058 1049 -1
758 1050 1
876 1050 1
1009 1050 -1
1025 1050 -1
1050 1050 5
1053 1050 -1
50 1051 1
126 1051 -1
344 1051 -1
489 1051 1
789 1051 -1
906 1051 1
1033 1051 1
1051 1051 4
1052 1051 1
127 1052 -1
439 1052 1
847 1052 1
1043 1052 -1
1051 1052 1
1052 1052 5
1055 1052 -1
396 1053 1
605 1053 -1
699 1053 -1
949 1053 1
1023 1053 1
1050 1053 -1
1053 1053 5
1054 1053 1
700 1054 -1
757 1054 -1
868 1054 1
1003 1054 -1
1053 1054 1
1054 1054 4
342 1055 -1
438 1055 -1
635 1055 1
787 1055 -1
847 1055 -1
926 1055 1
1052 1055 -1
1055 1055 4
35 1056 -1
578 1056 -1
621 1056 1
981 1056 1
1046 1056 -1
1056 1056 4
1057 1056 -1
473 1057 1
582 1057 -1
822 1057 1
1037 1057 1
1047 1057 -1
1056 1057 -1
1057 1057 5
1066 1057 -1
332 1058 -1
970 1058 1
987 1058 1
1035 1058 1
1039 1058 1
1049 1058 -1
1058 1058 5
1059 1058 -1
721 1059 -1
970 1059 -1
984 1059 -1
1035 1059 -1
1058 1059 -1
1059 1059 5
1066 1059 1
340 1060 1
844 1060 -1
889 1060 -1
1060 1060 4
1062 1060 1
1071 1060 -1
350 1061 -1
842 1061 -1
889 1061 -1
893 1061 1
1061 1061 5
842 1062 -1
890 1062 -1
1060 1062 1
1062 1062 4
1070 1062 -1
500 1063 1
845 1063 -1
893 1063 1
1063 1063 5
1064 1063 1
1072 1063 -1
274 1064 1
350 1064 -1
502 1064 1
1063 1064 1
1064 1064 5
1072 1064 1
217 1065 -1
456 1065 1
592 1065 1
679 1065 1
830 1065 -1
1021 1065 1
1065 1065 4
473 1066 -1
619 1066 -1
822 1066 -1
982 1066 -1
1036 1066 -1
1057 1066 -1
1059 1066 1
1066 1066 4
154 1067 1
908 1067 1
958 1067 1
1042 1067 1
1067 1067 5
1068 1067 1
48 1068 1
491 1068 1
545 1068 -1
905 1068 1
1015 1068 -1
1067 1068 1
1068 1068 4
9 1069 1
372 1069 -1
929 1069 1
956 1069 -1
992 1069 -1
996 1069 1
1016 1069 -1
1028 1069 -1
1069 1069 4
274 1070 1
502 1070 1
892 1070 1
1062 1070 -1
1070 1070 4
339 1071 1
500 1071 1
1060 1071 -1
1071 1071 4
274 1072 1
339 1072 -1
501 1072 -1
892 1072 1
1063 1072 -1
1064 1072 1
1072 1072 4
513 1073 1
834 1073 -1
879 1073 -1
993 1073 -1
995 1073 1
1028 1073 -1
1073 1073 4
