0 0 5
2 0 1
4 0 -1
6 0 -1
8 0 -1
9 0 -1
10 0 -1
11 0 -1
381 0 -1
546 0 -1
625 0 -1
1 1 8
2 1 1
3 1 -1
4 1 -1
6 1 -1
227 1 -1
382 1 -1
478 1 -1
534 1 -1
547 1 -1
630 1 -1
0 2 1
1 2 1
2 2 7
8 2 -1
9 2 -1
10 2 -1
11 2 -1
56 2 1
488 2 1
565 2 1
1 3 -1
3 3 6
4 3 1
6 3 1
8 3 1
9 3 1
10 3 1
11 3 1
55 3 -1
369 3 -1
566 3 -1
0 4 -1
1 4 -1
3 4 1
4 4 8
5 4 1
9 4 1
27 4 -1
57 4 1
369 4 1
371 4 1
372 4 -1
373 4 1
376 4 -1
378 4 -1
380 4 -1
4 5 1
5 5 8
7 5 1
8 5 1
10 5 1
11 5 1
432 5 1
548 5 -1
549 5 -1
550 5 -1
0 6 -1
1 6 -1
3 6 1
6 6 7
7 6 1
10 6 1
11 6 1
434 6 -1
486 6 -1
491 6 1
492 6 -1
494 6 -1
495 6 -1
5 7 1
6 7 1
7 7 8
8 7 1
9 7 1
10 7 1
28 7 1
60 7 1
73 7 -1
295 7 1
385 7 -1
387 7 1
388 7 -1
389 7 1
390 7 -1
391 7 -1
0 8 -1
2 8 -1
3 8 1
5 8 1
7 8 1
8 8 7
11 8 1
164 8 1
255 8 -1
416 8 1
489 8 -1
533 8 1
535 8 -1
536 8 1
538 8 -1
0 9 -1
2 9 -1
3 9 1
4 9 1
7 9 1
9 9 6
10 9 1
11 9 1
229 9 -1
230 9 -1
233 9 1
234 9 -1
235 9 -1
236 9 -1
237 9 -1
238 9 1
239 9 -1
0 10 -1
2 10 -1
3 10 1
5 10 1
6 10 1
7 10 1
9 10 1
10 10 6
162 10 -1
510 10 1
557 10 1
570 10 -1
602 10 -1
629 10 1
0 11 -1
2 11 -1
3 11 1
5 11 1
6 11 1
8 11 1
9 11 1
11 11 6
67 11 1
288 11 1
479 11 -1
480 11 -1
481 11 -1
12 12 7
134 12 -1
258 12 -1
340 12 -1
586 12 -1
603 12 -1
13 13 4
16 13 -1
17 13 -1
18 13 -1
342 13 -1
588 13 -1
14 14 6
17 14 1
18 14 1
284 14 1
587 14 1
15 15 7
18 15 -1
341 15 -1
345 15 1
346 15 -1
13 16 -1
16 16 7
282 16 -1
528 16 1
604 16 1
605 16 1
606 16 -1
607 16 1
13 17 -1
14 17 1
17 17 6
44 17 1
135 17 1
136 17 -1
137 17 -1
138 17 -1
142 17 1
13 18 -1
14 18 1
15 18 -1
18 18 5
205 18 -1
259 18 1
260 18 1
261 18 -1
262 18 1
263 18 -1
264 18 -1
19 19 8
27 19 1
28 19 -1
157 19 -1
462 19 -1
554 19 -1
571 19 -1
593 19 -1
601 19 -1
620 19 -1
20 20 9
24 20 1
25 20 -1
214 20 -1
464 20 1
465 20 -1
469 20 1
21 21 8
23 21 -1
26 21 -1
28 21 -1
239 21 -1
257 21 1
301 21 -1
415 21 -1
487 21 -1
514 21 -1
538 21 -1
602 21 -1
22 22 7
25 22 1
26 22 -1
27 22 1
28 22 -1
513 22 -1
553 22 -1
556 22 -1
557 22 1
21 23 -1
23 23 5
24 23 1
25 23 -1
26 23 1
27 23 -1
28 23 1
215 23 -1
244 23 1
582 23 1
619 23 1
621 23 1
20 24 1
23 24 1
24 24 5
25 24 -1
26 24 1
27 24 -1
28 24 1
156 24 1
160 24 -1
161 24 -1
162 24 1
163 24 -1
164 24 -1
165 24 -1
166 24 1
20 25 -1
22 25 1
23 25 -1
24 25 -1
25 25 7
54 25 -1
160 25 -1
170 25 1
483 25 -1
561 25 1
21 26 -1
22 26 -1
23 26 1
24 26 1
26 26 6
27 26 -1
61 26 1
155 26 1
216 26 1
584 26 -1
592 26 1
594 26 -1
4 27 -1
19 27 1
22 27 1
23 27 -1
24 27 -1
26 27 -1
27 27 6
57 27 -1
368 27 -1
369 27 -1
371 27 -1
373 27 -1
374 27 1
375 27 1
377 27 1
378 27 1
379 27 1
7 28 1
19 28 -1
21 28 -1
22 28 -1
23 28 1
24 28 1
28 28 6
60 28 1
73 28 -1
295 28 1
381 28 1
382 28 1
383 28 -1
384 28 -1
385 28 -1
386 28 -1
388 28 -1
390 28 -1
29 29 4
30 29 -1
33 29 -1
34 29 1
35 29 1
37 29 1
38 29 1
39 29 1
40 29 1
41 29 -1
87 29 -1
539 29 -1
627 29 -1
29 30 -1
30 30 9
31 30 1
32 30 -1
39 30 -1
40 30 -1
128 30 -1
200 30 1
226 30 1
302 30 -1
472 30 -1
30 31 1
31 31 9
34 31 -1
35 31 -1
37 31 -1
41 31 1
349 31 1
430 31 -1
506 31 1
628 31 1
30 32 -1
32 32 8
33 32 -1
35 32 1
38 32 1
39 32 1
41 32 -1
396 32 -1
427 32 -1
476 32 -1
540 32 -1
29 33 -1
32 33 -1
33 33 7
34 33 -1
36 33 -1
37 33 -1
40 33 -1
41 33 1
85 33 -1
129 33 -1
305 33 1
313 33 -1
315 33 1
317 33 1
29 34 1
31 34 -1
33 34 -1
34 34 8
36 34 1
38 34 1
39 34 1
176 34 -1
178 34 -1
179 34 -1
181 34 1
184 34 -1
29 35 1
31 35 -1
32 35 1
35 35 8
36 35 1
37 35 1
38 35 1
132 35 -1
211 35 -1
225 35 -1
335 35 -1
401 35 -1
404 35 -1
405 35 -1
406 35 -1
33 36 -1
34 36 1
35 36 1
36 36 8
39 36 1
40 36 1
41 36 -1
88 36 -1
90 36 1
93 36 -1
94 36 -1
95 36 -1
96 36 -1
29 37 1
31 37 -1
33 37 -1
35 37 1
37 37 6
38 37 1
39 37 1
40 37 1
41 37 -1
126 37 -1
197 37 1
224 37 -1
304 37 -1
318 37 -1
319 37 -1
321 37 -1
322 37 1
324 37 1
29 38 1
32 38 1
34 38 1
35 38 1
37 38 1
38 38 6
39 38 1
40 38 1
41 38 -1
253 38 -1
303 38 -1
352 38 -1
412 38 -1
441 38 -1
444 38 -1
445 38 -1
446 38 1
29 39 1
30 39 -1
32 39 1
34 39 1
36 39 1
37 39 1
38 39 1
39 39 6
41 39 -1
334 39 1
505 39 -1
529 39 1
577 39 -1
578 39 -1
580 39 1
581 39 -1
29 40 1
30 40 -1
33 40 -1
36 40 1
37 40 1
38 40 1
40 40 7
41 40 -1
47 40 -1
351 40 -1
394 40 -1
429 40 -1
515 40 -1
516 40 -1
517 40 -1
518 40 -1
520 40 -1
521 40 1
29 41 -1
31 41 1
32 41 -1
33 41 1
36 41 -1
37 41 -1
38 41 -1
39 41 -1
40 41 -1
41 41 5
207 41 1
324 41 1
355 41 1
356 41 -1
357 41 1
359 41 1
360 41 1
362 41 1
42 42 6
46 42 1
47 42 -1
49 42 -1
135 42 -1
392 42 -1
457 42 -1
530 42 -1
574 42 -1
43 43 7
45 43 -1
47 43 -1
48 43 -1
262 43 1
456 43 -1
458 43 -1
17 44 1
44 44 6
47 44 1
48 44 1
49 44 1
50 44 1
134 44 1
139 44 -1
140 44 -1
141 44 -1
142 44 1
43 45 -1
45 45 7
49 45 1
50 45 1
345 45 1
353 45 1
575 45 1
42 46 1
46 46 8
50 46 -1
264 46 -1
286 46 -1
346 46 1
526 46 1
581 46 1
606 46 -1
608 46 -1
609 46 1
40 47 -1
42 47 -1
43 47 -1
44 47 1
47 47 5
49 47 1
50 47 1
182 47 1
351 47 1
407 47 -1
429 47 1
515 47 1
516 47 1
519 47 -1
520 47 1
521 47 -1
522 47 -1
523 47 -1
43 48 -1
44 48 1
48 48 8
178 48 -1
393 48 -1
395 48 -1
396 48 -1
42 49 -1
44 49 1
45 49 1
47 49 1
49 49 6
181 49 1
206 49 1
261 49 1
357 49 -1
477 49 -1
521 49 1
527 49 -1
542 49 1
44 50 1
45 50 1
46 50 -1
47 50 1
50 50 6
475 50 1
531 50 1
51 51 7
54 51 -1
56 51 1
57 51 -1
58 51 -1
167 51 -1
381 51 -1
562 51 -1
592 51 -1
625 51 -1
52 52 5
55 52 1
56 52 1
57 52 -1
58 52 -1
59 52 1
60 52 -1
168 52 -1
571 52 -1
593 52 -1
53 53 7
55 53 1
56 53 1
57 53 -1
60 53 -1
61 53 -1
172 53 1
173 53 -1
174 53 -1
175 53 -1
25 54 -1
51 54 -1
54 54 8
55 54 -1
56 54 -1
59 54 -1
160 54 1
561 54 -1
572 54 -1
3 55 -1
52 55 1
53 55 1
54 55 -1
55 55 7
58 55 -1
61 55 -1
552 55 -1
2 56 1
51 56 1
52 56 1
53 56 1
54 56 -1
56 56 6
60 56 -1
61 56 -1
384 56 -1
496 56 -1
551 56 -1
4 57 1
27 57 -1
51 57 -1
52 57 -1
53 57 -1
57 57 7
59 57 -1
61 57 1
373 57 1
374 57 -1
375 57 -1
376 57 -1
377 57 -1
378 57 -1
379 57 -1
380 57 -1
51 58 -1
52 58 -1
55 58 -1
58 58 7
60 58 1
61 58 1
161 58 1
235 58 1
254 58 -1
274 58 1
300 58 -1
485 58 -1
486 58 1
487 58 -1
489 58 1
490 58 -1
52 59 1
54 59 -1
57 59 -1
59 59 7
60 59 -1
61 59 -1
272 59 -1
373 59 1
492 59 -1
549 59 -1
563 59 -1
564 59 -1
7 60 1
28 60 1
52 60 -1
53 60 -1
56 60 -1
58 60 1
59 60 -1
60 60 7
73 60 -1
295 60 1
382 60 1
384 60 -1
385 60 -1
386 60 -1
388 60 -1
390 60 -1
391 60 -1
26 61 1
53 61 -1
55 61 -1
56 61 -1
57 61 1
58 61 1
59 61 -1
61 61 6
155 61 1
216 61 1
468 61 1
584 61 -1
594 61 -1
62 62 6
63 62 1
66 62 -1
67 62 -1
70 62 -1
71 62 -1
73 62 1
99 62 -1
240 62 -1
507 62 -1
544 62 -1
624 62 -1
62 63 1
63 63 10
69 63 1
72 63 -1
193 63 -1
287 63 -1
294 63 -1
64 64 7
66 64 1
69 64 -1
70 64 1
71 64 1
72 64 1
73 64 -1
545 64 1
65 65 9
68 65 1
70 65 -1
71 65 -1
72 65 -1
378 65 -1
469 65 1
508 65 -1
510 65 1
513 65 1
514 65 1
62 66 -1
64 66 1
66 66 8
67 66 1
68 66 -1
70 66 1
150 66 1
213 66 1
465 66 1
582 66 -1
584 66 1
585 66 1
11 67 1
62 67 -1
66 67 1
67 67 5
68 67 -1
69 67 -1
70 67 1
71 67 1
72 67 1
73 67 -1
379 67 1
386 67 1
478 67 1
481 67 -1
482 67 -1
65 68 1
66 68 -1
67 68 -1
68 68 8
69 68 1
73 68 1
100 68 -1
103 68 1
104 68 -1
107 68 -1
109 68 1
63 69 1
64 69 -1
67 69 -1
68 69 1
69 69 6
70 69 -1
71 69 -1
73 69 1
464 69 1
556 69 1
621 69 1
62 70 -1
64 70 1
65 70 -1
66 70 1
67 70 1
69 70 -1
70 70 5
72 70 1
73 70 -1
116 70 1
190 70 1
423 70 -1
455 70 -1
600 70 1
622 70 -1
62 71 -1
64 71 1
65 71 -1
67 71 1
69 71 -1
71 71 7
73 71 -1
114 71 1
147 71 1
191 71 1
424 71 -1
453 71 1
500 71 1
501 71 1
63 72 -1
64 72 1
65 72 -1
67 72 1
70 72 1
72 72 7
73 72 -1
113 72 -1
151 72 1
217 72 1
241 72 1
244 72 -1
7 73 -1
28 73 -1
60 73 -1
62 73 1
64 73 -1
67 73 -1
68 73 1
69 73 1
70 73 -1
71 73 -1
72 73 -1
73 73 5
370 73 1
381 73 -1
382 73 -1
383 73 1
384 73 1
385 73 1
386 73 1
387 73 -1
389 73 -1
391 73 1
74 74 7
77 74 -1
79 74 -1
80 74 1
82 74 1
83 74 1
85 74 -1
86 74 -1
166 74 -1
236 74 1
297 74 1
300 74 1
301 74 -1
75 75 7
80 75 1
81 75 1
82 75 1
83 75 1
84 75 -1
85 75 -1
86 75 -1
165 75 1
175 75 -1
410 75 -1
490 75 1
559 75 1
561 75 1
76 76 8
78 76 1
81 76 1
82 76 1
83 76 1
85 76 -1
86 76 -1
93 76 -1
237 76 1
246 76 1
248 76 -1
253 76 -1
254 76 1
255 76 1
256 76 1
257 76 1
74 77 -1
77 77 8
81 77 -1
82 77 -1
84 77 1
85 77 1
86 77 1
94 77 1
195 77 -1
197 77 -1
200 77 1
76 78 1
78 78 11
79 78 -1
85 78 -1
173 78 -1
266 78 1
269 78 -1
270 78 -1
272 78 -1
274 78 -1
275 78 -1
276 78 -1
74 79 -1
78 79 -1
79 79 5
80 79 -1
81 79 -1
82 79 -1
83 79 -1
84 79 1
85 79 1
86 79 1
96 79 1
276 79 -1
308 79 -1
321 79 1
411 79 -1
614 79 -1
615 79 -1
74 80 1
75 80 1
79 80 -1
80 80 10
81 80 1
90 80 1
302 80 1
303 80 -1
304 80 -1
308 80 -1
75 81 1
76 81 1
77 81 -1
79 81 -1
80 81 1
81 81 5
82 81 1
83 81 1
85 81 -1
86 81 -1
230 81 1
436 81 -1
485 81 1
491 81 -1
563 81 -1
590 81 -1
591 81 -1
74 82 1
75 82 1
76 82 1
77 82 -1
79 82 -1
81 82 1
82 82 6
84 82 -1
86 82 -1
174 82 -1
338 82 1
363 82 1
364 82 1
365 82 -1
366 82 -1
367 82 1
74 83 1
75 83 1
76 83 1
79 83 -1
81 83 1
83 83 7
84 83 -1
86 83 -1
122 83 1
123 83 1
125 83 1
126 83 -1
128 83 1
132 83 -1
133 83 -1
75 84 -1
77 84 1
79 84 1
82 84 -1
83 84 -1
84 84 8
85 84 1
233 84 1
413 84 1
433 84 1
438 84 -1
439 84 -1
441 84 1
443 84 1
33 85 -1
74 85 -1
75 85 -1
76 85 -1
77 85 1
78 85 -1
79 85 1
81 85 -1
84 85 1
85 85 5
86 85 1
310 85 -1
311 85 1
312 85 1
313 85 1
314 85 1
315 85 -1
316 85 1
74 86 -1
75 86 -1
76 86 -1
77 86 1
79 86 1
81 86 -1
82 86 -1
83 86 -1
85 86 1
86 86 5
313 86 -1
336 86 1
354 86 -1
367 86 1
435 86 -1
446 86 -1
502 86 -1
503 86 -1
504 86 -1
505 86 1
506 86 1
29 87 -1
87 87 9
90 87 -1
91 87 -1
93 87 1
94 87 1
318 87 -1
408 87 -1
444 87 -1
539 87 -1
614 87 -1
627 87 -1
36 88 -1
88 88 4
89 88 -1
90 88 -1
91 88 -1
93 88 1
94 88 1
95 88 1
97 88 1
98 88 -1
319 88 -1
615 88 -1
88 89 -1
89 89 9
92 89 1
94 89 -1
96 89 -1
98 89 1
314 89 1
352 89 1
441 89 1
445 89 1
446 89 -1
36 90 1
80 90 1
87 90 -1
88 90 -1
90 90 8
95 90 -1
97 90 -1
98 90 1
130 90 1
277 90 1
305 90 -1
306 90 -1
307 90 1
309 90 1
87 91 -1
88 91 -1
91 91 6
93 91 -1
94 91 -1
95 91 -1
96 91 -1
97 91 -1
98 91 1
128 91 -1
185 91 -1
200 91 1
226 91 1
310 91 -1
361 91 -1
403 91 1
472 91 -1
89 92 1
92 92 10
93 92 -1
95 92 -1
97 92 -1
126 92 1
186 92 -1
224 92 1
322 92 -1
324 92 -1
36 93 -1
76 93 -1
87 93 1
88 93 1
91 93 -1
92 93 -1
93 93 6
94 93 1
97 93 1
98 93 -1
201 93 1
237 93 -1
246 93 -1
247 93 1
249 93 1
251 93 1
254 93 -1
255 93 -1
256 93 -1
257 93 -1
36 94 -1
77 94 1
87 94 1
88 94 1
89 94 -1
91 94 -1
93 94 1
94 94 5
95 94 1
97 94 1
98 94 -1
124 94 -1
195 94 -1
198 94 -1
200 94 1
201 94 -1
202 94 -1
36 95 -1
88 95 1
90 95 -1
91 95 -1
92 95 -1
94 95 1
95 95 6
97 95 1
98 95 -1
163 95 -1
238 95 1
297 95 1
409 95 -1
410 95 -1
413 95 -1
414 95 1
415 95 1
416 95 1
36 96 -1
79 96 1
89 96 -1
91 96 -1
96 96 9
97 96 1
98 96 -1
276 96 -1
560 96 -1
88 97 1
90 97 -1
91 97 -1
92 97 -1
93 97 1
94 97 1
95 97 1
96 97 1
97 97 5
98 97 -1
316 97 -1
349 97 -1
430 97 1
506 97 -1
522 97 -1
541 97 -1
579 97 -1
628 97 -1
88 98 -1
89 98 1
90 98 1
91 98 1
93 98 -1
94 98 -1
95 98 -1
96 98 -1
97 98 -1
98 98 5
177 98 1
396 98 1
427 98 1
476 98 1
519 98 1
540 98 1
541 98 -1
62 99 -1
99 99 7
101 99 1
103 99 -1
104 99 1
105 99 -1
106 99 1
111 99 -1
240 99 -1
327 99 -1
544 99 -1
68 100 -1
100 100 7
101 100 1
106 100 1
107 100 1
108 100 1
188 100 -1
287 100 -1
328 100 -1
545 100 -1
623 100 -1
99 101 1
100 101 1
101 101 8
102 101 1
108 101 1
109 101 -1
423 101 1
455 101 1
600 101 -1
101 102 1
102 102 6
103 102 -1
104 102 1
106 102 1
107 102 1
108 102 1
109 102 -1
480 102 -1
511 102 1
68 103 1
99 103 -1
102 103 -1
103 103 7
105 103 1
106 103 -1
108 103 -1
422 103 1
454 103 1
68 104 -1
99 104 1
102 104 1
104 104 6
106 104 1
107 104 1
108 104 1
109 104 -1
187 104 -1
191 104 1
192 104 -1
194 104 -1
99 105 -1
103 105 1
105 105 7
106 105 -1
107 105 -1
108 105 -1
109 105 1
288 105 -1
291 105 -1
292 105 -1
293 105 -1
294 105 1
295 105 -1
99 106 1
100 106 1
102 106 1
103 106 -1
104 106 1
105 106 -1
106 106 6
109 106 -1
147 106 -1
191 106 -1
291 106 -1
424 106 1
453 106 -1
499 106 1
500 106 -1
501 106 -1
68 107 -1
100 107 1
102 107 1
104 107 1
105 107 -1
107 107 8
110 107 -1
112 107 -1
115 107 -1
117 107 -1
118 107 -1
119 107 1
100 108 1
101 108 1
102 108 1
103 108 -1
104 108 1
105 108 -1
108 108 6
109 108 -1
151 108 -1
217 108 -1
241 108 -1
243 108 1
244 108 1
245 108 -1
68 109 1
101 109 -1
102 109 -1
104 109 -1
105 109 1
106 109 -1
108 109 -1
109 109 6
325 109 1
326 109 1
330 109 -1
331 109 1
107 110 -1
110 110 5
113 110 1
114 110 -1
115 110 1
116 110 -1
118 110 1
119 110 -1
120 110 -1
325 110 -1
449 110 -1
99 111 -1
111 111 6
114 111 -1
115 111 1
116 111 -1
117 111 1
118 111 1
119 111 -1
120 111 -1
240 111 -1
327 111 -1
107 112 -1
112 112 8
114 112 -1
116 112 -1
120 112 -1
121 112 -1
144 112 -1
219 112 -1
241 112 -1
450 112 -1
633 112 -1
72 113 -1
110 113 1
113 113 7
116 113 -1
117 113 1
118 113 1
119 113 -1
120 113 -1
121 113 -1
217 113 -1
243 113 1
244 113 1
245 113 -1
71 114 1
110 114 -1
111 114 -1
112 114 -1
114 114 7
118 114 -1
119 114 1
120 114 1
121 114 1
191 114 1
291 114 1
424 114 -1
499 114 -1
500 114 1
501 114 1
107 115 -1
110 115 1
111 115 1
115 115 8
116 115 -1
120 115 -1
121 115 -1
143 115 -1
148 115 1
150 115 1
152 115 1
153 115 1
154 115 1
155 115 1
70 116 1
110 116 -1
111 116 -1
112 116 -1
113 116 -1
115 116 -1
116 116 6
118 116 -1
119 116 1
121 116 1
190 116 1
289 116 -1
423 116 -1
600 116 1
107 117 -1
111 117 1
113 117 1
117 117 10
118 117 1
421 117 1
451 117 1
107 118 -1
110 118 1
111 118 1
113 118 1
114 118 -1
116 118 -1
117 118 1
118 118 5
120 118 -1
121 118 -1
218 118 -1
107 119 1
110 119 -1
111 119 -1
113 119 -1
114 119 1
116 119 1
119 119 6
120 119 1
121 119 1
613 119 -1
631 119 1
632 119 1
110 120 -1
111 120 -1
112 120 -1
113 120 -1
114 120 1
115 120 -1
118 120 -1
119 120 1
120 120 6
189 120 1
422 120 1
623 120 1
112 121 -1
113 121 -1
114 121 1
115 121 -1
116 121 1
118 121 -1
119 121 1
121 121 7
326 121 1
328 121 1
330 121 -1
83 122 1
122 122 6
124 122 -1
126 122 -1
128 122 1
129 122 1
130 122 -1
131 122 -1
221 122 -1
332 122 -1
363 122 -1
401 122 -1
83 123 1
123 123 7
128 123 1
129 123 1
130 123 -1
132 123 -1
133 123 -1
195 123 -1
222 123 -1
266 123 -1
319 123 -1
364 123 -1
94 124 -1
122 124 -1
124 124 8
125 124 -1
127 124 1
129 124 -1
132 124 1
133 124 1
196 124 -1
198 124 1
201 124 1
83 125 1
124 125 -1
125 125 7
127 125 -1
129 125 1
130 125 -1
131 125 -1
133 125 -1
223 125 -1
37 126 -1
83 126 -1
92 126 1
122 126 -1
126 126 6
127 126 1
129 126 -1
130 126 1
131 126 1
132 126 1
133 126 1
186 126 -1
304 126 1
318 126 1
321 126 1
322 126 -1
323 126 1
324 126 -1
124 127 1
125 127 -1
126 127 1
127 127 8
128 127 -1
130 127 1
132 127 1
174 127 -1
309 127 -1
365 127 -1
366 127 -1
367 127 1
30 128 -1
83 128 1
91 128 -1
122 128 1
123 128 1
127 128 -1
128 128 8
131 128 -1
133 128 -1
185 128 1
361 128 1
447 128 -1
472 128 1
33 129 -1
122 129 1
123 129 1
124 129 -1
125 129 1
126 129 -1
129 129 8
131 129 -1
312 129 1
313 129 1
314 129 1
316 129 1
90 130 1
122 130 -1
123 130 -1
125 130 -1
126 130 1
127 130 1
130 130 6
131 130 1
132 130 1
133 130 1
250 130 1
277 130 1
303 130 -1
304 130 -1
306 130 -1
307 130 1
308 130 -1
309 130 1
122 131 -1
125 131 -1
126 131 1
128 131 -1
129 131 -1
130 131 1
131 131 6
132 131 1
133 131 1
173 131 -1
267 131 -1
269 131 -1
270 131 -1
271 131 -1
272 131 -1
273 131 -1
274 131 -1
275 131 -1
276 131 -1
277 131 -1
278 131 1
279 131 -1
35 132 -1
83 132 -1
123 132 -1
124 132 1
126 132 1
127 132 1
130 132 1
131 132 1
132 132 7
183 132 -1
211 132 1
358 132 1
402 132 -1
404 132 1
405 132 1
406 132 1
407 132 1
83 133 -1
123 133 -1
124 133 1
125 133 -1
126 133 1
128 133 -1
130 133 1
131 133 1
133 133 6
333 133 1
334 133 1
336 133 1
337 133 1
339 133 1
12 134 -1
44 134 1
134 134 6
137 134 -1
138 134 -1
141 134 -1
142 134 1
258 134 -1
340 134 -1
456 134 -1
17 135 1
42 135 -1
135 135 6
137 135 -1
140 135 -1
141 135 -1
142 135 1
341 135 -1
457 135 -1
574 135 -1
17 136 -1
136 136 7
138 136 1
139 136 1
141 136 1
142 136 -1
458 136 1
460 136 -1
461 136 -1
17 137 -1
134 137 -1
135 137 -1
137 137 9
286 137 1
399 137 1
517 137 -1
543 137 -1
581 137 -1
608 137 1
609 137 -1
17 138 -1
134 138 -1
136 138 1
138 138 6
140 138 1
141 138 1
142 138 -1
353 138 1
398 138 -1
518 138 -1
575 138 1
44 139 -1
136 139 1
139 139 8
140 139 1
142 139 -1
342 139 1
344 139 -1
44 140 -1
135 140 -1
138 140 1
139 140 1
140 140 8
205 140 -1
259 140 1
260 140 1
261 140 -1
44 141 -1
134 141 -1
135 141 -1
136 141 1
138 141 1
141 141 7
282 141 -1
589 141 -1
603 141 1
604 141 1
605 141 1
607 141 1
17 142 1
44 142 1
134 142 1
135 142 1
136 142 -1
138 142 -1
139 142 -1
142 142 5
184 142 1
208 142 1
285 142 -1
360 142 1
406 142 1
520 142 1
524 142 -1
525 142 1
527 142 -1
529 142 -1
115 143 -1
143 143 8
147 143 -1
149 143 1
150 143 -1
151 143 -1
153 143 -1
218 143 -1
418 143 -1
592 143 -1
598 143 -1
611 143 -1
632 143 -1
112 144 -1
144 144 7
146 144 -1
147 144 -1
148 144 -1
149 144 1
150 144 -1
152 144 -1
154 144 -1
212 144 -1
219 144 -1
241 144 -1
593 144 -1
145 145 6
147 145 1
148 145 1
149 145 -1
150 145 1
151 145 1
152 145 1
153 145 1
154 145 1
155 145 1
144 146 -1
146 146 7
147 146 1
150 146 1
151 146 1
152 146 1
153 146 1
154 146 1
155 146 1
631 146 1
633 146 1
71 147 1
106 147 -1
143 147 -1
144 147 -1
145 147 1
146 147 1
147 147 9
153 147 1
155 147 1
191 147 1
291 147 1
498 147 -1
115 148 1
144 148 -1
145 148 1
148 148 7
150 148 1
151 148 1
153 148 1
154 148 1
155 148 1
610 148 1
612 148 1
143 149 1
144 149 1
145 149 -1
149 149 6
150 149 -1
151 149 -1
152 149 -1
153 149 -1
154 149 -1
155 149 -1
331 149 1
421 149 1
449 149 -1
450 149 -1
454 149 1
455 149 -1
66 150 1
115 150 1
143 150 -1
144 150 -1
145 150 1
146 150 1
148 150 1
149 150 -1
150 150 7
152 150 1
293 150 1
390 150 1
465 150 1
512 150 1
582 150 -1
583 150 -1
72 151 1
108 151 -1
143 151 -1
145 151 1
146 151 1
148 151 1
149 151 -1
151 151 7
152 151 1
154 151 1
155 151 1
240 151 1
244 151 -1
245 151 1
115 152 1
144 152 -1
145 152 1
146 152 1
149 152 -1
150 152 1
151 152 1
152 152 6
153 152 1
155 152 1
192 152 -1
330 152 1
417 152 1
419 152 1
421 152 1
422 152 -1
423 152 1
115 153 1
143 153 -1
145 153 1
146 153 1
147 153 1
148 153 1
149 153 -1
152 153 1
153 153 6
154 153 1
214 153 1
215 153 1
115 154 1
144 154 -1
145 154 1
146 154 1
148 154 1
149 154 -1
151 154 1
153 154 1
154 154 7
194 154 -1
294 154 -1
385 154 1
481 154 1
599 154 1
600 154 -1
26 155 1
61 155 1
115 155 1
145 155 1
146 155 1
147 155 1
148 155 1
149 155 -1
151 155 1
152 155 1
155 155 7
387 155 -1
468 155 1
573 155 1
24 156 1
156 156 6
158 156 -1
160 156 -1
161 156 -1
165 156 -1
166 156 1
408 156 -1
533 156 -1
553 156 -1
629 156 -1
19 157 -1
157 157 8
161 157 -1
162 157 1
164 157 -1
166 157 1
409 157 -1
554 157 -1
559 157 -1
571 157 -1
601 157 -1
156 158 -1
158 158 11
165 158 1
239 158 1
257 158 -1
376 158 1
467 158 -1
514 158 1
159 159 7
160 159 1
161 159 1
163 159 1
164 159 1
165 159 1
166 159 -1
466 159 1
513 159 1
556 159 1
558 159 1
24 160 -1
25 160 -1
54 160 1
156 160 -1
159 160 1
160 160 6
162 160 -1
163 160 1
164 160 1
166 160 -1
170 160 -1
372 160 1
389 160 -1
573 160 -1
24 161 -1
58 161 1
156 161 -1
157 161 -1
159 161 1
161 161 6
162 161 -1
163 161 1
164 161 1
171 161 1
235 161 1
254 161 -1
274 161 1
371 161 -1
484 161 -1
485 161 -1
486 161 1
488 161 1
489 161 1
10 162 -1
24 162 1
157 162 1
160 162 -1
161 162 -1
162 162 6
163 162 -1
165 162 -1
166 162 1
377 162 -1
482 162 -1
510 162 -1
570 162 1
630 162 -1
24 163 -1
95 163 -1
159 163 1
160 163 1
161 163 1
162 163 -1
163 163 8
238 163 -1
248 163 1
411 163 -1
412 163 -1
413 163 1
414 163 -1
8 164 1
24 164 -1
157 164 -1
159 164 1
160 164 1
161 164 1
164 164 6
165 164 1
166 164 -1
231 164 1
255 164 -1
375 164 1
489 164 -1
497 164 1
534 164 1
535 164 -1
536 164 1
24 165 -1
75 165 1
156 165 -1
158 165 1
159 165 1
162 165 -1
164 165 1
165 165 7
175 165 -1
198 165 -1
249 165 1
273 165 1
560 165 -1
24 166 1
74 166 -1
156 166 1
157 166 1
159 166 -1
160 166 -1
162 166 1
164 166 -1
166 166 6
236 166 -1
247 166 -1
271 166 -1
298 166 -1
299 166 -1
51 167 -1
167 167 6
170 167 1
171 167 -1
173 167 1
175 167 1
363 167 -1
562 167 -1
618 167 -1
52 168 -1
168 168 7
169 168 1
171 168 -1
172 168 -1
266 168 -1
364 168 -1
559 168 -1
571 168 -1
168 169 1
169 169 7
170 169 1
174 169 1
175 169 1
373 169 1
492 169 -1
549 169 -1
563 169 -1
565 169 -1
566 169 -1
25 170 1
160 170 -1
167 170 1
169 170 1
170 170 6
172 170 -1
173 170 1
174 170 1
372 170 -1
389 170 1
572 170 1
573 170 1
161 171 1
167 171 -1
168 171 -1
171 171 7
172 171 1
174 171 -1
235 171 1
254 171 -1
300 171 -1
371 171 -1
485 171 -1
486 171 1
487 171 -1
488 171 1
489 171 1
53 172 1
168 172 -1
170 172 -1
171 172 1
172 172 6
175 172 -1
495 172 1
550 172 1
590 172 1
597 172 1
53 173 -1
78 173 -1
131 173 -1
167 173 1
170 173 1
173 173 8
202 173 1
267 173 1
270 173 1
271 173 1
275 173 1
276 173 1
277 173 1
278 173 -1
279 173 1
53 174 -1
82 174 -1
127 174 -1
169 174 1
170 174 1
171 174 -1
174 174 6
175 174 1
309 174 1
317 174 1
338 174 -1
366 174 1
367 174 -1
53 175 -1
75 175 -1
165 175 -1
167 175 1
169 175 1
172 175 -1
174 175 1
175 175 6
198 175 1
249 175 -1
296 175 1
410 175 1
560 175 1
34 176 -1
176 176 5
178 176 1
181 176 -1
182 176 -1
183 176 1
184 176 1
185 176 1
319 176 -1
355 176 -1
474 176 -1
540 176 -1
98 177 1
177 177 8
180 177 -1
181 177 1
183 177 -1
184 177 -1
185 177 -1
427 177 1
539 177 1
541 177 -1
34 178 -1
48 178 -1
176 178 1
178 178 6
180 178 1
183 178 1
184 178 1
185 178 1
186 178 1
392 178 -1
393 178 1
397 178 1
398 178 -1
399 178 1
34 179 -1
179 179 7
182 179 -1
183 179 1
184 179 1
185 179 1
186 179 1
428 179 -1
473 179 -1
475 179 1
177 180 -1
178 180 1
180 180 10
182 180 -1
207 180 -1
356 180 1
362 180 -1
34 181 1
49 181 1
176 181 -1
177 181 1
181 181 7
183 181 -1
185 181 -1
186 181 -1
206 181 1
261 181 1
460 181 1
532 181 1
542 181 1
543 181 1
47 182 1
176 182 -1
179 182 -1
180 182 -1
182 182 8
185 182 -1
186 182 -1
351 182 1
429 182 1
515 182 1
516 182 1
517 182 1
518 182 1
522 182 -1
523 182 -1
132 183 -1
176 183 1
177 183 -1
178 183 1
179 183 1
181 183 -1
183 183 6
185 183 1
186 183 1
211 183 -1
225 183 -1
311 183 -1
335 183 -1
401 183 -1
402 183 1
403 183 1
404 183 -1
405 183 -1
34 184 -1
142 184 1
176 184 1
177 184 -1
178 184 1
179 184 1
184 184 6
185 184 1
186 184 1
208 184 1
263 184 -1
285 184 -1
524 184 -1
525 184 1
526 184 -1
528 184 1
529 184 -1
91 185 -1
128 185 1
176 185 1
177 185 -1
178 185 1
179 185 1
181 185 -1
182 185 -1
183 185 1
184 185 1
185 185 5
200 185 -1
226 185 -1
302 185 1
310 185 1
403 185 -1
447 185 -1
472 185 1
92 186 -1
126 186 -1
178 186 1
179 186 1
181 186 -1
182 186 -1
183 186 1
184 186 1
186 186 7
197 186 1
224 186 -1
304 186 -1
318 186 -1
321 186 -1
322 186 1
104 187 -1
187 187 4
189 187 -1
190 187 -1
191 187 -1
193 187 -1
418 187 -1
598 187 -1
100 188 -1
188 188 7
190 188 -1
191 188 -1
287 188 -1
419 188 -1
599 188 -1
623 188 -1
120 189 1
187 189 -1
189 189 6
191 189 1
193 189 1
194 189 -1
329 189 -1
454 189 1
70 190 1
116 190 1
187 190 -1
188 190 -1
190 190 8
455 190 -1
71 191 1
104 191 1
106 191 -1
114 191 1
147 191 1
187 191 -1
188 191 -1
189 191 1
191 191 5
193 191 1
242 191 1
291 191 1
453 191 1
499 191 -1
500 191 1
104 192 -1
152 192 -1
192 192 8
193 192 -1
330 192 -1
417 192 -1
420 192 1
421 192 -1
63 193 -1
187 193 -1
189 193 1
191 193 1
192 193 -1
193 193 6
288 193 -1
290 193 -1
291 193 -1
292 193 -1
293 193 -1
295 193 -1
104 194 -1
154 194 -1
189 194 -1
194 194 8
385 194 -1
481 194 -1
585 194 1
594 194 -1
77 195 -1
94 195 -1
123 195 -1
195 195 5
198 195 1
199 195 1
200 195 -1
201 195 1
266 195 -1
319 195 -1
615 195 -1
124 196 -1
196 196 10
200 196 1
411 196 1
614 196 1
37 197 1
77 197 -1
186 197 1
197 197 8
198 197 1
201 197 1
202 197 1
224 197 -1
318 197 -1
322 197 1
323 197 -1
324 197 1
94 198 -1
124 198 1
165 198 -1
175 198 1
195 198 1
197 198 1
198 198 5
199 198 1
200 198 -1
201 198 1
249 198 -1
296 198 1
410 198 1
490 198 -1
559 198 -1
561 198 -1
195 199 1
198 199 1
199 199 9
202 199 1
277 199 -1
303 199 1
305 199 1
306 199 1
307 199 -1
309 199 -1
30 200 1
77 200 1
91 200 1
94 200 1
185 200 -1
195 200 -1
196 200 1
198 200 -1
200 200 5
201 200 -1
202 200 -1
226 200 1
310 200 -1
361 200 -1
403 200 1
447 200 1
472 200 -1
93 201 1
94 201 -1
124 201 1
195 201 1
197 201 1
198 201 1
200 201 -1
201 201 5
202 201 1
237 201 -1
246 201 -1
247 201 1
248 201 1
249 201 1
251 201 1
253 201 1
254 201 -1
255 201 -1
256 201 -1
257 201 -1
94 202 -1
173 202 1
197 202 1
199 202 1
200 202 -1
201 202 1
202 202 7
267 202 1
268 202 -1
269 202 1
270 202 1
271 202 1
272 202 1
274 202 1
275 202 1
277 202 1
278 202 -1
279 202 1
203 203 7
206 203 -1
207 203 -1
259 203 -1
401 203 -1
470 203 -1
524 203 -1
616 203 -1
204 204 6
208 204 1
210 204 -1
211 204 -1
260 204 -1
355 204 -1
471 204 -1
542 204 -1
18 205 -1
140 205 -1
205 205 6
207 205 -1
209 205 -1
210 205 -1
211 205 -1
258 205 -1
262 205 -1
264 205 1
265 205 1
49 206 1
181 206 1
203 206 -1
206 206 6
209 206 1
210 206 1
211 206 1
400 206 -1
460 206 1
477 206 -1
521 206 1
532 206 1
543 206 1
41 207 1
180 207 -1
203 207 -1
205 207 -1
207 207 8
324 207 1
359 207 1
361 207 1
142 208 1
184 208 1
204 208 1
208 208 7
209 208 -1
211 208 -1
285 208 -1
406 208 1
520 208 1
526 208 -1
528 208 1
529 208 -1
205 209 -1
206 209 1
208 209 -1
209 209 6
210 209 1
223 209 -1
322 209 1
472 209 1
204 210 -1
205 210 -1
206 210 1
209 210 1
210 210 6
283 210 -1
580 210 1
607 210 -1
609 210 1
617 210 1
35 211 -1
132 211 1
183 211 -1
204 211 -1
205 211 -1
206 211 1
208 211 -1
211 211 6
225 211 1
311 211 1
335 211 1
402 211 -1
403 211 -1
406 211 1
407 211 1
144 212 -1
212 212 6
213 212 -1
241 212 -1
462 212 -1
593 212 -1
620 212 -1
66 213 1
212 213 -1
213 213 7
293 213 1
390 213 1
499 213 1
512 213 1
583 213 -1
585 213 1
20 214 -1
153 214 1
214 214 6
217 214 -1
380 214 -1
391 214 -1
464 214 -1
466 214 1
467 214 -1
469 214 -1
23 215 -1
153 215 1
215 215 6
216 215 -1
558 215 1
619 215 -1
621 215 -1
26 216 1
61 216 1
215 216 -1
216 216 6
217 216 1
387 216 -1
573 216 1
592 216 1
594 216 -1
72 217 1
108 217 -1
113 217 -1
214 217 -1
216 217 1
217 217 6
240 217 1
242 217 -1
245 217 1
118 218 -1
143 218 -1
218 218 4
632 218 -1
112 219 -1
144 219 -1
219 219 5
633 219 -1
220 220 6
452 220 1
613 220 -1
631 220 1
122 221 -1
221 221 5
224 221 -1
226 221 -1
401 221 -1
470 221 -1
123 222 -1
222 222 5
225 222 -1
226 222 -1
319 222 -1
471 222 -1
125 223 -1
209 223 -1
223 223 7
356 223 -1
37 224 -1
92 224 1
186 224 -1
197 224 -1
221 224 -1
224 224 6
225 224 1
304 224 1
318 224 1
321 224 1
323 224 1
324 224 -1
35 225 -1
183 225 -1
211 225 1
222 225 -1
224 225 1
225 225 6
311 225 1
335 225 1
358 225 1
402 225 -1
405 225 1
406 225 1
407 225 1
30 226 1
91 226 1
185 226 -1
200 226 1
221 226 -1
222 226 -1
226 226 6
302 226 -1
310 226 -1
361 226 -1
447 226 1
1 227 -1
227 227 7
228 227 -1
230 227 -1
235 227 -1
236 227 -1
237 227 -1
238 227 1
239 227 -1
431 227 -1
439 227 -1
534 227 -1
547 227 -1
635 227 -1
227 228 -1
228 228 8
233 228 -1
234 228 1
236 228 1
237 228 1
238 228 -1
239 228 1
374 228 1
492 228 -1
494 228 -1
495 228 -1
496 228 -1
9 229 -1
229 229 7
231 229 1
234 229 1
235 229 1
236 229 1
237 229 1
238 229 -1
239 229 1
275 229 1
339 229 -1
435 229 -1
437 229 1
9 230 -1
81 230 1
227 230 -1
230 230 7
231 230 1
232 230 1
234 230 1
237 230 1
238 230 -1
239 230 1
267 230 1
563 230 -1
590 230 -1
591 230 -1
164 231 1
229 231 1
230 231 1
231 231 10
232 231 1
233 231 -1
236 231 1
375 231 1
533 231 1
535 231 -1
537 231 -1
230 232 1
231 232 1
232 232 6
233 232 -1
234 232 1
235 232 1
236 232 1
237 232 1
238 232 -1
239 232 1
546 232 1
548 232 -1
549 232 -1
550 232 -1
551 232 -1
552 232 -1
9 233 1
84 233 1
228 233 -1
231 233 -1
232 233 -1
233 233 8
235 233 -1
238 233 1
239 233 -1
278 233 1
307 233 1
413 233 1
438 233 -1
440 233 -1
441 233 1
9 234 -1
228 234 1
229 234 1
230 234 1
232 234 1
234 234 7
235 234 1
236 234 1
239 234 1
569 234 -1
634 234 1
9 235 -1
58 235 1
161 235 1
171 235 1
227 235 -1
229 235 1
232 235 1
233 235 -1
234 235 1
235 235 8
238 235 -1
274 235 1
371 235 -1
483 235 -1
484 235 -1
488 235 1
490 235 -1
9 236 -1
74 236 1
166 236 -1
227 236 -1
228 236 1
229 236 1
231 236 1
232 236 1
234 236 1
236 236 6
238 236 -1
239 236 1
271 236 1
296 236 1
297 236 1
301 236 -1
9 237 -1
76 237 1
93 237 -1
201 237 -1
227 237 -1
228 237 1
229 237 1
230 237 1
232 237 1
237 237 9
246 237 1
249 237 -1
250 237 -1
252 237 -1
253 237 -1
9 238 1
95 238 1
163 238 -1
227 238 1
228 238 -1
229 238 -1
230 238 -1
232 238 -1
233 238 1
235 238 -1
236 238 -1
238 238 5
239 238 -1
297 238 1
408 238 -1
409 238 -1
410 238 -1
411 238 1
412 238 1
413 238 -1
415 238 1
9 239 -1
21 239 -1
158 239 1
227 239 -1
228 239 1
229 239 1
230 239 1
232 239 1
233 239 -1
234 239 1
236 239 1
238 239 -1
239 239 5
301 239 1
376 239 1
415 239 1
467 239 -1
514 239 1
555 239 -1
572 239 1
601 239 1
602 239 1
62 240 -1
99 240 -1
111 240 -1
151 240 1
217 240 1
240 240 7
242 240 -1
243 240 -1
619 240 -1
624 240 -1
72 241 1
108 241 -1
112 241 -1
144 241 -1
212 241 -1
241 241 6
242 241 -1
243 241 -1
245 241 1
620 241 -1
191 242 1
217 242 -1
240 242 -1
241 242 -1
242 242 7
244 242 1
245 242 -1
291 242 1
424 242 -1
453 242 1
498 242 -1
500 242 1
501 242 1
108 243 1
113 243 1
240 243 -1
241 243 -1
243 243 8
293 243 1
390 243 1
465 243 1
512 243 1
584 243 1
585 243 1
23 244 1
72 244 -1
108 244 1
113 244 1
151 244 -1
242 244 1
244 244 7
463 244 1
558 244 -1
108 245 -1
113 245 -1
151 245 1
217 245 1
241 245 1
242 245 -1
245 245 6
464 245 1
509 245 -1
556 245 1
76 246 1
93 246 -1
201 246 -1
237 246 1
246 246 4
247 246 -1
249 246 -1
250 246 -1
252 246 -1
254 246 1
255 246 1
256 246 1
257 246 1
408 246 -1
438 246 -1
444 246 -1
93 247 1
166 247 -1
201 247 1
246 247 -1
247 247 9
250 247 1
252 247 1
253 247 1
255 247 -1
256 247 -1
271 247 1
298 247 1
76 248 -1
163 248 1
201 248 1
248 248 13
250 248 1
254 248 -1
409 248 1
93 249 1
165 249 1
175 249 -1
198 249 -1
201 249 1
237 249 -1
246 249 -1
249 249 6
250 249 1
251 249 1
253 249 1
254 249 -1
255 249 -1
256 249 -1
257 249 -1
273 249 1
490 249 1
559 249 1
561 249 1
130 250 1
237 250 -1
246 250 -1
247 250 1
248 250 1
249 250 1
250 250 8
254 250 -1
255 250 -1
256 250 -1
257 250 -1
277 250 1
302 250 1
304 250 -1
305 250 -1
306 250 -1
309 250 1
93 251 1
201 251 1
249 251 1
251 251 10
252 251 1
254 251 -1
255 251 -1
257 251 -1
278 251 -1
433 251 -1
439 251 1
440 251 1
442 251 1
237 252 -1
246 252 -1
247 252 1
251 252 1
252 252 8
253 252 1
254 252 -1
255 252 -1
256 252 -1
257 252 -1
276 252 1
321 252 -1
614 252 1
615 252 1
38 253 -1
76 253 -1
201 253 1
237 253 -1
247 253 1
249 253 1
252 253 1
253 253 7
254 253 -1
255 253 -1
256 253 -1
257 253 -1
314 253 1
352 253 1
445 253 1
446 253 -1
447 253 -1
448 253 -1
58 254 -1
76 254 1
93 254 -1
161 254 -1
171 254 -1
201 254 -1
246 254 1
248 254 -1
249 254 -1
250 254 -1
251 254 -1
252 254 -1
253 254 -1
254 254 5
255 254 1
256 254 1
274 254 -1
371 254 1
483 254 1
484 254 1
485 254 1
486 254 -1
488 254 -1
489 254 -1
490 254 1
8 255 -1
76 255 1
93 255 -1
164 255 -1
201 255 -1
246 255 1
247 255 -1
249 255 -1
250 255 -1
251 255 -1
252 255 -1
253 255 -1
254 255 1
255 255 5
256 255 1
375 255 -1
489 255 1
497 255 -1
533 255 -1
534 255 -1
535 255 1
536 255 -1
537 255 1
76 256 1
93 256 -1
201 256 -1
246 256 1
247 256 -1
249 256 -1
250 256 -1
252 256 -1
253 256 -1
254 256 1
255 256 1
256 256 5
257 256 1
536 256 1
569 256 1
634 256 -1
635 256 -1
21 257 1
76 257 1
93 257 -1
158 257 -1
201 257 -1
246 257 1
249 257 -1
250 257 -1
251 257 -1
252 257 -1
253 257 -1
256 257 1
257 257 7
376 257 -1
467 257 1
514 257 -1
555 257 1
572 257 -1
601 257 -1
602 257 -1
12 258 -1
134 258 -1
205 258 -1
258 258 7
261 258 -1
263 258 -1
264 258 -1
456 258 -1
603 258 -1
18 259 1
140 259 1
203 259 -1
259 259 6
261 259 -1
262 259 1
264 259 -1
524 259 -1
604 259 -1
18 260 1
140 260 1
204 260 -1
260 260 6
263 260 -1
264 260 -1
265 260 -1
458 260 -1
542 260 -1
18 261 -1
49 261 1
140 261 -1
181 261 1
258 261 -1
259 261 -1
261 261 7
265 261 1
357 261 -1
400 261 -1
477 261 -1
521 261 1
532 261 1
18 262 1
43 262 1
205 262 -1
259 262 1
262 262 7
263 262 -1
265 262 -1
457 262 -1
461 262 1
18 263 -1
184 263 -1
258 263 -1
260 263 -1
262 263 -1
263 263 8
285 263 1
360 263 -1
406 263 -1
520 263 -1
525 263 -1
529 263 1
18 264 -1
46 264 -1
205 264 1
258 264 -1
259 264 -1
260 264 -1
264 264 6
265 264 1
286 264 1
346 264 -1
399 264 1
517 264 -1
576 264 1
581 264 -1
606 264 1
608 264 1
609 264 -1
205 265 1
260 265 -1
261 265 1
262 265 -1
264 265 1
265 265 7
282 265 -1
343 265 1
589 265 -1
605 265 1
606 265 -1
607 265 1
78 266 1
123 266 -1
168 266 -1
195 266 -1
266 266 7
267 266 -1
269 266 -1
270 266 -1
271 266 -1
272 266 -1
274 266 -1
275 266 -1
277 266 -1
278 266 1
279 266 -1
364 266 -1
559 266 -1
615 266 -1
131 267 -1
173 267 1
202 267 1
230 267 1
266 267 -1
267 267 10
268 267 -1
273 267 1
276 267 1
277 267 1
279 267 1
491 267 -1
202 268 -1
267 268 -1
268 268 10
271 268 -1
272 268 -1
273 268 -1
274 268 -1
275 268 -1
276 268 -1
278 268 1
317 268 1
338 268 -1
363 268 -1
78 269 -1
131 269 -1
202 269 1
266 269 -1
269 269 7
271 269 1
273 269 1
274 269 1
275 269 1
276 269 1
277 269 1
278 269 -1
279 269 1
495 269 1
550 269 1
618 269 1
78 270 -1
131 270 -1
173 270 1
202 270 1
266 270 -1
270 270 7
271 270 1
272 270 1
273 270 1
274 270 1
276 270 1
277 270 1
278 270 -1
337 270 -1
494 270 1
548 270 1
595 270 1
596 270 1
131 271 -1
166 271 -1
173 271 1
202 271 1
236 271 1
247 271 1
266 271 -1
268 271 -1
269 271 1
270 271 1
271 271 6
272 271 1
275 271 1
276 271 1
277 271 1
278 271 -1
279 271 1
297 271 1
299 271 1
301 271 -1
59 272 -1
78 272 -1
131 272 -1
202 272 1
266 272 -1
268 272 -1
270 272 1
271 272 1
272 272 6
273 272 1
275 272 1
276 272 1
277 272 1
278 272 -1
279 272 1
373 272 -1
492 272 1
549 272 1
562 272 1
565 272 1
566 272 1
131 273 -1
165 273 1
249 273 1
267 273 1
268 273 -1
269 273 1
270 273 1
272 273 1
273 273 9
275 273 1
277 273 1
278 273 -1
279 273 1
410 273 -1
561 273 1
58 274 1
78 274 -1
131 274 -1
161 274 1
202 274 1
235 274 1
254 274 -1
266 274 -1
268 274 -1
269 274 1
270 274 1
274 274 7
275 274 1
276 274 1
277 274 1
278 274 -1
279 274 1
371 274 -1
483 274 -1
486 274 1
487 274 -1
488 274 1
489 274 1
78 275 -1
131 275 -1
173 275 1
202 275 1
229 275 1
266 275 -1
268 275 -1
269 275 1
271 275 1
272 275 1
273 275 1
274 275 1
275 275 6
276 275 1
277 275 1
339 275 -1
431 275 1
432 275 -1
434 275 1
78 276 -1
79 276 -1
96 276 -1
131 276 -1
173 276 1
252 276 1
267 276 1
268 276 -1
269 276 1
270 276 1
271 276 1
272 276 1
274 276 1
275 276 1
276 276 5
277 276 1
278 276 -1
279 276 1
308 276 1
321 276 -1
411 276 1
614 276 1
90 277 1
130 277 1
131 277 -1
173 277 1
199 277 -1
202 277 1
250 277 1
266 277 -1
267 277 1
269 277 1
270 277 1
271 277 1
272 277 1
273 277 1
274 277 1
275 277 1
276 277 1
277 277 5
278 277 -1
302 277 1
303 277 -1
304 277 -1
305 277 -1
307 277 1
308 277 -1
131 278 1
173 278 -1
202 278 -1
233 278 1
251 278 -1
266 278 1
268 278 1
269 278 -1
270 278 -1
271 278 -1
272 278 -1
273 278 -1
274 278 -1
276 278 -1
277 278 -1
278 278 6
299 278 1
307 278 1
413 278 1
438 278 -1
439 278 -1
441 278 1
443 278 1
131 279 -1
173 279 1
202 279 1
266 279 -1
267 279 1
269 279 1
271 279 1
272 279 1
273 279 1
274 279 1
276 279 1
279 279 8
313 279 1
336 279 -1
354 279 1
446 279 1
502 279 1
503 279 1
505 279 -1
506 279 -1
280 280 5
285 280 -1
286 280 -1
587 280 -1
604 280 -1
616 280 -1
281 281 6
285 281 -1
588 281 -1
605 281 -1
608 281 -1
617 281 -1
16 282 -1
141 282 -1
265 282 -1
282 282 8
343 282 -1
603 282 -1
210 283 -1
283 283 7
284 283 -1
362 283 1
405 283 1
580 283 -1
14 284 1
283 284 -1
284 284 5
285 284 1
286 284 1
344 284 1
586 284 1
142 285 -1
184 285 -1
208 285 -1
263 285 1
280 285 -1
281 285 -1
284 285 1
285 285 5
360 285 -1
406 285 -1
520 285 -1
524 285 1
527 285 1
529 285 1
46 286 -1
137 286 1
264 286 1
280 286 -1
284 286 1
286 286 6
346 286 -1
399 286 1
459 286 1
517 286 -1
543 286 -1
576 286 1
581 286 -1
63 287 -1
100 287 -1
188 287 -1
287 287 6
289 287 1
291 287 -1
292 287 -1
293 287 -1
295 287 -1
478 287 -1
545 287 -1
599 287 -1
11 288 1
105 288 -1
193 288 -1
288 288 8
289 288 -1
291 288 1
293 288 1
379 288 1
482 288 -1
116 289 -1
287 289 1
288 289 -1
289 289 7
290 289 -1
292 289 -1
293 289 -1
295 289 -1
423 289 1
455 289 1
622 289 1
193 290 -1
289 290 -1
290 290 6
291 290 1
292 290 1
293 290 1
294 290 -1
295 290 1
511 290 -1
544 290 1
105 291 -1
106 291 -1
114 291 1
147 291 1
191 291 1
193 291 -1
242 291 1
287 291 -1
288 291 1
290 291 1
291 291 6
292 291 1
295 291 1
424 291 -1
453 291 1
500 291 1
105 292 -1
193 292 -1
287 292 -1
289 292 -1
290 292 1
291 292 1
292 292 5
293 292 1
294 292 -1
378 292 1
469 292 -1
507 292 1
508 292 1
509 292 -1
510 292 -1
511 292 1
512 292 -1
513 292 -1
514 292 -1
105 293 -1
150 293 1
193 293 -1
213 293 1
243 293 1
287 293 -1
288 293 1
289 293 -1
290 293 1
292 293 1
293 293 6
465 293 1
512 293 1
582 293 -1
583 293 -1
584 293 1
63 294 -1
105 294 1
154 294 -1
290 294 -1
292 294 -1
294 294 9
425 294 -1
594 294 -1
598 294 -1
7 295 1
28 295 1
60 295 1
105 295 -1
193 295 -1
287 295 -1
289 295 -1
290 295 1
291 295 1
295 295 7
370 295 -1
381 295 1
382 295 1
383 295 -1
384 295 -1
387 295 1
389 295 1
391 295 -1
175 296 1
198 296 1
236 296 1
296 296 8
298 296 1
299 296 1
301 296 -1
559 296 -1
560 296 1
561 296 -1
74 297 1
95 297 1
236 297 1
238 297 1
271 297 1
297 297 6
298 297 1
299 297 1
300 297 1
408 297 -1
409 297 -1
411 297 1
412 297 1
413 297 -1
414 297 1
416 297 1
166 298 -1
247 298 1
296 298 1
297 298 1
298 298 7
301 298 -1
436 298 1
491 298 1
563 298 1
590 298 1
591 298 1
166 299 -1
271 299 1
278 299 1
296 299 1
297 299 1
299 299 6
300 299 1
301 299 -1
307 299 1
413 299 1
433 299 1
438 299 -1
439 299 -1
440 299 -1
441 299 1
443 299 1
58 300 -1
74 300 1
171 300 -1
297 300 1
299 300 1
300 300 9
371 300 1
483 300 1
484 300 1
486 300 -1
488 300 -1
489 300 -1
21 301 -1
74 301 -1
236 301 -1
239 301 1
271 301 -1
296 301 -1
298 301 -1
299 301 -1
301 301 6
376 301 1
467 301 -1
514 301 1
538 301 1
555 301 -1
572 301 1
601 301 1
602 301 1
30 302 -1
80 302 1
185 302 1
226 302 -1
250 302 1
277 302 1
302 302 8
306 302 -1
307 302 1
308 302 -1
309 302 1
361 302 1
403 302 -1
472 302 1
38 303 -1
80 303 -1
130 303 -1
199 303 1
277 303 -1
303 303 8
304 303 1
308 303 1
309 303 -1
352 303 1
412 303 1
444 303 1
445 303 1
448 303 -1
37 304 -1
80 304 -1
126 304 1
130 304 -1
186 304 -1
224 304 1
250 304 -1
277 304 -1
303 304 1
304 304 5
305 304 1
306 304 1
307 304 -1
308 304 1
309 304 -1
318 304 1
319 304 1
321 304 1
322 304 -1
323 304 1
324 304 -1
33 305 1
90 305 -1
199 305 1
250 305 -1
277 305 -1
304 305 1
305 305 8
307 305 -1
308 305 1
311 305 -1
312 305 -1
315 305 1
316 305 -1
90 306 -1
130 306 -1
199 306 1
250 306 -1
302 306 -1
304 306 1
306 306 8
308 306 1
336 306 -1
354 306 1
435 306 1
502 306 1
503 306 1
504 306 1
505 306 -1
506 306 -1
90 307 1
130 307 1
199 307 -1
233 307 1
277 307 1
278 307 1
299 307 1
302 307 1
304 307 -1
305 307 -1
307 307 6
308 307 -1
309 307 1
413 307 1
433 307 1
438 307 -1
439 307 -1
442 307 -1
443 307 1
79 308 -1
80 308 -1
130 308 -1
276 308 1
277 308 -1
302 308 -1
303 308 1
304 308 1
305 308 1
306 308 1
307 308 -1
308 308 5
309 308 -1
321 308 -1
411 308 1
560 308 1
614 308 1
615 308 1
90 309 1
127 309 -1
130 309 1
174 309 1
199 309 -1
250 309 1
302 309 1
303 309 -1
304 309 -1
307 309 1
308 309 -1
309 309 6
338 309 -1
363 309 -1
364 309 -1
365 309 1
366 309 1
85 310 -1
91 310 -1
185 310 1
200 310 -1
226 310 -1
310 310 7
312 310 -1
313 310 -1
315 310 1
316 310 -1
317 310 1
320 310 -1
361 310 1
472 310 1
85 311 1
183 311 -1
211 311 1
225 311 1
305 311 -1
311 311 7
313 311 1
314 311 1
316 311 1
317 311 -1
358 311 1
401 311 1
404 311 1
405 311 1
406 311 1
407 311 1
85 312 1
129 312 1
305 312 -1
310 312 -1
312 312 7
314 312 1
317 312 -1
523 312 1
529 312 -1
577 312 1
578 312 1
580 312 -1
581 312 1
33 313 -1
85 313 1
86 313 -1
129 313 1
279 313 1
310 313 -1
311 313 1
313 313 8
354 313 1
435 313 1
440 313 -1
502 313 1
503 313 1
504 313 1
85 314 1
89 314 1
129 314 1
253 314 1
311 314 1
312 314 1
314 314 7
315 314 -1
317 314 -1
352 314 1
412 314 1
441 314 1
444 314 1
445 314 1
33 315 1
85 315 -1
305 315 1
310 315 1
314 315 -1
315 315 7
316 315 -1
332 315 -1
333 315 -1
337 315 -1
339 315 -1
85 316 1
97 316 -1
129 316 1
305 316 -1
310 316 -1
311 316 1
315 316 -1
316 316 6
317 316 -1
349 316 1
430 316 -1
522 316 1
541 316 1
627 316 1
628 316 1
33 317 1
174 317 1
268 317 1
310 317 1
311 317 -1
312 317 -1
314 317 -1
316 317 -1
317 317 7
363 317 -1
364 317 -1
365 317 1
366 317 1
37 318 -1
87 318 -1
126 318 1
186 318 -1
197 318 -1
224 318 1
304 318 1
318 318 4
320 318 -1
321 318 1
322 318 -1
324 318 -1
539 318 -1
37 319 -1
88 319 -1
123 319 -1
176 319 -1
195 319 -1
222 319 -1
304 319 1
319 319 11
320 319 -1
355 319 -1
471 319 -1
540 319 -1
615 319 -1
310 320 -1
318 320 -1
319 320 -1
320 320 11
321 320 -1
323 320 -1
403 320 1
447 320 1
37 321 -1
79 321 1
126 321 1
186 321 -1
224 321 1
252 321 -1
276 321 -1
304 321 1
308 321 -1
318 321 1
320 321 -1
321 321 5
322 321 -1
323 321 1
324 321 -1
411 321 -1
560 321 -1
614 321 -1
37 322 1
92 322 -1
126 322 -1
186 322 1
197 322 1
209 322 1
304 322 -1
318 322 -1
321 322 -1
322 322 6
323 322 -1
404 322 -1
470 322 1
126 323 1
197 323 -1
224 323 1
304 323 1
320 323 -1
321 323 1
322 323 -1
323 323 7
324 323 -1
396 323 -1
427 323 -1
476 323 -1
519 323 -1
541 323 1
37 324 1
41 324 1
92 324 -1
126 324 -1
197 324 1
207 324 1
224 324 -1
304 324 -1
318 324 -1
321 324 -1
323 324 -1
324 324 6
357 324 1
358 324 -1
359 324 1
360 324 1
362 324 1
109 325 1
110 325 -1
325 325 7
329 325 1
417 325 -1
449 325 -1
109 326 1
121 326 1
326 326 4
327 326 1
329 326 1
331 326 1
418 326 -1
99 327 -1
111 327 -1
326 327 1
327 327 5
329 327 1
330 327 -1
331 327 1
100 328 -1
121 328 1
328 328 7
331 328 1
419 328 -1
623 328 -1
189 329 -1
325 329 1
326 329 1
327 329 1
329 329 7
622 329 -1
109 330 -1
121 330 -1
152 330 1
192 330 -1
327 330 -1
330 330 7
420 330 -1
423 330 1
424 330 1
425 330 -1
109 331 1
149 331 1
326 331 1
327 331 1
328 331 1
331 331 6
450 331 -1
451 331 1
452 331 1
453 331 1
455 331 -1
122 332 -1
315 332 -1
332 332 7
336 332 1
339 332 1
363 332 -1
401 332 -1
577 332 -1
595 332 -1
133 333 1
315 333 -1
333 333 6
335 333 -1
338 333 -1
431 333 -1
503 333 -1
578 333 -1
596 333 -1
39 334 1
133 334 1
334 334 7
337 334 1
338 334 -1
339 334 1
523 334 -1
529 334 1
579 334 1
580 334 1
581 334 -1
35 335 -1
183 335 -1
211 335 1
225 335 1
333 335 -1
335 335 6
336 335 -1
337 335 -1
338 335 1
339 335 -1
358 335 1
403 335 -1
404 335 1
405 335 1
406 335 1
407 335 1
86 336 1
133 336 1
279 336 -1
306 336 -1
332 336 1
335 336 -1
336 336 8
354 336 -1
440 336 1
446 336 -1
502 336 -1
506 336 1
133 337 1
270 337 -1
315 337 -1
334 337 1
335 337 -1
337 337 7
494 337 -1
548 337 -1
591 337 -1
597 337 1
82 338 1
174 338 -1
268 338 -1
309 338 -1
333 338 -1
334 338 -1
335 338 1
338 338 7
339 338 -1
364 338 1
365 338 -1
133 339 1
229 339 -1
275 339 -1
315 339 -1
332 339 1
334 339 1
335 339 -1
338 339 -1
339 339 5
432 339 1
433 339 -1
434 339 -1
436 339 -1
12 340 -1
134 340 -1
340 340 5
343 340 -1
344 340 -1
345 340 -1
346 340 1
15 341 -1
135 341 -1
341 341 5
343 341 -1
344 341 -1
346 341 1
574 341 -1
13 342 -1
139 342 1
342 342 8
575 342 -1
588 342 -1
605 342 -1
608 342 -1
265 343 1
282 343 -1
340 343 -1
341 343 -1
343 343 7
345 343 1
528 343 1
603 343 1
604 343 1
607 343 1
139 344 -1
284 344 1
340 344 -1
341 344 -1
344 344 5
345 344 1
346 344 -1
586 344 1
587 344 1
15 345 1
45 345 1
340 345 -1
343 345 1
344 345 1
345 345 6
353 345 1
398 345 -1
518 345 -1
15 346 -1
46 346 1
264 346 -1
286 346 -1
340 346 1
341 346 1
344 346 -1
346 346 6
399 346 -1
459 346 -1
517 346 1
526 346 1
543 346 1
581 346 1
609 346 1
347 347 7
354 347 -1
426 347 -1
444 347 -1
515 347 -1
574 347 -1
627 347 -1
348 348 7
350 348 -1
445 348 -1
503 348 -1
516 348 -1
575 348 -1
628 348 -1
31 349 1
97 349 -1
316 349 1
349 349 8
353 349 1
541 349 1
579 349 1
348 350 -1
350 350 5
352 350 1
353 350 1
354 350 1
393 350 1
427 350 -1
428 350 -1
40 351 -1
47 351 1
182 351 1
351 351 7
352 351 1
354 351 1
394 351 1
407 351 -1
517 351 1
519 351 -1
520 351 1
521 351 -1
523 351 -1
38 352 -1
89 352 1
253 352 1
303 352 1
314 352 1
350 352 1
351 352 1
352 352 6
353 352 1
412 352 1
441 352 1
447 352 -1
45 353 1
138 353 1
345 353 1
349 353 1
350 353 1
352 353 1
353 353 5
354 353 1
398 353 -1
576 353 -1
86 354 -1
279 354 1
306 354 1
313 354 1
336 354 -1
347 354 -1
350 354 1
351 354 1
353 354 1
354 354 5
367 354 -1
435 354 1
440 354 -1
502 354 1
504 354 1
505 354 -1
41 355 1
176 355 -1
204 355 -1
319 355 -1
355 355 7
358 355 -1
360 355 1
361 355 1
362 355 1
471 355 -1
474 355 -1
542 355 -1
41 356 -1
180 356 1
223 356 -1
356 356 7
357 356 -1
359 356 -1
360 356 -1
362 356 -1
470 356 1
41 357 1
49 357 -1
261 357 -1
324 357 1
356 357 -1
357 357 7
358 357 -1
361 357 1
362 357 1
400 357 1
460 357 -1
521 357 -1
532 357 -1
543 357 -1
132 358 1
225 358 1
311 358 1
324 358 -1
335 358 1
355 358 -1
357 358 -1
358 358 9
359 358 -1
401 358 1
402 358 -1
407 358 1
41 359 1
207 359 1
324 359 1
356 359 -1
358 359 -1
359 359 5
360 359 1
361 359 1
362 359 1
395 359 -1
428 359 -1
473 359 -1
475 359 1
476 359 1
41 360 1
142 360 1
263 360 -1
285 360 -1
324 360 1
355 360 1
356 360 -1
359 360 1
360 360 7
361 360 1
520 360 1
524 360 -1
526 360 -1
528 360 1
529 360 -1
91 361 -1
128 361 1
200 361 -1
207 361 1
226 361 -1
302 361 1
310 361 1
355 361 1
357 361 1
359 361 1
360 361 1
361 361 7
362 361 1
447 361 -1
41 362 1
180 362 -1
283 362 1
324 362 1
355 362 1
356 362 -1
357 362 1
359 362 1
361 362 1
362 362 5
580 362 -1
607 362 1
609 362 -1
616 362 -1
617 362 -1
82 363 1
122 363 -1
167 363 -1
268 363 -1
309 363 -1
317 363 -1
332 363 -1
363 363 7
367 363 1
595 363 -1
618 363 -1
82 364 1
123 364 -1
168 364 -1
266 364 -1
309 364 -1
317 364 -1
338 364 1
364 364 5
365 364 -1
366 364 -1
367 364 1
82 365 -1
127 365 -1
309 365 1
317 365 1
338 365 -1
364 365 -1
365 365 6
367 365 -1
495 365 1
550 365 1
564 365 -1
590 365 1
82 366 -1
127 366 -1
174 366 1
309 366 1
317 366 1
364 366 -1
366 366 7
437 366 -1
494 366 1
548 366 1
591 366 1
596 366 1
82 367 1
86 367 1
127 367 1
174 367 -1
354 367 -1
363 367 1
364 367 1
365 367 -1
367 367 7
435 367 -1
440 367 1
446 367 -1
502 367 -1
503 367 -1
505 367 1
506 367 1
27 368 -1
368 368 9
372 368 -1
375 368 -1
376 368 -1
377 368 -1
378 368 -1
379 368 -1
380 368 -1
551 368 -1
3 369 -1
4 369 1
27 369 -1
369 369 5
371 369 1
372 369 -1
373 369 1
374 369 -1
375 369 -1
376 369 -1
377 369 -1
378 369 -1
379 369 -1
380 369 -1
552 369 -1
566 369 1
625 369 -1
73 370 1
295 370 -1
370 370 11
371 370 1
373 370 1
374 370 -1
375 370 -1
376 370 -1
377 370 -1
381 370 -1
382 370 -1
385 370 1
387 370 -1
390 370 1
4 371 1
27 371 -1
161 371 -1
171 371 -1
235 371 -1
254 371 1
274 371 -1
300 371 1
369 371 1
370 371 1
371 371 9
377 371 -1
378 371 -1
379 371 -1
380 371 -1
485 371 1
490 371 1
4 372 -1
160 372 1
170 372 -1
368 372 -1
369 372 -1
372 372 7
373 372 -1
374 372 1
375 372 1
377 372 1
378 372 1
379 372 1
380 372 1
561 372 -1
571 372 1
573 372 -1
4 373 1
27 373 -1
57 373 1
59 373 1
169 373 1
272 373 -1
369 373 1
370 373 1
372 373 -1
373 373 5
375 373 -1
376 373 -1
377 373 -1
378 373 -1
379 373 -1
380 373 -1
549 373 -1
562 373 -1
563 373 -1
564 373 -1
566 373 -1
27 374 1
57 374 -1
228 374 1
369 374 -1
370 374 -1
372 374 1
374 374 7
376 374 1
377 374 1
378 374 1
379 374 1
380 374 1
434 374 -1
491 374 1
493 374 -1
494 374 -1
495 374 -1
27 375 1
57 375 -1
164 375 1
231 375 1
255 375 -1
368 375 -1
369 375 -1
370 375 -1
372 375 1
373 375 -1
375 375 7
378 375 1
379 375 1
380 375 1
416 375 1
533 375 1
534 375 1
535 375 -1
536 375 1
4 376 -1
57 376 -1
158 376 1
239 376 1
257 376 -1
301 376 1
368 376 -1
369 376 -1
370 376 -1
373 376 -1
374 376 1
376 376 9
379 376 1
415 376 1
555 376 -1
601 376 1
27 377 1
57 377 -1
162 377 -1
368 377 -1
369 377 -1
370 377 -1
371 377 -1
372 377 1
373 377 -1
374 377 1
377 377 7
380 377 1
557 377 1
570 377 -1
629 377 1
630 377 1
4 378 -1
27 378 1
57 378 -1
65 378 -1
292 378 1
368 378 -1
369 378 -1
371 378 -1
372 378 1
373 378 -1
374 378 1
375 378 1
378 378 7
507 378 1
508 378 1
509 378 -1
511 378 1
512 378 -1
513 378 -1
27 379 1
57 379 -1
67 379 1
288 379 1
368 379 -1
369 379 -1
371 379 -1
372 379 1
373 379 -1
374 379 1
375 379 1
376 379 1
379 379 6
380 379 1
478 379 1
480 379 -1
481 379 -1
4 380 -1
57 380 -1
214 380 -1
368 380 -1
369 380 -1
371 380 -1
372 380 1
373 380 -1
374 380 1
375 380 1
377 380 1
379 380 1
380 380 6
462 380 1
463 380 -1
464 380 1
465 380 -1
466 380 -1
468 380 -1
0 381 -1
28 381 1
51 381 -1
73 381 -1
295 381 1
370 381 -1
381 381 7
384 381 -1
386 381 -1
388 381 -1
389 381 1
390 381 -1
391 381 -1
592 381 -1
598 381 -1
625 381 -1
1 382 -1
28 382 1
60 382 1
73 382 -1
295 382 1
370 382 -1
382 382 5
383 382 -1
384 382 -1
387 382 1
388 382 -1
389 382 1
390 382 -1
391 382 -1
478 382 -1
599 382 -1
28 383 -1
73 383 1
295 383 -1
382 383 -1
383 383 7
385 383 1
386 383 1
387 383 -1
388 383 1
389 383 -1
390 383 1
391 383 1
552 383 1
566 383 -1
28 384 -1
56 384 -1
60 384 -1
73 384 1
295 384 -1
381 384 -1
382 384 -1
384 384 5
385 384 1
386 384 1
387 384 -1
388 384 1
389 384 -1
390 384 1
391 384 1
488 384 -1
496 384 1
551 384 1
565 384 -1
7 385 -1
28 385 -1
60 385 -1
73 385 1
154 385 1
194 385 -1
370 385 1
383 385 1
384 385 1
385 385 8
388 385 1
389 385 -1
391 385 1
425 385 1
501 385 -1
600 385 -1
28 386 -1
60 386 -1
67 386 1
73 386 1
381 386 -1
383 386 1
384 386 1
386 386 8
387 386 -1
389 386 -1
390 386 1
391 386 1
480 386 -1
482 386 -1
7 387 1
73 387 -1
155 387 -1
216 387 -1
295 387 1
370 387 -1
382 387 1
383 387 -1
384 387 -1
386 387 -1
387 387 9
388 387 -1
593 387 -1
7 388 -1
28 388 -1
60 388 -1
381 388 -1
382 388 -1
383 388 1
384 388 1
385 388 1
387 388 -1
388 388 8
389 388 -1
507 388 1
508 388 1
509 388 -1
510 388 -1
511 388 1
513 388 -1
514 388 -1
7 389 1
73 389 -1
160 389 -1
170 389 1
295 389 1
381 389 1
382 389 1
383 389 -1
384 389 -1
385 389 -1
386 389 -1
388 389 -1
389 389 6
390 389 -1
391 389 -1
483 389 -1
561 389 1
571 389 -1
572 389 1
7 390 -1
28 390 -1
60 390 -1
150 390 1
213 390 1
243 390 1
370 390 1
381 390 -1
382 390 -1
383 390 1
384 390 1
386 390 1
389 390 -1
390 390 8
499 390 1
582 390 -1
583 390 -1
7 391 -1
60 391 -1
73 391 1
214 391 -1
295 391 -1
381 391 -1
382 391 -1
383 391 1
384 391 1
385 391 1
386 391 1
389 391 -1
391 391 7
462 391 1
463 391 -1
464 391 1
466 391 -1
467 391 1
42 392 -1
178 392 -1
392 392 7
396 392 -1
399 392 -1
400 392 1
426 392 -1
473 392 -1
515 392 -1
530 392 -1
574 392 -1
48 393 -1
178 393 1
350 393 1
393 393 6
397 393 1
398 393 -1
399 393 1
400 393 -1
430 393 1
40 394 -1
351 394 1
394 394 10
395 394 1
397 394 1
407 394 -1
516 394 1
520 394 1
522 394 -1
523 394 -1
48 395 -1
359 395 -1
394 395 1
395 395 8
398 395 -1
399 395 1
474 395 1
32 396 -1
48 396 -1
98 396 1
323 396 -1
392 396 -1
396 396 6
397 396 1
398 396 -1
399 396 1
400 396 -1
539 396 1
540 396 1
541 396 -1
178 397 1
393 397 1
394 397 1
396 397 1
397 397 6
398 397 -1
399 397 1
461 397 1
531 397 1
138 398 -1
178 398 -1
345 398 -1
353 398 -1
393 398 -1
395 398 -1
396 398 -1
397 398 -1
398 398 5
399 398 -1
400 398 1
575 398 -1
576 398 1
137 399 1
178 399 1
264 399 1
286 399 1
346 399 -1
392 399 -1
393 399 1
395 399 1
396 399 1
397 399 1
398 399 -1
399 399 5
459 399 1
526 399 -1
576 399 1
581 399 -1
606 399 1
608 399 1
609 399 -1
206 400 -1
261 400 -1
357 400 1
392 400 1
393 400 -1
396 400 -1
398 400 1
400 400 8
460 400 -1
527 400 1
542 400 -1
35 401 -1
122 401 -1
183 401 -1
203 401 -1
221 401 -1
311 401 1
332 401 -1
358 401 1
401 401 8
403 401 -1
406 401 1
407 401 1
470 401 -1
577 401 -1
616 401 -1
132 402 -1
183 402 1
211 402 -1
225 402 -1
358 402 -1
402 402 9
403 402 1
404 402 -1
505 402 1
578 402 1
579 402 -1
581 402 1
91 403 1
183 403 1
185 403 -1
200 403 1
211 403 -1
302 403 -1
320 403 1
335 403 -1
401 403 -1
402 403 1
403 403 8
405 403 -1
406 403 -1
407 403 -1
447 403 1
35 404 -1
132 404 1
183 404 -1
311 404 1
322 404 -1
335 404 1
402 404 -1
404 404 7
405 404 1
406 404 1
407 404 1
471 404 -1
35 405 -1
132 405 1
183 405 -1
225 405 1
283 405 1
311 405 1
335 405 1
403 405 -1
404 405 1
405 405 7
407 405 1
607 405 1
609 405 -1
617 405 -1
35 406 -1
132 406 1
142 406 1
208 406 1
211 406 1
225 406 1
263 406 -1
285 406 -1
311 406 1
335 406 1
401 406 1
403 406 -1
404 406 1
406 406 7
524 406 -1
526 406 -1
527 406 -1
528 406 1
47 407 -1
132 407 1
211 407 1
225 407 1
311 407 1
335 407 1
351 407 -1
358 407 1
394 407 -1
401 407 1
403 407 -1
404 407 1
405 407 1
407 407 6
429 407 -1
515 407 -1
516 407 -1
517 407 -1
518 407 -1
519 407 1
521 407 1
522 407 1
87 408 -1
156 408 -1
238 408 -1
246 408 -1
297 408 -1
408 408 10
410 408 1
415 408 -1
438 408 -1
444 408 -1
533 408 -1
614 408 -1
634 408 -1
95 409 -1
157 409 -1
238 409 -1
248 409 1
297 409 -1
409 409 5
412 409 -1
413 409 1
414 409 -1
415 409 -1
416 409 -1
559 409 -1
615 409 -1
75 410 -1
95 410 -1
175 410 1
198 410 1
238 410 -1
273 410 -1
408 410 1
410 410 7
412 410 -1
413 410 1
414 410 -1
415 410 -1
416 410 -1
490 410 -1
561 410 -1
79 411 -1
163 411 -1
196 411 1
238 411 1
276 411 1
297 411 1
308 411 1
321 411 -1
411 411 7
412 411 1
413 411 -1
414 411 1
415 411 1
416 411 1
38 412 -1
163 412 -1
238 412 1
297 412 1
303 412 1
314 412 1
352 412 1
409 412 -1
410 412 -1
411 412 1
412 412 5
413 412 -1
414 412 1
415 412 1
416 412 1
441 412 1
445 412 1
446 412 -1
447 412 -1
448 412 -1
84 413 1
95 413 -1
163 413 1
233 413 1
238 413 -1
278 413 1
297 413 -1
299 413 1
307 413 1
409 413 1
410 413 1
411 413 -1
412 413 -1
413 413 5
415 413 -1
416 413 -1
433 413 1
439 413 -1
440 413 -1
441 413 1
442 413 -1
95 414 1
163 414 -1
297 414 1
409 414 -1
410 414 -1
411 414 1
412 414 1
414 414 7
415 414 1
569 414 -1
635 414 1
21 415 -1
95 415 1
238 415 1
239 415 1
376 415 1
408 415 -1
409 415 -1
410 415 -1
411 415 1
412 415 1
413 415 -1
414 415 1
415 415 6
467 415 -1
487 415 1
514 415 1
555 415 -1
572 415 1
601 415 1
602 415 1
8 416 1
95 416 1
297 416 1
375 416 1
409 416 -1
410 416 -1
411 416 1
412 416 1
413 416 -1
416 416 8
489 416 -1
497 416 1
534 416 1
535 416 -1
537 416 -1
152 417 1
192 417 -1
325 417 -1
417 417 5
419 417 1
422 417 -1
423 417 1
424 417 1
425 417 -1
449 417 -1
610 417 -1
143 418 -1
187 418 -1
326 418 -1
418 418 8
421 418 1
422 418 -1
423 418 1
424 418 1
598 418 -1
611 418 -1
152 419 1
188 419 -1
328 419 -1
417 419 1
419 419 5
420 419 -1
421 419 1
423 419 1
424 419 1
425 419 -1
623 419 -1
192 420 1
330 420 -1
419 420 -1
420 420 7
422 420 1
423 420 -1
425 420 1
612 420 1
613 420 1
117 421 1
149 421 1
152 421 1
192 421 -1
418 421 1
419 421 1
421 421 8
425 421 -1
450 421 -1
452 421 1
103 422 1
120 422 1
152 422 -1
417 422 -1
418 422 -1
420 422 1
422 422 7
424 422 -1
425 422 1
70 423 -1
101 423 1
116 423 -1
152 423 1
289 423 1
330 423 1
417 423 1
418 423 1
419 423 1
420 423 -1
423 423 6
425 423 -1
600 423 -1
71 424 -1
106 424 1
114 424 -1
242 424 -1
291 424 -1
330 424 1
417 424 1
418 424 1
419 424 1
422 424 -1
424 424 8
499 424 1
294 425 -1
330 425 -1
385 425 1
417 425 -1
419 425 -1
420 425 1
421 425 -1
422 425 1
423 425 -1
425 425 6
481 425 1
585 425 -1
594 425 1
599 425 1
600 425 -1
347 426 -1
392 426 -1
426 426 7
473 426 -1
515 426 -1
539 426 -1
627 426 -1
32 427 -1
98 427 1
177 427 1
323 427 -1
350 427 -1
427 427 7
540 427 1
179 428 -1
350 428 -1
359 428 -1
428 428 5
429 428 1
430 428 -1
474 428 1
475 428 -1
477 428 1
40 429 -1
47 429 1
182 429 1
407 429 -1
428 429 1
429 429 7
516 429 1
517 429 1
518 429 1
520 429 1
521 429 -1
523 429 -1
31 430 -1
97 430 1
316 430 -1
393 430 1
428 430 -1
430 430 6
448 430 -1
506 430 -1
579 430 -1
628 430 -1
227 431 -1
275 431 1
333 431 -1
431 431 7
434 431 1
436 431 1
439 431 -1
503 431 -1
547 431 -1
596 431 -1
5 432 1
275 432 -1
339 432 1
432 432 6
433 432 -1
435 432 1
436 432 -1
546 432 1
549 432 -1
550 432 -1
551 432 -1
552 432 -1
84 433 1
251 433 -1
299 433 1
307 433 1
339 433 -1
413 433 1
432 433 -1
433 433 7
434 433 1
437 433 1
438 433 -1
441 433 1
443 433 1
6 434 -1
275 434 1
339 434 -1
374 434 -1
431 434 1
433 434 1
434 434 6
435 434 -1
486 434 1
492 434 1
495 434 1
496 434 1
497 434 1
86 435 -1
229 435 -1
306 435 1
313 435 1
354 435 1
367 435 -1
432 435 1
434 435 -1
435 435 7
436 435 -1
446 435 1
502 435 1
505 435 -1
506 435 -1
81 436 -1
298 436 1
339 436 -1
431 436 1
432 436 -1
435 436 -1
436 436 7
485 436 -1
563 436 1
590 436 1
229 437 1
366 437 -1
433 437 1
437 437 9
595 437 -1
597 437 1
84 438 -1
233 438 -1
246 438 -1
278 438 -1
299 438 -1
307 438 -1
408 438 -1
433 438 -1
438 438 7
442 438 1
444 438 -1
502 438 -1
634 438 -1
84 439 -1
227 439 -1
251 439 1
278 439 -1
299 439 -1
307 439 -1
413 439 -1
431 439 -1
439 439 6
441 439 -1
442 439 1
503 439 -1
635 439 -1
233 440 -1
251 440 1
299 440 -1
313 440 -1
336 440 1
354 440 -1
367 440 1
413 440 -1
440 440 9
442 440 1
443 440 -1
504 440 -1
505 440 1
506 440 1
38 441 -1
84 441 1
89 441 1
233 441 1
278 441 1
299 441 1
314 441 1
352 441 1
412 441 1
413 441 1
433 441 1
439 441 -1
441 441 6
442 441 -1
443 441 1
445 441 1
447 441 -1
448 441 -1
251 442 1
307 442 -1
413 442 -1
438 442 1
439 442 1
440 442 1
441 442 -1
442 442 7
443 442 -1
485 442 -1
491 442 1
563 442 1
590 442 1
591 442 1
84 443 1
278 443 1
299 443 1
307 443 1
433 443 1
440 443 -1
441 443 1
442 443 -1
443 443 7
536 443 -1
569 443 -1
38 444 -1
87 444 -1
246 444 -1
303 444 1
314 444 1
347 444 -1
408 444 -1
438 444 -1
444 444 9
447 444 -1
502 444 -1
627 444 -1
38 445 -1
89 445 1
253 445 1
303 445 1
314 445 1
348 445 -1
412 445 1
441 445 1
445 445 4
447 445 -1
448 445 -1
503 445 -1
38 446 1
86 446 -1
89 446 -1
253 446 -1
279 446 1
336 446 -1
367 446 -1
412 446 -1
435 446 1
446 446 9
447 446 1
504 446 1
505 446 -1
128 447 -1
185 447 -1
200 447 1
226 447 1
253 447 -1
320 447 1
352 447 -1
361 447 -1
403 447 1
412 447 -1
441 447 -1
444 447 -1
445 447 -1
446 447 1
447 447 6
448 447 1
472 447 -1
253 448 -1
303 448 -1
412 448 -1
430 448 -1
441 448 -1
445 448 -1
447 448 1
448 448 8
522 448 1
541 448 1
579 448 1
628 448 1
110 449 -1
149 449 -1
325 449 -1
417 449 -1
449 449 6
452 449 -1
453 449 -1
454 449 -1
455 449 1
610 449 -1
112 450 -1
149 450 -1
331 450 -1
421 450 -1
450 450 5
453 450 -1
454 450 -1
455 450 1
612 450 -1
633 450 -1
117 451 1
331 451 1
451 451 8
454 451 1
455 451 -1
611 451 1
220 452 1
331 452 1
421 452 1
449 452 -1
452 452 6
453 452 1
454 452 1
455 452 -1
631 452 1
632 452 1
71 453 1
106 453 -1
191 453 1
242 453 1
291 453 1
331 453 1
449 453 -1
450 453 -1
452 453 1
453 453 7
454 453 1
499 453 -1
501 453 1
103 454 1
149 454 1
189 454 1
449 454 -1
450 454 -1
451 454 1
452 454 1
453 454 1
454 454 6
623 454 1
70 455 -1
101 455 1
149 455 -1
190 455 -1
289 455 1
331 455 -1
449 455 1
450 455 1
451 455 -1
452 455 -1
455 455 6
600 455 -1
43 456 -1
134 456 -1
258 456 -1
456 456 5
459 456 -1
460 456 -1
461 456 -1
42 457 -1
135 457 -1
262 457 -1
457 457 6
459 457 -1
460 457 -1
530 457 -1
43 458 -1
136 458 1
260 458 -1
458 458 6
459 458 -1
531 458 -1
542 458 -1
286 459 1
346 459 -1
399 459 1
456 459 -1
457 459 -1
458 459 -1
459 459 6
461 459 1
517 459 -1
526 459 -1
576 459 1
581 459 -1
606 459 1
608 459 1
609 459 -1
136 460 -1
181 460 1
206 460 1
357 460 -1
400 460 -1
456 460 -1
457 460 -1
460 460 7
477 460 -1
521 460 1
527 460 -1
136 461 -1
262 461 1
397 461 1
456 461 -1
459 461 1
461 461 6
475 461 1
19 462 -1
212 462 -1
380 462 1
391 462 1
462 462 5
464 462 1
465 462 -1
466 462 -1
467 462 1
469 462 1
593 462 -1
620 462 -1
244 463 1
380 463 -1
391 463 -1
463 463 8
467 463 -1
468 463 1
469 463 -1
619 463 1
20 464 1
69 464 1
214 464 -1
245 464 1
380 464 1
391 464 1
462 464 1
464 464 6
467 464 1
468 464 -1
624 464 -1
20 465 -1
66 465 1
150 465 1
243 465 1
293 465 1
380 465 -1
462 465 -1
465 465 8
466 465 1
467 465 -1
499 465 1
585 465 1
159 466 1
214 466 1
380 466 -1
391 466 -1
462 466 -1
465 466 1
466 466 7
468 466 1
553 466 1
554 466 1
557 466 -1
158 467 -1
214 467 -1
239 467 -1
257 467 1
301 467 -1
391 467 1
415 467 -1
462 467 1
463 467 -1
464 467 1
465 467 -1
467 467 6
468 467 -1
487 467 -1
538 467 -1
572 467 -1
601 467 -1
602 467 -1
61 468 1
155 468 1
380 468 -1
463 468 1
464 468 -1
466 468 1
467 468 -1
468 468 7
469 468 -1
573 468 1
592 468 1
594 468 -1
20 469 1
65 469 1
214 469 -1
292 469 -1
462 469 1
463 469 -1
468 469 -1
469 469 8
479 469 -1
507 469 -1
508 469 -1
510 469 1
511 469 -1
203 470 -1
221 470 -1
322 470 1
356 470 1
401 470 -1
470 470 5
472 470 1
204 471 -1
222 471 -1
319 471 -1
355 471 -1
404 471 -1
471 471 6
472 471 1
30 472 -1
91 472 -1
128 472 1
185 472 1
200 472 -1
209 472 1
302 472 1
310 472 1
447 472 -1
470 472 1
471 472 1
472 472 6
179 473 -1
359 473 -1
392 473 -1
426 473 -1
473 473 6
477 473 1
530 473 -1
539 473 -1
176 474 -1
355 474 -1
395 474 1
428 474 1
474 474 7
531 474 -1
540 474 -1
542 474 -1
50 475 1
179 475 1
359 475 1
428 475 -1
461 475 1
475 475 6
476 475 1
32 476 -1
98 476 1
323 476 -1
359 476 1
475 476 1
476 476 7
477 476 -1
519 476 1
541 476 -1
49 477 -1
206 477 -1
261 477 -1
428 477 1
460 477 -1
473 477 1
476 477 -1
477 477 7
521 477 -1
527 477 1
543 477 -1
1 478 -1
67 478 1
287 478 -1
379 478 1
382 478 -1
478 478 8
508 478 -1
545 478 -1
599 478 -1
630 478 -1
11 479 -1
469 479 -1
479 479 9
481 479 1
507 479 1
509 479 -1
512 479 -1
513 479 -1
514 479 -1
11 480 -1
102 480 -1
379 480 -1
386 480 -1
480 480 6
481 480 1
482 480 1
544 480 1
11 481 -1
67 481 -1
154 481 1
194 481 -1
379 481 -1
425 481 1
479 481 1
480 481 1
481 481 5
482 481 1
501 481 -1
585 481 -1
594 481 1
598 481 1
600 481 -1
67 482 -1
162 482 -1
288 482 -1
386 482 -1
480 482 1
481 482 1
482 482 6
537 482 1
557 482 1
570 482 -1
602 482 -1
629 482 1
25 483 -1
235 483 -1
254 483 1
274 483 -1
300 483 1
389 483 -1
483 483 8
484 483 1
485 483 1
486 483 -1
488 483 -1
489 483 -1
571 483 1
573 483 -1
161 484 -1
235 484 -1
254 484 1
300 484 1
483 484 1
484 484 9
487 484 1
489 484 -1
490 484 1
549 484 1
562 484 1
564 484 1
566 484 1
58 485 -1
81 485 1
161 485 -1
171 485 -1
254 485 1
371 485 1
436 485 -1
442 485 -1
483 485 1
485 485 7
487 485 1
488 485 -1
489 485 -1
490 485 1
590 485 -1
591 485 -1
6 486 -1
58 486 1
161 486 1
171 486 1
254 486 -1
274 486 1
300 486 -1
434 486 1
483 486 -1
486 486 7
487 486 -1
488 486 1
490 486 -1
493 486 1
494 486 1
495 486 1
496 486 1
21 487 -1
58 487 -1
171 487 -1
274 487 -1
415 487 1
467 487 -1
484 487 1
485 487 1
486 487 -1
487 487 9
488 487 -1
490 487 1
514 487 1
555 487 -1
601 487 1
602 487 1
2 488 1
161 488 1
171 488 1
235 488 1
254 488 -1
274 488 1
300 488 -1
384 488 -1
483 488 -1
485 488 -1
486 488 1
487 488 -1
488 488 5
489 488 1
490 488 -1
496 488 -1
551 488 -1
626 488 1
8 489 -1
58 489 1
161 489 1
164 489 -1
171 489 1
254 489 -1
255 489 1
274 489 1
300 489 -1
416 489 -1
483 489 -1
484 489 -1
485 489 -1
488 489 1
489 489 6
490 489 -1
533 489 -1
534 489 -1
535 489 1
536 489 -1
537 489 1
58 490 -1
75 490 1
198 490 -1
235 490 -1
249 490 1
254 490 1
371 490 1
410 490 -1
484 490 1
485 490 1
486 490 -1
487 490 1
488 490 -1
489 490 -1
490 490 7
559 490 1
560 490 -1
6 491 1
81 491 -1
267 491 -1
298 491 1
374 491 1
442 491 1
491 491 8
493 491 -1
496 491 -1
497 491 -1
6 492 -1
59 492 -1
169 492 -1
228 492 -1
272 492 1
434 492 1
492 492 8
494 492 1
497 492 1
562 492 1
566 492 1
374 493 -1
486 493 1
491 493 -1
493 493 9
497 493 1
546 493 1
547 493 1
552 493 -1
6 494 -1
228 494 -1
270 494 1
337 494 -1
366 494 1
374 494 -1
486 494 1
492 494 1
494 494 6
496 494 1
497 494 1
504 494 -1
595 494 1
596 494 1
6 495 -1
172 495 1
228 495 -1
269 495 1
365 495 1
374 495 -1
434 495 1
486 495 1
495 495 6
496 495 1
497 495 1
618 495 1
56 496 -1
228 496 -1
384 496 1
434 496 1
486 496 1
488 496 -1
491 496 -1
494 496 1
495 496 1
496 496 6
497 496 1
626 496 -1
164 497 1
255 497 -1
416 497 1
434 497 1
491 497 -1
492 497 1
493 497 1
494 497 1
495 497 1
496 497 1
497 497 6
533 497 1
534 497 1
535 497 -1
536 497 1
537 497 -1
538 497 -1
147 498 -1
242 498 -1
498 498 10
499 498 1
500 498 -1
622 498 -1
106 499 1
114 499 -1
191 499 -1
213 499 1
390 499 1
424 499 1
453 499 -1
465 499 1
498 499 1
499 499 7
500 499 -1
512 499 1
582 499 -1
583 499 -1
584 499 1
71 500 1
106 500 -1
114 500 1
191 500 1
242 500 1
291 500 1
498 500 -1
499 500 -1
500 500 5
501 500 1
610 500 -1
611 500 -1
612 500 -1
613 500 -1
71 501 1
106 501 -1
114 501 1
242 501 1
385 501 -1
453 501 1
481 501 -1
500 501 1
501 501 8
594 501 -1
598 501 -1
599 501 -1
86 502 -1
279 502 1
306 502 1
313 502 1
336 502 -1
354 502 1
367 502 -1
435 502 1
438 502 -1
444 502 -1
502 502 4
504 502 1
505 502 -1
506 502 -1
86 503 -1
279 503 1
306 503 1
313 503 1
333 503 -1
348 503 -1
367 503 -1
431 503 -1
439 503 -1
445 503 -1
503 503 9
504 503 1
578 503 -1
628 503 -1
86 504 -1
306 504 1
313 504 1
354 504 1
440 504 -1
446 504 1
494 504 -1
502 504 1
503 504 1
504 504 6
505 504 -1
506 504 -1
548 504 -1
591 504 -1
595 504 -1
596 504 -1
597 504 1
39 505 -1
86 505 1
279 505 -1
306 505 -1
354 505 -1
367 505 1
402 505 1
435 505 -1
440 505 1
446 505 -1
502 505 -1
504 505 -1
505 505 6
523 505 1
529 505 -1
577 505 1
580 505 -1
581 505 1
31 506 1
86 506 1
97 506 -1
279 506 -1
306 506 -1
336 506 1
367 506 1
430 506 -1
435 506 -1
440 506 1
502 506 -1
504 506 -1
506 506 7
522 506 1
541 506 1
627 506 1
62 507 -1
292 507 1
378 507 1
388 507 1
469 507 -1
479 507 1
507 507 7
512 507 -1
514 507 -1
544 507 -1
553 507 -1
624 507 -1
629 507 -1
65 508 -1
292 508 1
378 508 1
388 508 1
469 508 -1
478 508 -1
508 508 5
509 508 -1
512 508 -1
513 508 -1
514 508 -1
545 508 -1
630 508 -1
245 509 -1
292 509 -1
378 509 -1
388 509 -1
479 509 -1
508 509 -1
509 509 7
510 509 1
511 509 -1
514 509 1
621 509 -1
10 510 1
65 510 1
162 510 -1
292 510 -1
388 510 -1
469 510 1
509 510 1
510 510 8
511 510 -1
512 510 1
537 510 1
570 510 -1
102 511 1
290 511 -1
292 511 1
378 511 1
388 511 1
469 511 -1
509 511 -1
510 511 -1
511 511 6
512 511 -1
513 511 -1
514 511 -1
150 512 1
213 512 1
243 512 1
292 512 -1
293 512 1
378 512 -1
479 512 -1
499 512 1
507 512 -1
508 512 -1
510 512 1
511 512 -1
512 512 6
513 512 1
514 512 1
582 512 -1
584 512 1
585 512 1
22 513 -1
65 513 1
159 513 1
292 513 -1
378 513 -1
388 513 -1
479 513 -1
508 513 -1
511 513 -1
512 513 1
513 513 7
554 513 1
558 513 1
21 514 -1
65 514 1
158 514 1
239 514 1
257 514 -1
292 514 -1
301 514 1
388 514 -1
415 514 1
479 514 -1
487 514 1
507 514 -1
508 514 -1
509 514 1
511 514 -1
512 514 1
514 514 6
538 514 1
572 514 1
601 514 1
40 515 -1
47 515 1
182 515 1
347 515 -1
392 515 -1
407 515 -1
426 515 -1
515 515 5
516 515 1
517 515 1
519 515 -1
520 515 1
521 515 -1
522 515 -1
523 515 -1
574 515 -1
40 516 -1
47 516 1
182 516 1
348 516 -1
394 516 1
407 516 -1
429 516 1
515 516 1
516 516 6
519 516 -1
520 516 1
521 516 -1
575 516 -1
578 516 -1
608 516 -1
628 516 -1
40 517 -1
137 517 -1
182 517 1
264 517 -1
286 517 -1
346 517 1
351 517 1
407 517 -1
429 517 1
459 517 -1
515 517 1
517 517 9
519 517 -1
522 517 -1
606 517 -1
609 517 1
40 518 -1
138 518 -1
182 518 1
345 518 -1
407 518 -1
429 518 1
518 518 8
519 518 -1
520 518 1
521 518 -1
522 518 -1
523 518 -1
47 519 -1
98 519 1
323 519 -1
351 519 -1
407 519 1
476 519 1
515 519 -1
516 519 -1
517 519 -1
518 519 -1
519 519 7
520 519 -1
521 519 1
523 519 1
539 519 1
540 519 1
40 520 -1
47 520 1
142 520 1
208 520 1
263 520 -1
285 520 -1
351 520 1
360 520 1
394 520 1
429 520 1
515 520 1
516 520 1
518 520 1
519 520 -1
520 520 7
522 520 -1
524 520 -1
525 520 1
528 520 1
40 521 1
47 521 -1
49 521 1
206 521 1
261 521 1
351 521 -1
357 521 -1
407 521 1
429 521 -1
460 521 1
477 521 -1
515 521 -1
516 521 -1
518 521 -1
519 521 1
521 521 6
522 521 1
523 521 1
532 521 1
542 521 1
47 522 -1
97 522 -1
182 522 -1
316 522 1
394 522 -1
407 522 1
448 522 1
506 522 1
515 522 -1
517 522 -1
518 522 -1
520 522 -1
521 522 1
522 522 8
627 522 1
47 523 -1
182 523 -1
312 523 1
334 523 -1
351 523 -1
394 523 -1
429 523 -1
505 523 1
515 523 -1
518 523 -1
519 523 1
521 523 1
523 523 8
577 523 1
580 523 -1
142 524 -1
184 524 -1
203 524 -1
259 524 -1
285 524 1
360 524 -1
406 524 -1
520 524 -1
524 524 5
526 524 1
527 524 1
529 524 1
604 524 -1
616 524 -1
142 525 1
184 525 1
263 525 -1
520 525 1
525 525 10
527 525 -1
617 525 1
46 526 1
184 526 -1
208 526 -1
346 526 1
360 526 -1
399 526 -1
406 526 -1
459 526 -1
524 526 1
526 526 10
576 526 -1
608 526 -1
49 527 -1
142 527 -1
285 527 1
400 527 1
406 527 -1
460 527 -1
477 527 1
524 527 1
525 527 -1
527 527 8
528 527 -1
529 527 1
532 527 -1
542 527 -1
16 528 1
184 528 1
208 528 1
343 528 1
360 528 1
406 528 1
520 528 1
527 528 -1
528 528 8
529 528 -1
589 528 -1
603 528 1
605 528 1
39 529 1
142 529 -1
184 529 -1
208 529 -1
263 529 1
285 529 1
312 529 -1
334 529 1
360 529 -1
505 529 -1
524 529 1
527 529 1
528 529 -1
529 529 6
577 529 -1
578 529 -1
579 529 1
42 530 -1
392 530 -1
457 530 -1
473 530 -1
530 530 6
532 530 -1
50 531 1
397 531 1
458 531 -1
474 531 -1
531 531 5
542 531 -1
181 532 1
206 532 1
261 532 1
357 532 -1
521 532 1
527 532 -1
530 532 -1
532 532 7
543 532 1
8 533 1
156 533 -1
231 533 1
255 533 -1
375 533 1
408 533 -1
489 533 -1
497 533 1
533 533 6
534 533 1
538 533 -1
567 533 -1
629 533 -1
634 533 -1
1 534 -1
164 534 1
227 534 -1
255 534 -1
375 534 1
416 534 1
489 534 -1
497 534 1
533 534 1
534 534 6
538 534 -1
568 534 -1
630 534 -1
635 534 -1
8 535 -1
164 535 -1
231 535 -1
255 535 1
375 535 -1
416 535 -1
489 535 1
497 535 -1
535 535 6
538 535 1
8 536 1
164 536 1
255 536 -1
256 536 1
375 536 1
443 536 -1
489 536 -1
497 536 1
536 536 7
537 536 -1
538 536 -1
231 537 -1
255 537 1
416 537 -1
482 537 1
489 537 1
497 537 -1
510 537 1
536 537 -1
537 537 9
557 537 1
8 538 -1
21 538 -1
301 538 1
467 538 -1
497 538 -1
514 538 1
533 538 -1
534 538 -1
535 538 1
536 538 -1
538 538 9
555 538 -1
572 538 1
601 538 1
29 539 -1
87 539 -1
177 539 1
318 539 -1
396 539 1
426 539 -1
473 539 -1
519 539 1
539 539 8
627 539 -1
32 540 -1
98 540 1
176 540 -1
319 540 -1
396 540 1
427 540 1
474 540 -1
519 540 1
540 540 5
541 540 -1
97 541 -1
98 541 -1
177 541 -1
316 541 1
323 541 1
349 541 1
396 541 -1
448 541 1
476 541 -1
506 541 1
540 541 -1
541 541 6
579 541 1
628 541 1
49 542 1
181 542 1
204 542 -1
260 542 -1
355 542 -1
400 542 -1
458 542 -1
474 542 -1
521 542 1
527 542 -1
531 542 -1
542 542 7
543 542 1
137 543 -1
181 543 1
206 543 1
286 543 -1
346 543 1
357 543 -1
477 543 -1
532 543 1
542 543 1
543 543 8
576 543 -1
581 543 1
606 543 -1
608 543 -1
609 543 1
62 544 -1
99 544 -1
290 544 1
480 544 1
507 544 -1
544 544 5
64 545 1
100 545 -1
287 545 -1
478 545 -1
508 545 -1
545 545 6
0 546 -1
232 546 1
432 546 1
493 546 1
546 546 7
551 546 -1
562 546 -1
595 546 -1
618 546 -1
625 546 -1
1 547 -1
227 547 -1
431 547 -1
493 547 1
547 547 6
549 547 -1
550 547 -1
551 547 -1
552 547 -1
596 547 -1
5 548 -1
232 548 -1
270 548 1
337 548 -1
366 548 1
504 548 -1
548 548 7
549 548 1
551 548 1
552 548 1
591 548 1
5 549 -1
59 549 -1
169 549 -1
232 549 -1
272 549 1
373 549 -1
432 549 -1
484 549 1
547 549 -1
548 549 1
549 549 7
563 549 1
5 550 -1
172 550 1
232 550 -1
269 550 1
365 550 1
432 550 -1
547 550 -1
550 550 6
551 550 1
552 550 1
590 550 1
56 551 -1
232 551 -1
368 551 -1
384 551 1
432 551 -1
488 551 -1
546 551 -1
547 551 -1
548 551 1
550 551 1
551 551 6
55 552 -1
232 552 -1
369 552 -1
383 552 1
432 552 -1
493 552 -1
547 552 -1
548 552 1
550 552 1
552 552 6
22 553 -1
156 553 -1
466 553 1
507 553 -1
553 553 7
555 553 1
619 553 -1
624 553 -1
629 553 -1
19 554 -1
157 554 -1
466 554 1
513 554 1
554 554 5
555 554 1
556 554 1
557 554 -1
620 554 -1
239 555 -1
257 555 1
301 555 -1
376 555 -1
415 555 -1
487 555 -1
538 555 -1
553 555 1
554 555 1
555 555 7
556 555 1
558 555 1
572 555 -1
601 555 -1
22 556 -1
69 556 1
159 556 1
245 556 1
554 556 1
555 556 1
556 556 6
557 556 -1
583 556 -1
10 557 1
22 557 1
377 557 1
466 557 -1
482 557 1
537 557 1
554 557 -1
556 557 -1
557 557 6
558 557 -1
570 557 -1
630 557 1
159 558 1
215 558 1
244 558 -1
513 558 1
555 558 1
557 558 -1
558 558 7
582 558 -1
75 559 1
157 559 -1
168 559 -1
198 559 -1
249 559 1
266 559 -1
296 559 -1
409 559 -1
490 559 1
559 559 7
571 559 -1
615 559 -1
96 560 -1
165 560 -1
175 560 1
296 560 1
308 560 1
321 560 -1
490 560 -1
560 560 8
561 560 -1
614 560 1
25 561 1
54 561 -1
75 561 1
198 561 -1
249 561 1
273 561 1
296 561 -1
372 561 -1
389 561 1
410 561 -1
560 561 -1
561 561 6
572 561 1
573 561 1
51 562 -1
167 562 -1
272 562 1
373 562 -1
484 562 1
492 562 1
546 562 -1
562 562 6
563 562 1
565 562 1
618 562 -1
625 562 -1
59 563 -1
81 563 -1
169 563 -1
230 563 -1
298 563 1
373 563 -1
436 563 1
442 563 1
549 563 1
562 563 1
563 563 6
565 563 1
566 563 1
591 563 1
59 564 -1
365 564 -1
373 564 -1
484 564 1
564 564 8
565 564 1
566 564 1
597 564 -1
2 565 1
169 565 -1
272 565 1
384 565 -1
562 565 1
563 565 1
564 565 1
565 565 8
3 566 -1
169 566 -1
272 566 1
369 566 1
373 566 -1
383 566 -1
484 566 1
492 566 1
563 566 1
564 566 1
566 566 6
533 567 -1
567 567 5
629 567 -1
634 567 -1
534 568 -1
568 568 5
630 568 -1
635 568 -1
234 569 -1
256 569 1
414 569 -1
443 569 -1
569 569 5
570 569 1
10 570 -1
162 570 1
377 570 -1
482 570 -1
510 570 -1
557 570 -1
569 570 1
570 570 5
602 570 1
19 571 -1
52 571 -1
157 571 -1
168 571 -1
372 571 1
389 571 -1
483 571 1
559 571 -1
571 571 8
593 571 -1
601 571 -1
54 572 -1
170 572 1
239 572 1
257 572 -1
301 572 1
389 572 1
415 572 1
467 572 -1
514 572 1
538 572 1
555 572 -1
561 572 1
572 572 7
573 572 1
602 572 1
155 573 1
160 573 -1
170 573 1
216 573 1
372 573 -1
468 573 1
483 573 -1
561 573 1
572 573 1
573 573 6
584 573 -1
592 573 1
594 573 -1
42 574 -1
135 574 -1
341 574 -1
347 574 -1
392 574 -1
515 574 -1
574 574 8
576 574 -1
45 575 1
138 575 1
342 575 -1
348 575 -1
398 575 -1
516 575 -1
575 575 6
608 575 -1
264 576 1
286 576 1
353 576 -1
398 576 1
399 576 1
459 576 1
526 576 -1
543 576 -1
574 576 -1
576 576 7
581 576 -1
606 576 1
609 576 -1
39 577 -1
312 577 1
332 577 -1
401 577 -1
505 577 1
523 577 1
529 577 -1
577 577 5
579 577 -1
581 577 1
616 577 -1
39 578 -1
312 578 1
333 578 -1
402 578 1
503 578 -1
516 578 -1
529 578 -1
578 578 8
608 578 -1
617 578 -1
628 578 -1
97 579 -1
334 579 1
349 579 1
402 579 -1
430 579 -1
448 579 1
529 579 1
541 579 1
577 579 -1
579 579 7
580 579 1
581 579 -1
627 579 1
39 580 1
210 580 1
283 580 -1
312 580 -1
334 580 1
362 580 -1
505 580 -1
523 580 -1
579 580 1
580 580 7
607 580 -1
39 581 -1
46 581 1
137 581 -1
264 581 -1
286 581 -1
312 581 1
334 581 -1
346 581 1
399 581 -1
402 581 1
459 581 -1
505 581 1
543 581 1
576 581 -1
577 581 1
579 581 -1
581 581 6
606 581 -1
23 582 1
66 582 -1
150 582 -1
293 582 -1
390 582 -1
499 582 -1
512 582 -1
558 582 -1
582 582 6
584 582 -1
585 582 -1
619 582 1
620 582 1
150 583 -1
213 583 -1
293 583 -1
390 583 -1
499 583 -1
556 583 -1
583 583 7
584 583 -1
585 583 -1
624 583 1
26 584 -1
61 584 -1
66 584 1
243 584 1
293 584 1
499 584 1
512 584 1
573 584 -1
582 584 -1
583 584 -1
584 584 7
592 584 -1
593 584 -1
66 585 1
194 585 1
213 585 1
243 585 1
425 585 -1
465 585 1
481 585 -1
512 585 1
582 585 -1
583 585 -1
585 585 7
598 585 -1
599 585 -1
600 585 1
12 586 -1
284 586 1
344 586 1
586 586 5
603 586 -1
14 587 1
280 587 -1
344 587 1
587 587 5
604 587 -1
13 588 -1
281 588 -1
342 588 -1
588 588 7
605 588 -1
141 589 -1
265 589 -1
528 589 -1
589 589 8
606 589 1
607 589 -1
81 590 -1
172 590 1
230 590 -1
298 590 1
365 590 1
436 590 1
442 590 1
485 590 -1
550 590 1
590 590 6
618 590 1
81 591 -1
230 591 -1
298 591 1
337 591 -1
366 591 1
442 591 1
485 591 -1
504 591 -1
548 591 1
563 591 1
591 591 6
595 591 1
596 591 1
26 592 1
51 592 -1
143 592 -1
216 592 1
381 592 -1
468 592 1
573 592 1
584 592 -1
592 592 6
598 592 -1
19 593 -1
52 593 -1
144 593 -1
212 593 -1
387 593 -1
462 593 -1
571 593 -1
584 593 -1
593 593 8
594 593 -1
26 594 -1
61 594 -1
194 594 -1
216 594 -1
294 594 -1
425 594 1
468 594 -1
481 594 1
501 594 -1
573 594 -1
593 594 -1
594 594 6
599 594 1
600 594 -1
270 595 1
332 595 -1
363 595 -1
437 595 -1
494 595 1
504 595 -1
546 595 -1
591 595 1
595 595 6
618 595 -1
270 596 1
333 596 -1
366 596 1
431 596 -1
494 596 1
504 596 -1
547 596 -1
591 596 1
596 596 5
597 596 -1
172 597 1
337 597 1
437 597 1
504 597 1
564 597 -1
596 597 -1
597 597 8
143 598 -1
187 598 -1
294 598 -1
381 598 -1
418 598 -1
481 598 1
501 598 -1
585 598 -1
592 598 -1
598 598 7
600 598 -1
154 599 1
188 599 -1
287 599 -1
382 599 -1
425 599 1
478 599 -1
501 599 -1
585 599 -1
594 599 1
599 599 6
600 599 -1
70 600 1
101 600 -1
116 600 1
154 600 -1
385 600 -1
423 600 -1
425 600 -1
455 600 -1
481 600 -1
585 600 1
594 600 -1
598 600 -1
599 600 -1
600 600 5
622 600 -1
19 601 -1
157 601 -1
239 601 1
257 601 -1
301 601 1
376 601 1
415 601 1
467 601 -1
487 601 1
514 601 1
538 601 1
555 601 -1
571 601 -1
601 601 4
602 601 1
10 602 -1
21 602 -1
239 602 1
257 602 -1
301 602 1
415 602 1
467 602 -1
482 602 -1
487 602 1
570 602 1
572 602 1
601 602 1
602 602 7
629 602 -1
630 602 -1
12 603 -1
141 603 1
258 603 -1
282 603 -1
343 603 1
528 603 1
586 603 -1
603 603 5
605 603 1
606 603 -1
607 603 1
16 604 1
141 604 1
259 604 -1
280 604 -1
343 604 1
524 604 -1
587 604 -1
604 604 7
605 604 1
606 604 -1
616 604 -1
16 605 1
141 605 1
265 605 1
281 605 -1
342 605 -1
528 605 1
588 605 -1
603 605 1
604 605 1
605 605 5
607 605 1
608 605 -1
16 606 -1
46 606 -1
264 606 1
265 606 -1
399 606 1
459 606 1
517 606 -1
543 606 -1
576 606 1
581 606 -1
589 606 1
603 606 -1
604 606 -1
606 606 7
607 606 -1
609 606 -1
16 607 1
141 607 1
210 607 -1
265 607 1
343 607 1
362 607 1
405 607 1
580 607 -1
589 607 -1
603 607 1
605 607 1
606 607 -1
607 607 5
609 607 -1
617 607 -1
46 608 -1
137 608 1
264 608 1
281 608 -1
342 608 -1
399 608 1
459 608 1
516 608 -1
526 608 -1
543 608 -1
575 608 -1
578 608 -1
605 608 -1
608 608 8
617 608 -1
46 609 1
137 609 -1
210 609 1
264 609 -1
346 609 1
362 609 -1
399 609 -1
405 609 -1
459 609 -1
517 609 1
543 609 1
576 609 -1
606 609 -1
607 609 -1
609 609 6
616 609 1
148 610 1
417 610 -1
449 610 -1
500 610 -1
610 610 6
631 610 -1
143 611 -1
418 611 -1
451 611 1
500 611 -1
611 611 5
612 611 1
632 611 -1
148 612 1
420 612 1
450 612 -1
500 612 -1
611 612 1
612 612 4
633 612 -1
119 613 -1
220 613 -1
420 613 1
500 613 -1
613 613 7
79 614 -1
87 614 -1
196 614 1
252 614 1
276 614 1
308 614 1
321 614 -1
408 614 -1
560 614 1
614 614 4
79 615 -1
88 615 -1
195 615 -1
252 615 1
266 615 -1
308 615 1
319 615 -1
409 615 -1
559 615 -1
615 615 8
203 616 -1
280 616 -1
362 616 -1
401 616 -1
524 616 -1
577 616 -1
604 616 -1
609 616 1
616 616 8
210 617 1
281 617 -1
362 617 -1
405 617 -1
525 617 1
578 617 -1
607 617 -1
608 617 -1
617 617 5
167 618 -1
269 618 1
363 618 -1
495 618 1
546 618 -1
562 618 -1
590 618 1
595 618 -1
618 618 6
23 619 1
215 619 -1
240 619 -1
463 619 1
553 619 -1
582 619 1
619 619 5
624 619 -1
19 620 -1
212 620 -1
241 620 -1
462 620 -1
554 620 -1
582 620 1
620 620 7
621 620 1
23 621 1
69 621 1
215 621 -1
509 621 -1
620 621 1
621 621 7
70 622 -1
289 622 1
329 622 -1
498 622 -1
600 622 -1
622 622 7
623 622 1
100 623 -1
120 623 1
188 623 -1
328 623 -1
419 623 -1
454 623 1
622 623 1
623 623 5
62 624 -1
240 624 -1
464 624 -1
507 624 -1
553 624 -1
583 624 1
619 624 -1
624 624 6
0 625 -1
51 625 -1
369 625 -1
381 625 -1
546 625 -1
562 625 -1
625 625 6
626 625 1
488 626 1
496 626 -1
625 626 1
626 626 8
29 627 -1
87 627 -1
316 627 1
347 627 -1
426 627 -1
444 627 -1
506 627 1
522 627 1
539 627 -1
579 627 1
627 627 7
628 627 1
31 628 1
97 628 -1
316 628 1
348 628 -1
430 628 -1
448 628 1
503 628 -1
516 628 -1
541 628 1
578 628 -1
627 628 1
628 628 5
10 629 1
156 629 -1
377 629 1
482 629 1
507 629 -1
533 629 -1
553 629 -1
567 629 -1
602 629 -1
629 629 7
1 630 -1
162 630 -1
377 630 1
478 630 -1
508 630 -1
534 630 -1
557 630 1
568 630 -1
602 630 -1
630 630 7
119 631 1
146 631 1
220 631 1
452 631 1
610 631 -1
631 631 4
119 632 1
143 632 -1
218 632 -1
452 632 1
611 632 -1
632 632 6
112 633 -1
146 633 1
219 633 -1
450 633 -1
612 633 -1
633 633 7
234 634 1
256 634 -1
408 634 -1
438 634 -1
533 634 -1
567 634 -1
634 634 6
227 635 -1
256 635 -1
414 635 1
439 635 -1
534 635 -1
568 635 -1
635 635 6
