   1  2.828378016998 -0.000000000000 1.000000000000     0
   2  2.836408204357 -0.000000000000 0.858865251647     0
   3  2.839327388244 0.031505683459 0.847712671940     0
   4  2.854014618971 0.220460578369 0.830397588699     0
   5  2.918503686795 0.393678077559 0.817844462395     0
   6  3.422695908302 -0.000000000000 0.955784413081     0
   7  3.456689841800 -0.000000000000 1.000000000000     0
   8  3.359479306874 0.233752138322 0.861999420300     0
   9  3.359892925489 0.222933433092 0.863072428202     0
  10  2.922233662247 0.437000821600 0.836587972146     0
  11  2.877059077524 0.473432435967 1.000000000000     0
  12  2.861323698092 0.454329689564 1.000000000000     0
  13  2.862800988260 0.421824106430 0.932607885858     0
  14  2.907125563766 0.441748225811 0.866027466529     0
  15  3.242248209008 0.568581709716 1.000000000000     0
  16  3.238651002672 0.557297012416 0.964920404404     0
  17  3.467392201466 0.281488291282 1.000000000000     0
  18  3.316588858760 0.554684803218 1.000000000000     0
  19  3.319939418139 0.547656374188 0.981217691413     0
  20  3.418035633788 0.367409949779 0.931553291453     0
  21  -0.000000000000 0.330514444664 1.000000000000     0
  22  -0.000000000000 0.648706277847 1.000000000000     0
  23  0.242155720329 0.436741359731 1.000000000000     0
  24  -0.000000000000 0.183244753107 0.445683707696     0
  25  0.260099734888 0.429848799018 0.944428626848     0
  26  -0.000000000000 0.725068318694 0.518560453052     0
  27  0.215213212958 0.515137449296 0.654422878665     0
  28  -0.000000000000 0.421074171358 0.301661309430     0
  29  -0.000000000000 0.262424163738 0.319379803773     0
  30  0.068718516270 0.381716178739 0.364788002529     0
  31  3.366961473692 0.725035602698 0.354108442075     0
  32  3.456800294569 0.932563861419 -0.000000000000     0
  33  3.495263850800 0.866409481001 -0.000000000000     0
  34  3.470294653779 0.908437818241 0.056761192697     0
  35  3.142873519567 0.690825743323 -0.000000000000     0
  36  3.249283662241 0.864574261347 -0.000000000000     0
  37  3.214955510749 0.801340165304 0.103367002553     0
  38  3.127655110216 0.461423163600 -0.000000000000     0
  39  3.526558559553 0.406642426581 -0.000000000000     0
  40  3.248902832189 0.305589208045 -0.000000000000     0
  41  3.371299657727 0.462679469363 0.388818248195     0
  42  3.349370464848 0.421587863710 0.358162478748     0
  43  3.372511324900 0.360267335401 0.312021531933     0
  44  3.358869597384 0.406003284791 0.353229963098     0
  45  3.376081065659 0.443141970726 0.379956730968     0
  46  3.406468264684 0.372695274877 0.314251593526     0
  47  1.382853582736 1.000000000000 0.545615673549     0
  48  1.469290899226 0.489482977799 0.527823947027     0
  49  1.556591195012 1.000000000000 0.600593572445     0
  50  1.502750611963 1.000000000000 0.419142315320     0
  51  1.399862561431 0.548665321134 0.262280304069     0
  52  1.409503936272 0.626801901138 0.247175268048     0
  53  1.536162385642 0.857278112731 0.280516455719     0
  54  1.574804398229 0.808734943927 0.325297134261     0
  55  1.559589691481 0.996158526578 0.603936954794     0
  56  1.669534480521 0.738906168739 0.799082979487     0
  57  1.680709784599 0.737059725975 0.702803850983     0
  58  1.667316908671 0.785673417901 0.596484414315     0
  59  1.545612071505 0.613790399638 0.837857972753     0
  60  1.439548306550 0.482012210057 0.696544602750     0
  61  1.140833252865 0.535335463433 0.758672753077     0
  62  1.146901400730 0.759916116926 0.620603584174     0
  63  1.131821838608 0.657974733463 0.562668403772     0
  64  1.118616108042 0.483437399803 0.586895210026     0
  65  1.129516122685 0.478842225571 0.697597292985     0
  66  1.399059256262 0.546582703337 0.263306840493     0
  67  1.340410613639 0.496467933072 0.332912309628     0
  68  1.387059215118 0.498154613704 0.304291367325     0
  69  0.302469952785 1.000000000000 0.580311267304     0
  70  0.326187918081 1.000000000000 0.613883840551     0
  71  0.561723161350 0.736070814448 0.611838477042     0
  72  0.582179832912 0.642502328143 0.521872910270     0
  73  0.714044930448 0.775087182662 0.500545544379     0
  74  0.691747206394 1.000000000000 0.395894386175     0
  75  0.757801179075 0.696561977716 0.400446543374     0
  76  0.741475057654 0.827560260436 0.456670799541     0
  77  0.687185627182 0.581341432774 0.378294482657     0
  78  0.759663497746 0.656494609024 0.368303019015     0
  79  0.523093906848 1.000000000000 0.064657153402     0
  80  0.642949739568 0.811836600344 0.097858338639     0
  81  0.676752170997 0.810827837975 0.130584398318     0
  82  0.648049807078 1.000000000000 0.187307586866     0
  83  3.113426474884 -0.000000000000 -0.000000000000     0
  84  3.111077034874 0.044875772028 -0.000000000000     0
  85  3.105463197940 0.161531715897 0.561034534902     0
  86  2.940177510077 0.233941634746 0.565385695871     0
  87  2.924235307030 0.222331302896 0.385465894756     0
  88  3.042058966480 0.295486920022 0.470584075287     0
  89  2.854348877192 -0.000000000000 0.562460839408     0
  90  2.872432080719 -0.000000000000 0.622012673341     0
  91  2.895334833620 0.078143899500 0.610858291369     0
  92  2.933115123146 0.229629428458 0.567441365846     0
  93  2.891259262434 0.202849262431 0.459271682584     0
  94  3.294235853851 -0.000000000000 0.535873035751     0
  95  3.274255287587 0.118039886804 0.530169245537     0
  96  3.317684890848 0.292595251874 0.361076298539     0
  97  3.165499489504 -0.000000000000 -0.000000000000     0
  98  3.384018984687 -0.000000000000 0.338214901547     0
  99  3.342338811896 0.272116357255 0.315421514328     0
 100  3.160019303257 0.055326821107 -0.000000000000     0
 101  3.830511131176 1.000000000000 0.660680621677     0
 102  3.870398810328 0.749692251543 0.852499412641     0
 103  3.737921627428 0.584943813615 0.677734995619     0
 104  3.816093166916 0.787415900182 0.840672609859     0
 105  4.106260186611 0.731825590349 0.783772291132     0
 106  4.196418043246 1.000000000000 0.531256559835     0
 107  3.703533319388 0.624937850970 0.451361231081     0
 108  3.809267347429 1.000000000000 0.550449306431     0
 109  4.155997910281 0.662783464527 0.689595726022     0
 110  4.018715019586 0.507104786663 0.526859120491     0
 111  4.117930196953 0.587506200416 0.605273483800     0
 112  4.216074207909 0.721784866576 0.546227663254     0
 113  4.232712320558 1.000000000000 0.452056252992     0
 114  4.107141938125 1.000000000000 0.312326366935     0
 115  4.103955612021 0.987575489809 0.308791088905     0
 116  4.205177491631 0.759438709096 0.421616814303     0
 117  4.246083918865 0.787312338539 0.467112707494     0
 118  3.684090786835 0.489065347396 0.513334240735     0
 119  3.721830886753 0.460548728437 0.529080763179     0
 120  3.691970232588 0.482612225761 0.561954453965     0
 121  2.182889988391 0.698600241414 0.276844778302     0
 122  2.414606775903 0.435502634473 0.273205939821     0
 123  2.274497858728 0.233854294205 0.022228299262     0
 124  2.089760472905 0.740713725710 0.234946480475     0
 125  2.090941147646 0.740544281348 0.234453446156     0
 126  2.107219191193 0.694366672199 0.214760168546     0
 127  2.075591784952 0.738259172806 0.253475278157     0
 128  2.274415301433 0.496676672768 0.579963247729     0
 129  2.063574007450 0.380797282281 0.600247499952     0
 130  2.205538896254 0.235000103366 0.111706527346     0
 131  1.982464095899 0.408857889869 0.392043530994     0
 132  2.111473785041 0.284927726529 0.336376809941     0
 133  2.258813641207 0.506413328571 0.605000448569     0
 134  2.194541304439 0.591909717643 0.567103076671     0
 135  2.152297162972 0.606798860464 0.559939410765     0
 136  2.247396384274 0.494680356359 0.609833742124     0
 137  2.017763926156 0.350715817655 0.530618144349     0
 138  2.012153854548 0.349531347428 0.519481061120     0
 139  2.013829412853 0.347182093654 0.522125531579     0
 140  2.122535913855 0.500877907597 0.604903843472     0
 141  2.066653246729 0.384170271587 0.603517042179     0
 142  2.163016669531 0.452331542542 0.626495021331     0
 143  1.723247308430 0.759341309777 0.581290317538     0
 144  1.756170774476 1.000000000000 -0.000000000000     0
 145  1.725073762205 0.742065329602 0.343430839388     0
 146  2.073092606360 0.870580190330 0.448576547370     0
 147  1.927575675504 0.799873905112 0.179216853420     0
 148  2.098311833994 1.000000000000 0.422434966368     0
 149  2.102128179752 0.973023913074 0.424835909040     0
 150  2.044844649054 0.843147073693 0.214229875915     0
 151  1.973683039219 0.816245386762 0.184449736909     0
 152  1.928498406596 0.824181314742 0.147748259180     0
 153  1.858491546625 0.964267695842 -0.000000000000     0
 154  1.895463929082 1.000000000000 -0.000000000000     0
 155  2.011031986732 1.000000000000 0.079435173458     0
 156  2.054463108705 0.880468916961 0.194297803314     0
 157  1.558945607815 1.000000000000 0.603628857339     0
 158  1.542545826027 1.000000000000 0.095316565597     0
 159  4.285989376804 1.000000000000 1.000000000000     0
 160  4.367281326295 0.569955809605 0.870384143161     0
 161  4.341557933486 0.587038016132 1.000000000000     0
 162  4.204722566889 0.564044840803 0.907667257584     0
 163  4.122868274744 0.683948368898 1.000000000000     0
 164  4.190944826566 0.576530648970 1.000000000000     0
 165  4.666730126366 0.669134373975 0.600330974713     0
 166  4.377049393652 0.730648198800 0.502442582691     0
 167  4.401062511145 1.000000000000 0.479013811415     0
 168  4.317037393524 0.762246160013 0.479996460407     0
 169  4.896355705824 1.000000000000 1.000000000000     0
 170  4.959825332337 1.000000000000 0.654192835657     0
 171  4.736606502460 0.711536236680 0.617364742099     0
 172  4.742221844919 0.806668551070 1.000000000000     0
 173  5.000000000000 1.000000000000 0.000000000000     0
 174  4.697084439704 1.000000000000 -0.000000000000     0
 175  4.359682509258 0.489991080391 0.256417123453     0
 176  4.505059687849 0.452699660341 -0.000000000000     0
 177  5.000000000000 0.560123711964 -0.000000000000     0
 178  4.605435035970 0.516009036837 0.497358264643     0
 179  4.525884936374 0.415988678778 0.331533664819     0
 180  4.535736904463 0.440221498213 -0.000000000000     0
 181  4.748987719878 0.423705003603 -0.000000000000     0
 182  4.662854285202 0.421260727657 -0.000000000000     0
 183  4.614327223653 0.402291866747 0.069998441185     0
 184  4.627755621215 0.393833905606 0.105169333923     0
 185  4.679310173639 0.577852969678 0.560709370546     0
 186  5.000000000000 1.000000000000 0.634884167664     0
 187  5.000000000000 0.731627004212 0.500810059070     0
 188  4.720792994871 0.604005673221 0.571244748263     0
 189  1.799077200611 -0.000000000000 -0.000000000000     0
 190  1.775362956832 0.363238322513 -0.000000000000     0
 191  1.776267704108 0.363609137128 -0.000000000000     0
 192  2.244488714653 -0.000000000000 -0.000000000000     0
 193  1.855808923537 0.437151186862 0.328566311304     0
 194  1.624943245901 0.335908945415 0.275431853463     0
 195  1.872923163515 0.436214143755 0.346268723197     0
 196  1.888952647551 0.406632877564 0.409645253753     0
 197  2.257842427507 0.179694710986 -0.000000000000     0
 198  2.271320978710 0.105457045333 -0.000000000000     0
 199  1.599378828995 -0.000000000000 0.361378933200     0
 200  1.611649410286 0.311691664136 0.302349783895     0
 201  1.642910796569 0.299112486282 0.352403150112     0
 202  1.896618636988 -0.000000000000 0.569386748689     0
 203  1.724376783884 -0.000000000000 0.549018285057     0
 204  1.750130272253 0.088591058270 0.565664794880     0
 205  1.922560510874 0.173157935610 0.599038750217     0
 206  -0.000000000000 1.000000000000 0.311176627026     0
 207  -0.000000000000 1.000000000000 0.504675245438     0
 208  0.298534484689 1.000000000000 0.678430559082     0
 209  0.495492599113 0.716332288810 0.807392034271     0
 210  -0.000000000000 0.691638752770 0.046095221167     0
 211  0.599517107942 0.521455906553 0.433242408364     0
 212  0.480528858718 0.560160386794 0.806570062836     0
 213  0.572790601771 0.447843051245 0.492681756865     0
 214  0.544882985302 0.427498014793 0.571514344209     0
 215  0.521773932219 0.401761715852 0.516942968754     0
 216  3.992918154028 -0.000000000000 -0.000000000000     0
 217  4.347273491740 -0.000000000000 0.197865091896     0
 218  4.433259914903 -0.000000000000 0.344535895578     0
 219  4.490618637060 0.286150219200 0.411295014496     0
 220  4.581146994817 0.266631289171 0.210132470132     0
 221  4.242827337152 0.515519848313 0.221029525925     0
 222  4.409885085306 -0.000000000000 0.393198024134     0
 223  4.468377187282 0.248048244258 0.432808484813     0
 224  4.203335695452 0.520298094793 -0.000000000000     0
 225  4.197549423866 0.522053091841 0.024910354987     0
 226  3.971282109793 0.183710974924 0.395984979475     0
 227  4.230841879134 0.059991497272 0.518653684173     0
 228  4.234020208454 -0.000000000000 0.498682219165     0
 229  3.988242081224 -0.000000000000 -0.000000000000     0
 230  3.968700241181 0.150567850730 -0.000000000000     0
 231  3.927995419469 0.185118834119 0.226110843386     0
 232  3.915133820385 0.139479288150 0.343378656872     0
 233  3.938968532193 -0.000000000000 0.307595801696     0
 234  3.191930661899 1.000000000000 -0.000000000000     0
 235  2.794096796955 0.553562957062 -0.000000000000     0
 236  2.727534732125 0.575575791539 0.060662388255     0
 237  2.924309313561 1.000000000000 0.452694718438     0
 238  2.942053718201 0.966671296640 0.446554987107     0
 239  2.621068439258 1.000000000000 -0.000000000000     0
 240  2.779436416355 1.000000000000 0.446229037872     0
 241  2.910014600568 1.000000000000 0.457323502435     0
 242  2.924983895965 0.964323982132 0.452054639712     0
 243  2.749966417561 0.869865073021 0.419866662595     0
 244  2.703074178620 0.554269476068 -0.000000000000     0
 245  2.593873097626 0.824048987550 -0.000000000000     0
 246  2.704984374591 0.568970736093 0.041528915278     0
 247  2.697898858724 0.709252895550 0.243548584780     0
 248  2.704647604782 0.781228078055 0.330774966144     0
 249  2.651084615773 0.769252785583 0.185067324452     0
 250  2.690112684961 0.675771123294 0.191346911803     0
 251  2.689179868800 -0.000000000000 0.438935462955     0
 252  2.576747185033 0.170943776409 0.244628778762     0
 253  2.618720197857 0.285055360302 0.202442223226     0
 254  2.446220650241 -0.000000000000 -0.000000000000     0
 255  2.451540142628 -0.000000000000 0.019985012365     0
 256  2.452122556997 0.006119975808 0.021151705120     0
 257  2.446397414538 0.003979068199 -0.000000000000     0
 258  2.569072942631 0.275978842113 -0.000000000000     0
 259  2.605011817194 0.325283047248 0.060892353515     0
 260  2.612602256273 0.329523490815 0.044773089687     0
 261  2.613205164614 0.320596246998 -0.000000000000     0
 262  1.064194380820 0.865032342373 0.257095717906     0
 263  1.383055249066 0.774372748751 -0.000000000000     0
 264  1.100852280260 0.643211128833 -0.000000000000     0
 265  1.011608052843 0.617560547117 0.017036604848     0
 266  0.885694236553 0.715900447663 0.185874729129     0
 267  1.064008519021 0.739988847686 0.497075966137     0
 268  0.882614038406 0.606400638618 0.390174752236     0
 269  0.923325541681 0.517796935443 0.437198671474     0
 270  1.013826309762 0.409157471580 0.383742066722     0
 271  1.102435286671 0.386924577448 0.450601715964     0
 272  1.109973562539 0.474040652721 0.582390752395     0
 273  1.393086445103 0.767301866855 -0.000000000000     0
 274  1.399635866480 0.547383515570 0.262081398135     0
 275  1.381778781085 0.693419350263 -0.000000000000     0
 276  4.467829686255 -0.000000000000 1.000000000000     0
 277  4.365266073472 0.229985396613 0.631163448861     0
 278  4.501842016413 0.324812030260 0.663205805570     0
 279  4.558425866177 0.081470693821 1.000000000000     0
 280  4.299278303193 -0.000000000000 0.826496636651     0
 281  4.260230407055 -0.000000000000 1.000000000000     0
 282  4.043263601814 0.272794887655 1.000000000000     0
 283  4.102362506560 0.274921108204 0.729888965042     0
 284  4.147107983548 0.230711994886 0.687304558499     0
 285  4.246678244318 0.120479876726 0.634440316084     0
 286  1.870113617229 0.708090571608 -0.000000000000     0
 287  1.862102666092 0.457813773950 0.332236492020     0
 288  2.065345307331 0.769646916478 0.234684656541     0
 289  2.280641732596 0.216050006373 -0.000000000000     0
 290  2.280682284416 0.224085180516 0.006418961095     0
 291  0.207885716432 -0.000000000000 -0.000000000000     0
 292  0.684638742193 0.291826109716 -0.000000000000     0
 293  0.907511296897 0.268743298425 -0.000000000000     0
 294  0.497784576489 -0.000000000000 0.412779924526     0
 295  0.937593435087 0.210767463013 0.274419672224     0
 296  0.773140081446 0.227601307314 0.275412682583     0
 297  1.109279765946 -0.000000000000 -0.000000000000     0
 298  1.067135947165 0.095094822440 -0.000000000000     0
 299  0.901018097954 -0.000000000000 0.388446688738     0
 300  1.085308527314 0.042689946181 0.354677051114     0
 301  1.113916778071 -0.000000000000 0.345594581405     0
 302  1.110114279089 -0.000000000000 0.351099523450     0
 303  1.098374085119 0.028665459350 0.352623636525     0
 304  1.103547501332 0.023468587610 0.347939039037     0
 305  3.717987493677 0.670099753909 -0.000000000000     0
 306  3.778398730841 0.690193516837 0.207933087660     0
 307  3.602102630859 0.406183786794 -0.000000000000     0
 308  3.666841096950 0.369914258181 0.325128821599     0
 309  4.109856696748 0.794247407236 -0.000000000000     0
 310  4.105883047069 0.793084901965 0.020986628871     0
 311  4.458424848829 -0.000000000000 -0.000000000000     0
 312  1.324330805185 -0.000000000000 -0.000000000000     0
 313  1.544432508695 0.456043067148 -0.000000000000     0
 314  1.347407840148 -0.000000000000 0.299373819623     0
 315  1.525568556646 0.374032853722 0.268756667393     0
 316  1.527490280479 0.378832939700 0.263632943502     0
 317  2.477621267470 0.430593427777 0.733902008527     0
 318  2.626486957302 0.466277710504 1.000000000000     0
 319  2.572539351187 0.407524900621 0.872204859478     0
 320  2.496197735182 0.775294406523 1.000000000000     0
 321  2.376801259543 0.561711496912 0.659975393931     0
 322  2.749678617487 0.679182250509 1.000000000000     0
 323  2.514985360999 0.818275702474 1.000000000000     0
 324  2.701859242054 0.496085690848 0.547922888726     0
 325  2.894855805639 0.486083162200 0.671450881989     0
 326  2.390734998480 0.601804800781 0.613072626669     0
 327  2.639135627502 0.634308553303 0.446346019366     0
 328  2.539178098447 0.932752936076 0.662460557516     0
 329  2.399332309804 0.622011859027 0.609998072717     0
 330  2.695980048142 0.758797688546 0.424729272129     0
 331  2.641270943597 0.908925968203 0.566348087582     0
 332  2.691705007308 0.839086220811 0.474098627682     0
 333  2.602801089594 0.919448641040 0.598517680145     0
 334  2.722084544133 0.796363094711 0.423724449009     0
 335  2.721743990406 0.796935712593 0.423545538783     0
 336  2.721655782495 0.796520981411 0.423388273064     0
 337  4.145161588822 1.000000000000 -0.000000000000     0
 338  4.098641402055 1.000000000000 0.258679448109     0
 339  4.095209233143 0.982192382719 0.260773435197     0
 340  2.458547309491 0.783503761858 0.216738618462     0
 341  2.356160032957 1.000000000000 0.631643671916     0
 342  2.173165776131 0.832215236772 0.157566943445     0
 343  2.159402468616 1.000000000000 0.517250407558     0
 344  2.201567012295 1.000000000000 0.601077450251     0
 345  2.106214167686 0.804911577394 0.566646784505     0
 346  2.528112919536 0.968756124903 0.663147531285     0
 347  2.710766571719 0.779290414341 0.379187514979     0
 348  2.708613694777 0.784449695829 0.364198132186     0
 349  2.722934426757 0.807159935567 0.422291554879     0
 350  0.000000000000 0.000000000000 0.000000000000     0
 351  -0.000000000000 0.716712819804 -0.000000000000     0
 352  0.499497894226 0.750381654809 -0.000000000000     0
 353  0.666222938107 0.553120055000 0.383298114219     0
 354  0.698501150291 0.488636088494 0.410777204672     0
 355  -0.000000000000 -0.000000000000 0.268973262027     0
 356  0.480022199771 -0.000000000000 0.426105266607     0
 357  2.382901927052 0.179978733984 0.539305247955     0
 358  2.422109179558 0.210328735251 0.557572478967     0
 359  2.537674014345 0.223780267524 0.427482380071     0
 360  2.608267364975 0.346268986734 0.293855494628     0
 361  2.583637404421 0.453743745034 0.269283219106     0
 362  2.584217304375 0.446936276059 0.241943337469     0
 363  2.245270950520 0.373895620952 0.669356672586     0
 364  2.286797476019 0.220822937474 -0.000000000000     0
 365  2.233596554521 0.466485021887 0.637970318601     0
 366  2.127188652287 0.360589867839 0.664814604916     0
 367  2.064247593804 0.381313168844 0.603758931640     0
 368  2.181407303828 0.439713386576 0.648966795666     0
 369  2.150527774807 0.373916690698 0.672625454609     0
 370  0.802535443972 -0.000000000000 1.000000000000     0
 371  0.540935506764 -0.000000000000 0.630487044596     0
 372  0.272228341768 -0.000000000000 1.000000000000     0
 373  0.308304948164 -0.000000000000 0.788795071799     0
 374  0.364324064272 0.252075989683 1.000000000000     0
 375  0.598996435149 0.117690734269 0.707382953896     0
 376  0.654113157030 0.451455718191 1.000000000000     0
 377  0.689598631303 0.392500906308 0.917539885011     0
 378  0.813827539501 0.402688172865 0.998446006605     0
 379  0.814945418752 0.403263856712 1.000000000000     0
 380  3.969005832096 0.705058176262 1.000000000000     0
 381  4.090743917458 0.276269605629 0.690420409573     0
 382  3.938320624081 0.278172135942 1.000000000000     0
 383  3.932197583312 0.287769565393 0.513500927090     0
 384  3.679025663142 0.480156940922 0.603324042718     0
 385  3.775545796162 0.291038171693 0.762847280349     0
 386  3.864983674746 0.291185861282 0.514953851898     0
 387  1.749975777731 0.709153067533 0.671761821586     0
 388  1.798817871045 0.687523387740 0.716939062508     0
 389  2.005320065246 0.735608233006 0.668733851308     0
 390  2.045428525975 0.369902490656 0.607173784475     0
 391  1.629537761573 0.208704031400 0.729417845099     0
 392  1.747619937966 0.423778267003 0.916305878987     0
 393  1.680724618705 0.733457988020 0.826362544586     0
 394  1.637188600137 0.643951988325 0.923711550393     0
 395  2.011632525659 0.287271208334 0.689786596262     0
 396  1.509183497999 1.000000000000 -0.000000000000     0
 397  1.409480211654 0.521239141558 0.260566929943     0
 398  1.409919772801 0.617071147119 -0.000000000000     0
 399  5.000000000000 1.000000000000 1.000000000000     0
 400  5.000000000000 0.000000000000 1.000000000000     0
 401  5.000000000000 -0.000000000000 0.753715003241     0
 402  4.630288267042 0.096288680554 1.000000000000     0
 403  4.740769032179 -0.000000000000 1.000000000000     0
 404  5.000000000000 0.064173134301 0.683760485982     0
 405  4.684307626961 0.382609541132 0.636562742286     0
 406  1.476564255420 -0.000000000000 1.000000000000     0
 407  1.497365407598 -0.000000000000 0.755116745378     0
 408  1.746004810948 0.432599322588 1.000000000000     0
 409  2.171136050175 -0.000000000000 1.000000000000     0
 410  2.053064376501 -0.000000000000 0.724160590774     0
 411  2.038670208198 0.278117061573 0.716324538278     0
 412  2.086597165989 0.284849849981 1.000000000000     0
 413  2.164827118208 0.158933328110 1.000000000000     0
 414  2.090961584514 0.267187518630 0.837474244029     0
 415  0.000000000000 1.000000000000 1.000000000000     0
 416  0.300778642346 0.425416146382 1.000000000000     0
 417  0.479200555385 1.000000000000 1.000000000000     0
 418  0.594740345788 0.736756619824 1.000000000000     0
 419  0.575230162565 0.527320466346 1.000000000000     0
 420  1.169420971349 1.000000000000 0.652792446741     0
 421  0.997615833101 0.720808773658 1.000000000000     0
 422  1.071494289972 0.952105086764 0.695673374905     0
 423  1.042714817062 1.000000000000 0.715058504963     0
 424  1.730044346777 1.000000000000 1.000000000000     0
 425  1.619786947809 1.000000000000 0.762546182065     0
 426  0.898377831637 1.000000000000 1.000000000000     0
 427  0.900339438435 0.973876694066 1.000000000000     0
 428  0.911738137215 1.000000000000 0.959917813166     0
 429  1.700128208782 0.843658646939 1.000000000000     0
 430  1.730817326409 0.911382441163 1.000000000000     0
 431  1.714485183246 0.871940504733 0.964085649231     0
 432  1.008247153640 0.616011834118 -0.000000000000     0
 433  1.396269487463 0.488264885470 0.295772434058     0
 434  1.092524921692 0.050873784716 0.362502319062     0
 435  2.355354616063 -0.000000000000 0.563916857071     0
 436  3.352459632042 0.222834588563 0.838724496545     0
 437  2.910359567791 0.274252336539 0.611853101202     0
 438  2.896770452557 0.295367845151 0.637631227852     0
 439  2.896702968972 0.299134257658 0.635195821861     0
 440  2.908688651595 0.475469542131 0.678321761083     0
 441  3.058753569404 0.587781470388 0.545637639344     0
 442  3.109182428146 0.493952437514 0.458815786741     0
 443  3.112137939481 0.611220012711 0.556281755217     0
 444  3.356509547314 0.592918795011 0.500090573859     0
 445  3.380115825108 0.555999413346 0.840836088239     0
 446  3.444502044006 0.500580399062 0.750110181778     0
 447  3.421746003314 0.533857077091 0.473747496823     0
 448  3.391515301261 0.562005262104 0.468407354152     0
 449  3.584646204859 -0.000000000000 1.000000000000     0
 450  3.647381780797 0.173249720161 1.000000000000     0
 451  3.809282858073 -0.000000000000 0.377005931789     0
 452  3.871207885534 0.165158137968 0.371127835430     0
 453  3.661454875739 0.368548758165 0.337799941232     0
 454  3.636673576935 0.501554540256 0.465382362363     0
 455  0.926450081380 1.000000000000 0.582354985601     0
 456  0.985557933298 1.000000000000 0.243156222167     0
 457  1.069053641613 0.798356012089 0.525210286315     0
 458  1.064948403115 0.875318447953 0.258235607339     0
 459  0.894835547588 1.000000000000 0.213544312475     0
 460  0.863050384940 1.000000000000 0.566487607903     0
 461  0.692699148663 0.805805658250 0.130692872806     0
 462  0.800098498051 0.635905216544 0.383106759566     0
 463  1.261101795585 -0.000000000000 0.755624788289     0
 464  1.113308976390 0.311487171746 0.718011607747     0
 465  1.115107920343 0.461668325276 0.699719606704     0
 466  2.107740232903 1.000000000000 -0.000000000000     0
 467  2.330326486784 0.854826722123 -0.000000000000     0
 468  2.516556184955 1.000000000000 0.674925216754     0
 469  2.740124692320 1.000000000000 0.492573420934     0
 470  5.000000000000 -0.000000000000 0.659864227933     0
 471  5.000000000000 0.023046144921 0.661088645760     0
 472  4.600073339504 0.402103808390 0.587876771640     0
 473  4.558622941407 0.376434921074 0.544480628999     0
 474  4.496160884795 0.279623597888 0.447041186898     0
 475  1.189789394761 1.000000000000 0.184239152044     0
 476  1.327886016120 1.000000000000 0.560758546169     0
 477  1.132252806329 0.821051044449 0.622096239859     0
 478  2.233813644411 0.617636347632 1.000000000000     0
 479  2.305584391066 0.155717766249 1.000000000000     0
 480  2.437872399016 0.313684691400 0.754474450978     0
 481  2.454455485889 0.289108041111 0.791378719435     0
 482  1.994346948282 1.000000000000 1.000000000000     0
 483  1.982532612600 1.000000000000 0.974686723559     0
 484  2.459740457739 1.000000000000 1.000000000000     0
 485  1.931187232496 1.000000000000 1.000000000000     0
 486  5.000000000000 0.096383192717 -0.000000000000     0
 487  4.998444526272 0.097102002778 -0.000000000000     0
 488  0.000000000000 1.000000000000 0.000000000000     0
 489  0.464149306235 1.000000000000 -0.000000000000     0
 490  0.554154511779 0.810960377932 -0.000000000000     0
 491  3.774231527886 0.699066314662 0.222675432921     0
 492  3.490361705436 0.909857334019 0.110932035847     0
 493  3.665906043759 0.592188854312 0.438009465466     0
 494  3.393489681118 0.727913244053 0.422444935322     0
 495  3.383787301757 0.718162909884 0.425917001032     0
 496  1.154136118909 1.000000000000 -0.000000000000     0
 497  1.432539128945 1.000000000000 -0.000000000000     0
 498  0.758475365654 0.746201486126 -0.000000000000     0
 499  3.715692451038 0.891469630155 1.000000000000     0
 500  3.420455398428 0.734648642061 1.000000000000     0
 501  2.707126415063 0.399586751602 0.532014613216     0
 502  2.557294288116 0.189349072510 0.636687151414     0
 503  2.548198052628 0.188680976307 0.644465487246     0
 504  2.626507890978 0.083302057775 0.720130683542     0
 505  2.628377093573 0.082312076296 0.719979079279     0
 506  2.810534074678 0.085515336060 0.755002896074     0
 507  1.633078604946 0.657239768714 1.000000000000     0
 508  3.460161652252 1.000000000000 1.000000000000     0
 509  3.683144986443 1.000000000000 1.000000000000     0
 510  3.447367338219 1.000000000000 0.490549719186     0
 511  3.418486545252 1.000000000000 0.512522054178     0
 512  3.371122816970 0.725718886012 0.438581672988     0
 513  0.779962769897 0.781649377310 1.000000000000     0
 514  0.891421913120 0.522724332630 0.438276026729     0
 515  1.004510908418 0.458949424773 0.904378309561     0
 516  0.986696020565 0.501455552739 1.000000000000     0
 517  1.033930243228 0.562525241688 1.000000000000     0
 518  0.540992154423 -0.000000000000 0.571566847538     0
 519  0.969568738272 0.439467282845 0.970894491982     0
 520  2.860347928958 0.728233965736 1.000000000000     0
 521  2.934476468772 1.000000000000 0.627046532391     0
 522  3.203645683734 0.653158803503 1.000000000000     0
 523  2.951159903281 1.000000000000 0.622321470320     0
 524  2.380673838252 -0.000000000000 1.000000000000     0
 525  2.638582010118 -0.000000000000 0.747623475243     0
 526  2.683911461152 -0.000000000000 0.735058989757     0
 527  2.798553104317 -0.000000000000 0.757208003326     0
 528  2.804872749877 0.028638831883 0.756915285965     0
 529  3.476631550943 1.000000000000 -0.000000000000     0
 530  3.513595029251 1.000000000000 0.101902428548     0
 531  2.930555094246 1.000000000000 1.000000000000     0
 532  3.248623555279 1.000000000000 1.000000000000     0
 533  1.185498070165 -0.000000000000 1.000000000000     0
 534  0.959317752325 0.441902554063 1.000000000000     0
 535  0.000000000000 0.000000000000 1.000000000000     0
 536  -0.000000000000 -0.000000000000 0.350095773543     0
 537  5.000000000000 -0.000000000000 0.016913846276     0
 538  5.000000000000 0.092200355157 -0.000000000000     0
 539  5.000000000000 0.000000000000 0.000000000000     0
