0 8 1
0 1 1
0 106 1
0 5 1
1 0 1
1 9 1
1 10 1
1 325 1
2 15 1
2 452 1
2 3 1
2 4 1
3 522 1
3 2 1
3 4 1
3 6 1
4 527 1
4 2 1
4 3 1
4 12 1
5 23 1
5 0 1
5 111 1
5 13 1
6 7 1
6 9 1
6 522 1
6 3 1
7 8 1
7 300 1
7 20 1
7 6 1
8 7 1
8 0 1
8 9 1
8 301 1
9 8 1
9 1 1
9 501 1
9 6 1
10 1 1
10 11 1
10 325 1
10 14 1
11 10 1
11 12 1
11 326 1
11 14 1
12 527 1
12 16 1
12 11 1
12 4 1
13 17 1
13 526 1
13 5 1
13 14 1
14 321 1
14 10 1
14 11 1
14 13 1
15 16 1
15 2 1
15 435 1
15 21 1
16 15 1
16 19 1
16 12 1
16 469 1
17 18 1
17 19 1
17 13 1
17 526 1
18 17 1
18 238 1
18 19 1
18 22 1
19 311 1
19 16 1
19 17 1
19 18 1
20 7 1
20 23 1
20 240 1
20 21 1
21 15 1
21 232 1
21 20 1
21 22 1
22 23 1
22 18 1
22 21 1
22 238 1
23 241 1
23 20 1
23 5 1
23 22 1
24 34 1
24 26 1
24 27 1
24 304 1
25 489 1
25 26 1
25 29 1
25 30 1
26 32 1
26 25 1
26 305 1
26 24 1
27 24 1
27 28 1
27 29 1
27 430 1
28 31 1
28 528 1
28 27 1
28 29 1
29 25 1
29 489 1
29 27 1
29 28 1
30 31 1
30 25 1
30 442 1
30 33 1
31 439 1
31 28 1
31 37 1
31 30 1
32 33 1
32 26 1
32 35 1
32 316 1
33 32 1
33 30 1
33 444 1
33 38 1
34 24 1
34 505 1
34 35 1
34 36 1
35 39 1
35 32 1
35 34 1
35 506 1
36 39 1
36 488 1
36 34 1
36 37 1
37 31 1
37 443 1
37 36 1
37 38 1
38 39 1
38 33 1
38 445 1
38 37 1
39 510 1
39 35 1
39 36 1
39 38 1
40 41 1
40 482 1
40 43 1
40 52 1
41 40 1
41 42 1
41 51 1
41 485 1
42 48 1
42 41 1
42 507 1
42 44 1
43 40 1
43 537 1
43 44 1
43 45 1
44 47 1
44 536 1
44 42 1
44 43 1
45 47 1
45 552 1
45 43 1
45 53 1
46 47 1
46 49 1
46 559 1
46 54 1
47 553 1
47 44 1
47 45 1
47 46 1
48 64 1
48 49 1
48 42 1
48 51 1
49 63 1
49 48 1
49 50 1
49 46 1
50 55 1
50 49 1
50 51 1
50 57 1
51 48 1
51 41 1
51 50 1
51 67 1
52 55 1
52 40 1
52 473 1
52 53 1
53 478 1
53 52 1
53 45 1
53 54 1
54 55 1
54 479 1
54 53 1
54 46 1
55 472 1
55 50 1
55 52 1
55 54 1
56 57 1
56 58 1
56 65 1
56 194 1
57 56 1
57 50 1
57 59 1
57 472 1
58 79 1
58 56 1
58 59 1
58 60 1
59 57 1
59 58 1
59 75 1
59 62 1
60 79 1
60 58 1
60 68 1
60 61 1
61 71 1
61 60 1
61 78 1
61 62 1
62 63 1
62 72 1
62 59 1
62 61 1
63 559 1
63 49 1
63 62 1
63 70 1
64 48 1
64 66 1
64 69 1
64 509 1
65 56 1
65 66 1
65 67 1
65 342 1
66 64 1
66 65 1
66 67 1
66 350 1
67 344 1
67 65 1
67 66 1
67 51 1
68 71 1
68 181 1
68 60 1
68 69 1
69 64 1
69 273 1
69 68 1
69 70 1
70 63 1
70 71 1
70 69 1
70 269 1
71 272 1
71 68 1
71 61 1
71 70 1
72 514 1
72 73 1
72 74 1
72 62 1
73 72 1
73 74 1
73 76 1
73 477 1
74 479 1
74 72 1
74 73 1
74 75 1
75 472 1
75 74 1
75 59 1
75 83 1
76 73 1
76 477 1
76 77 1
76 86 1
77 463 1
77 80 1
77 76 1
77 78 1
78 61 1
78 81 1
78 77 1
78 462 1
79 82 1
79 58 1
79 60 1
79 517 1
80 85 1
80 81 1
80 77 1
80 201 1
81 80 1
81 82 1
81 189 1
81 78 1
82 79 1
82 81 1
82 84 1
82 188 1
83 474 1
83 75 1
83 84 1
83 86 1
84 82 1
84 83 1
84 186 1
84 85 1
85 199 1
85 80 1
85 84 1
85 86 1
86 476 1
86 83 1
86 76 1
86 85 1
87 89 1
87 243 1
87 91 1
87 100 1
88 96 1
88 97 1
88 90 1
88 458 1
89 95 1
89 252 1
89 87 1
89 92 1
90 88 1
90 91 1
90 460 1
90 93 1
91 87 1
91 90 1
91 92 1
91 250 1
92 89 1
92 91 1
92 93 1
92 253 1
93 353 1
93 90 1
93 92 1
93 94 1
94 95 1
94 98 1
94 220 1
94 93 1
95 89 1
95 362 1
95 101 1
95 94 1
96 88 1
96 97 1
96 99 1
96 494 1
97 88 1
97 98 1
97 96 1
97 218 1
98 97 1
98 219 1
98 99 1
98 94 1
99 375 1
99 96 1
99 98 1
99 102 1
100 87 1
100 426 1
100 101 1
100 102 1
101 95 1
101 380 1
101 100 1
101 102 1
102 375 1
102 99 1
102 100 1
102 101 1
103 104 1
103 298 1
103 107 1
103 108 1
104 103 1
104 113 1
104 298 1
104 110 1
105 301 1
105 106 1
105 108 1
105 109 1
106 111 1
106 0 1
106 105 1
106 115 1
107 103 1
107 112 1
107 240 1
107 108 1
108 103 1
108 105 1
108 107 1
108 300 1
109 105 1
109 302 1
109 116 1
109 110 1
110 303 1
110 104 1
110 117 1
110 109 1
111 114 1
111 112 1
111 106 1
111 5 1
112 119 1
112 241 1
112 107 1
112 111 1
113 104 1
113 571 1
113 117 1
113 118 1
114 111 1
114 120 1
114 257 1
114 115 1
115 106 1
115 114 1
115 116 1
115 498 1
116 368 1
116 109 1
116 115 1
116 117 1
117 113 1
117 116 1
117 369 1
117 110 1
118 119 1
118 120 1
118 113 1
118 512 1
119 112 1
119 515 1
119 120 1
119 118 1
120 119 1
120 263 1
120 114 1
120 118 1
121 122 1
121 139 1
121 124 1
121 533 1
122 128 1
122 121 1
122 443 1
122 132 1
123 127 1
123 135 1
123 133 1
123 471 1
124 128 1
124 121 1
124 125 1
124 502 1
125 129 1
125 281 1
125 124 1
125 126 1
126 127 1
126 282 1
126 131 1
126 125 1
127 128 1
127 123 1
127 339 1
127 126 1
128 127 1
128 503 1
128 122 1
128 124 1
129 153 1
129 138 1
129 131 1
129 125 1
130 137 1
130 146 1
130 140 1
130 134 1
131 143 1
131 136 1
131 129 1
131 126 1
132 122 1
132 443 1
132 133 1
132 134 1
133 123 1
133 132 1
133 445 1
133 134 1
134 440 1
134 130 1
134 132 1
134 133 1
135 136 1
135 137 1
135 123 1
135 174 1
136 135 1
136 137 1
136 131 1
136 143 1
137 135 1
137 136 1
137 144 1
137 130 1
138 129 1
138 139 1
138 140 1
138 141 1
139 121 1
139 138 1
139 140 1
139 533 1
140 146 1
140 130 1
140 139 1
140 138 1
141 150 1
141 511 1
141 138 1
141 142 1
142 144 1
142 145 1
142 403 1
142 141 1
143 136 1
143 131 1
143 149 1
143 285 1
144 422 1
144 137 1
144 146 1
144 142 1
145 403 1
145 147 1
145 148 1
145 142 1
146 144 1
146 130 1
146 140 1
146 422 1
147 151 1
147 145 1
147 225 1
147 148 1
148 145 1
148 147 1
148 156 1
148 149 1
149 143 1
149 152 1
149 148 1
149 285 1
150 151 1
150 154 1
150 141 1
150 210 1
151 152 1
151 147 1
151 221 1
151 150 1
152 151 1
152 155 1
152 149 1
152 291 1
153 288 1
153 129 1
153 154 1
153 155 1
154 352 1
154 153 1
154 155 1
154 150 1
155 152 1
155 153 1
155 154 1
155 291 1
156 163 1
156 172 1
156 157 1
156 148 1
157 159 1
157 401 1
157 156 1
157 174 1
158 159 1
158 161 1
158 175 1
158 326 1
159 160 1
159 408 1
159 157 1
159 158 1
160 159 1
160 161 1
160 173 1
160 470 1
161 160 1
161 162 1
161 261 1
161 158 1
162 161 1
162 170 1
162 180 1
162 261 1
163 225 1
163 156 1
163 165 1
163 164 1
164 222 1
164 163 1
164 165 1
164 166 1
165 224 1
165 177 1
165 163 1
165 164 1
166 167 1
166 168 1
166 362 1
166 164 1
167 328 1
167 176 1
167 171 1
167 166 1
168 417 1
168 169 1
168 171 1
168 166 1
169 416 1
169 168 1
169 178 1
169 182 1
170 271 1
170 162 1
170 171 1
170 181 1
171 167 1
171 168 1
171 170 1
171 333 1
172 184 1
172 156 1
172 285 1
172 174 1
173 471 1
173 160 1
173 185 1
173 174 1
174 135 1
174 157 1
174 172 1
174 173 1
175 336 1
175 176 1
175 177 1
175 158 1
176 175 1
176 177 1
176 335 1
176 167 1
177 175 1
177 176 1
177 224 1
177 165 1
178 169 1
178 179 1
178 420 1
178 182 1
179 183 1
179 178 1
179 180 1
179 349 1
180 273 1
180 162 1
180 179 1
180 181 1
181 170 1
181 68 1
181 180 1
181 182 1
182 169 1
182 178 1
182 516 1
182 181 1
183 184 1
183 185 1
183 179 1
183 349 1
184 183 1
184 185 1
184 347 1
184 172 1
185 183 1
185 184 1
185 348 1
185 173 1
186 194 1
186 187 1
186 84 1
186 474 1
187 199 1
187 572 1
187 186 1
187 204 1
188 82 1
188 195 1
188 189 1
188 517 1
189 191 1
189 81 1
189 419 1
189 188 1
190 200 1
190 192 1
190 292 1
190 197 1
191 247 1
191 192 1
191 189 1
191 198 1
192 191 1
192 201 1
192 246 1
192 190 1
193 202 1
193 531 1
193 196 1
193 194 1
194 56 1
194 193 1
194 186 1
194 195 1
195 194 1
195 196 1
195 517 1
195 188 1
196 193 1
196 195 1
196 203 1
196 516 1
197 208 1
197 242 1
197 190 1
197 198 1
198 191 1
198 247 1
198 197 1
198 207 1
199 573 1
199 200 1
199 187 1
199 85 1
200 199 1
200 201 1
200 295 1
200 190 1
201 80 1
201 464 1
201 192 1
201 200 1
202 519 1
202 193 1
202 203 1
202 205 1
203 202 1
203 366 1
203 196 1
203 206 1
204 455 1
204 208 1
204 187 1
204 205 1
205 457 1
205 202 1
205 204 1
205 206 1
206 207 1
206 203 1
206 461 1
206 205 1
207 208 1
207 206 1
207 251 1
207 198 1
208 207 1
208 250 1
208 204 1
208 197 1
209 224 1
209 219 1
209 212 1
209 374 1
210 217 1
210 213 1
210 221 1
210 150 1
211 446 1
211 218 1
211 212 1
211 214 1
212 215 1
212 209 1
212 211 1
212 447 1
213 216 1
213 210 1
213 381 1
213 214 1
214 215 1
214 211 1
214 213 1
214 390 1
215 223 1
215 393 1
215 212 1
215 214 1
216 381 1
216 226 1
216 227 1
216 213 1
217 352 1
217 210 1
217 220 1
217 218 1
218 217 1
218 211 1
218 219 1
218 97 1
219 98 1
219 209 1
219 218 1
219 220 1
220 217 1
220 219 1
220 94 1
220 222 1
221 151 1
221 225 1
221 210 1
221 222 1
222 362 1
222 220 1
222 221 1
222 164 1
223 215 1
223 224 1
223 227 1
223 399 1
224 223 1
224 177 1
224 209 1
224 165 1
225 147 1
225 226 1
225 163 1
225 221 1
226 216 1
226 225 1
226 227 1
226 406 1
227 223 1
227 216 1
227 385 1
227 226 1
228 233 1
228 235 1
228 547 1
228 230 1
229 240 1
229 570 1
229 232 1
229 230 1
230 231 1
230 549 1
230 228 1
230 229 1
231 232 1
231 234 1
231 468 1
231 230 1
232 231 1
232 427 1
232 229 1
232 21 1
233 239 1
233 241 1
233 228 1
233 557 1
234 231 1
234 313 1
234 236 1
234 237 1
235 239 1
235 236 1
235 548 1
235 228 1
236 314 1
236 234 1
236 235 1
236 237 1
237 311 1
237 234 1
237 236 1
237 238 1
238 239 1
238 18 1
238 237 1
238 22 1
239 233 1
239 235 1
239 558 1
239 238 1
240 241 1
240 107 1
240 20 1
240 229 1
241 23 1
241 240 1
241 233 1
241 112 1
242 274 1
242 243 1
242 244 1
242 197 1
243 87 1
243 242 1
243 244 1
243 278 1
244 242 1
244 243 1
244 276 1
244 245 1
245 249 1
245 276 1
245 244 1
245 246 1
246 247 1
246 248 1
246 192 1
246 245 1
247 191 1
247 248 1
247 198 1
247 246 1
248 247 1
248 425 1
248 249 1
248 246 1
249 248 1
249 425 1
249 252 1
249 245 1
250 460 1
250 208 1
250 91 1
250 251 1
251 207 1
251 250 1
251 461 1
251 253 1
252 249 1
252 364 1
252 89 1
252 253 1
253 252 1
253 251 1
253 92 1
253 365 1
254 255 1
254 256 1
254 321 1
254 260 1
255 271 1
255 258 1
255 324 1
255 254 1
256 257 1
256 262 1
256 526 1
256 254 1
257 263 1
257 256 1
257 258 1
257 114 1
258 255 1
258 257 1
258 498 1
258 270 1
259 268 1
259 260 1
259 261 1
259 493 1
260 321 1
260 259 1
260 261 1
260 254 1
261 161 1
261 162 1
261 259 1
261 260 1
262 256 1
262 267 1
262 264 1
262 558 1
263 264 1
263 257 1
263 266 1
263 120 1
264 263 1
264 265 1
264 515 1
264 262 1
265 514 1
265 264 1
265 266 1
265 269 1
266 263 1
266 272 1
266 265 1
266 513 1
267 553 1
267 268 1
267 269 1
267 262 1
268 273 1
268 538 1
268 267 1
268 259 1
269 559 1
269 265 1
269 267 1
269 70 1
270 271 1
270 272 1
270 258 1
270 466 1
271 255 1
271 170 1
271 331 1
271 270 1
272 71 1
272 462 1
272 266 1
272 270 1
273 509 1
273 268 1
273 69 1
273 180 1
274 242 1
274 275 1
274 292 1
274 277 1
275 292 1
275 280 1
275 274 1
275 276 1
276 279 1
276 275 1
276 244 1
276 245 1
277 280 1
277 274 1
277 293 1
277 278 1
278 279 1
278 426 1
278 243 1
278 277 1
279 280 1
279 330 1
279 276 1
279 278 1
280 279 1
280 275 1
280 277 1
280 294 1
281 287 1
281 282 1
281 125 1
281 502 1
282 281 1
282 338 1
282 283 1
282 126 1
283 290 1
283 337 1
283 282 1
283 284 1
284 283 1
284 347 1
284 285 1
284 286 1
285 143 1
285 284 1
285 149 1
285 172 1
286 360 1
286 289 1
286 291 1
286 284 1
287 288 1
287 281 1
287 290 1
287 456 1
288 287 1
288 355 1
288 153 1
288 289 1
289 359 1
289 288 1
289 290 1
289 286 1
290 287 1
290 289 1
290 283 1
290 518 1
291 152 1
291 361 1
291 155 1
291 286 1
292 295 1
292 274 1
292 275 1
292 190 1
293 296 1
293 369 1
293 277 1
293 294 1
294 280 1
294 297 1
294 499 1
294 293 1
295 296 1
295 297 1
295 200 1
295 292 1
296 295 1
296 297 1
296 571 1
296 293 1
297 295 1
297 296 1
297 464 1
297 294 1
298 103 1
298 104 1
298 299 1
299 303 1
299 520 1
299 298 1
299 300 1
300 7 1
300 299 1
300 108 1
300 301 1
301 8 1
301 105 1
301 300 1
301 302 1
302 303 1
302 109 1
302 371 1
302 301 1
303 299 1
303 110 1
303 373 1
303 302 1
304 312 1
304 305 1
304 307 1
304 24 1
305 26 1
305 304 1
305 306 1
305 316 1
306 319 1
306 432 1
306 305 1
306 307 1
307 304 1
307 306 1
307 308 1
307 430 1
308 313 1
308 307 1
308 429 1
308 318 1
309 311 1
309 320 1
309 469 1
309 310 1
310 311 1
310 315 1
310 309 1
310 493 1
311 237 1
311 19 1
311 309 1
311 310 1
312 505 1
312 304 1
312 313 1
312 314 1
313 468 1
313 312 1
313 234 1
313 308 1
314 312 1
314 504 1
314 236 1
314 317 1
315 493 1
315 316 1
315 317 1
315 310 1
316 32 1
316 305 1
316 315 1
316 317 1
317 504 1
317 314 1
317 315 1
317 316 1
318 319 1
318 320 1
318 435 1
318 308 1
319 320 1
319 306 1
319 437 1
319 318 1
320 319 1
320 469 1
320 309 1
320 318 1
321 526 1
321 14 1
321 260 1
321 254 1
322 327 1
322 329 1
322 323 1
322 500 1
323 322 1
323 324 1
323 325 1
323 501 1
324 255 1
324 498 1
324 323 1
324 325 1
325 1 1
325 10 1
325 323 1
325 324 1
326 336 1
326 11 1
326 413 1
326 158 1
327 335 1
327 328 1
327 322 1
327 378 1
328 327 1
328 330 1
328 380 1
328 167 1
329 322 1
329 330 1
329 331 1
329 499 1
330 279 1
330 328 1
330 329 1
330 332 1
331 271 1
331 465 1
331 329 1
331 334 1
332 425 1
332 330 1
332 333 1
332 334 1
333 417 1
333 171 1
333 332 1
333 334 1
334 465 1
334 331 1
334 332 1
334 333 1
335 327 1
335 336 1
335 176 1
335 376 1
336 335 1
336 414 1
336 175 1
336 326 1
337 338 1
337 347 1
337 283 1
337 342 1
338 337 1
338 282 1
338 339 1
338 340 1
339 127 1
339 338 1
339 340 1
339 341 1
340 343 1
340 503 1
340 338 1
340 339 1
341 345 1
341 497 1
341 339 1
341 348 1
342 65 1
342 346 1
342 531 1
342 337 1
343 344 1
343 345 1
343 340 1
343 486 1
344 343 1
344 345 1
344 67 1
344 485 1
345 343 1
345 344 1
345 341 1
345 487 1
346 347 1
346 420 1
346 349 1
346 342 1
347 184 1
347 337 1
347 346 1
347 284 1
348 185 1
348 497 1
348 341 1
348 350 1
349 183 1
349 346 1
349 179 1
349 350 1
350 66 1
350 348 1
350 349 1
350 509 1
351 352 1
351 353 1
351 459 1
351 356 1
352 351 1
352 217 1
352 353 1
352 154 1
353 351 1
353 352 1
353 354 1
353 93 1
354 361 1
354 365 1
354 357 1
354 353 1
355 288 1
355 456 1
355 356 1
355 358 1
356 351 1
356 459 1
356 355 1
356 357 1
357 354 1
357 356 1
357 461 1
357 358 1
358 359 1
358 457 1
358 355 1
358 357 1
359 360 1
359 289 1
359 518 1
359 358 1
360 359 1
360 361 1
360 415 1
360 286 1
361 363 1
361 360 1
361 354 1
361 291 1
362 95 1
362 166 1
362 364 1
362 222 1
363 367 1
363 361 1
363 415 1
363 366 1
364 367 1
364 418 1
364 362 1
364 252 1
365 354 1
365 461 1
365 253 1
365 366 1
366 367 1
366 203 1
366 363 1
366 365 1
367 416 1
367 363 1
367 364 1
367 366 1
368 370 1
368 371 1
368 116 1
368 498 1
369 293 1
369 373 1
369 370 1
369 117 1
370 368 1
370 369 1
370 499 1
370 372 1
371 368 1
371 372 1
371 501 1
371 302 1
372 370 1
372 371 1
372 500 1
372 373 1
373 303 1
373 369 1
373 372 1
373 525 1
374 375 1
374 496 1
374 209 1
374 377 1
375 494 1
375 99 1
375 102 1
375 374 1
376 335 1
376 377 1
376 378 1
376 524 1
377 376 1
377 379 1
377 524 1
377 374 1
378 327 1
378 376 1
378 379 1
378 500 1
379 377 1
379 378 1
379 380 1
379 525 1
380 328 1
380 426 1
380 379 1
380 101 1
381 511 1
381 216 1
381 213 1
381 382 1
382 383 1
382 384 1
382 381 1
382 511 1
383 390 1
383 535 1
383 387 1
383 382 1
384 385 1
384 387 1
384 405 1
384 382 1
385 384 1
385 227 1
385 388 1
385 405 1
386 391 1
386 387 1
386 389 1
386 566 1
387 383 1
387 384 1
387 386 1
387 535 1
388 392 1
388 385 1
388 411 1
388 389 1
389 386 1
389 395 1
389 388 1
389 566 1
390 383 1
390 450 1
390 391 1
390 214 1
391 393 1
391 386 1
391 451 1
391 390 1
392 409 1
392 394 1
392 388 1
392 396 1
393 391 1
393 398 1
393 448 1
393 215 1
394 392 1
394 395 1
394 396 1
394 492 1
395 397 1
395 394 1
395 563 1
395 389 1
396 392 1
396 400 1
396 394 1
396 412 1
397 400 1
397 454 1
397 395 1
397 398 1
398 399 1
398 448 1
398 393 1
398 397 1
399 223 1
399 400 1
399 414 1
399 398 1
400 399 1
400 396 1
400 397 1
400 412 1
401 407 1
401 402 1
401 421 1
401 157 1
402 401 1
402 411 1
402 404 1
402 421 1
403 142 1
403 145 1
403 404 1
403 406 1
404 424 1
404 402 1
404 403 1
404 405 1
405 384 1
405 385 1
405 404 1
405 406 1
406 511 1
406 226 1
406 403 1
406 405 1
407 408 1
407 401 1
407 410 1
407 444 1
408 407 1
408 409 1
408 159 1
408 470 1
409 408 1
409 392 1
409 410 1
409 492 1
410 407 1
410 409 1
410 442 1
410 411 1
411 441 1
411 402 1
411 410 1
411 388 1
412 527 1
412 400 1
412 396 1
412 413 1
413 527 1
413 412 1
413 326 1
413 414 1
414 399 1
414 336 1
414 413 1
414 550 1
415 519 1
415 360 1
415 363 1
415 420 1
416 367 1
416 169 1
416 419 1
416 516 1
417 168 1
417 418 1
417 419 1
417 333 1
418 425 1
418 417 1
418 419 1
418 364 1
419 416 1
419 417 1
419 418 1
419 189 1
420 415 1
420 346 1
420 531 1
420 178 1
421 423 1
421 440 1
421 401 1
421 402 1
422 423 1
422 144 1
422 424 1
422 146 1
423 424 1
423 440 1
423 421 1
423 422 1
424 423 1
424 534 1
424 404 1
424 422 1
425 248 1
425 249 1
425 418 1
425 332 1
426 100 1
426 380 1
426 525 1
426 278 1
427 232 1
427 435 1
427 428 1
427 429 1
428 431 1
428 570 1
428 427 1
428 429 1
429 468 1
429 427 1
429 308 1
429 428 1
430 433 1
430 434 1
430 307 1
430 27 1
431 564 1
431 434 1
431 428 1
431 436 1
432 433 1
432 306 1
432 437 1
432 490 1
433 432 1
433 434 1
433 490 1
433 430 1
434 431 1
434 433 1
434 561 1
434 430 1
435 15 1
435 427 1
435 436 1
435 318 1
436 431 1
436 435 1
436 437 1
436 563 1
437 319 1
437 432 1
437 436 1
437 492 1
438 439 1
438 440 1
438 441 1
438 529 1
439 31 1
439 529 1
439 443 1
439 438 1
440 423 1
440 438 1
440 421 1
440 134 1
441 530 1
441 442 1
441 411 1
441 438 1
442 441 1
442 410 1
442 491 1
442 30 1
443 439 1
443 122 1
443 132 1
443 37 1
444 407 1
444 33 1
444 445 1
444 470 1
445 471 1
445 444 1
445 133 1
445 38 1
446 447 1
446 495 1
446 450 1
446 211 1
447 496 1
447 449 1
447 212 1
447 446 1
448 398 1
448 449 1
448 393 1
448 454 1
449 447 1
449 448 1
449 551 1
449 452 1
450 390 1
450 567 1
450 451 1
450 446 1
451 391 1
451 568 1
451 450 1
451 453 1
452 449 1
452 2 1
452 453 1
452 454 1
453 451 1
453 452 1
453 563 1
453 454 1
454 448 1
454 397 1
454 452 1
454 453 1
455 456 1
455 458 1
455 204 1
456 455 1
456 457 1
456 287 1
456 355 1
457 456 1
457 518 1
457 205 1
457 358 1
458 455 1
458 88 1
458 459 1
458 460 1
459 351 1
459 356 1
459 458 1
459 460 1
460 90 1
460 250 1
460 459 1
460 458 1
461 365 1
461 251 1
461 357 1
461 206 1
462 463 1
462 272 1
462 466 1
462 78 1
463 464 1
463 513 1
463 77 1
463 462 1
464 463 1
464 201 1
464 467 1
464 297 1
465 466 1
465 467 1
465 331 1
465 334 1
466 465 1
466 467 1
466 270 1
466 462 1
467 464 1
467 465 1
467 466 1
467 499 1
468 231 1
468 549 1
468 313 1
468 429 1
469 320 1
469 492 1
469 309 1
469 16 1
470 408 1
470 160 1
470 444 1
470 493 1
471 497 1
471 123 1
471 445 1
471 173 1
472 55 1
472 57 1
472 474 1
472 75 1
473 52 1
473 572 1
473 474 1
473 476 1
474 472 1
474 473 1
474 186 1
474 83 1
475 512 1
475 476 1
475 477 1
475 478 1
476 473 1
476 475 1
476 573 1
476 86 1
477 73 1
477 513 1
477 475 1
477 76 1
478 479 1
478 475 1
478 515 1
478 53 1
479 514 1
479 74 1
479 54 1
479 478 1
480 481 1
480 482 1
480 486 1
481 480 1
481 545 1
481 483 1
481 488 1
482 480 1
482 483 1
482 485 1
482 40 1
483 537 1
483 481 1
483 482 1
483 484 1
484 487 1
484 483 1
484 507 1
484 485 1
485 344 1
485 41 1
485 482 1
485 484 1
486 343 1
486 480 1
486 488 1
486 503 1
487 488 1
487 345 1
487 484 1
487 510 1
488 487 1
488 481 1
488 36 1
488 486 1
489 25 1
489 490 1
489 491 1
489 29 1
490 433 1
490 432 1
490 489 1
490 491 1
491 530 1
491 489 1
491 442 1
491 490 1
492 409 1
492 394 1
492 469 1
492 437 1
493 470 1
493 315 1
493 259 1
493 310 1
494 495 1
494 96 1
494 375 1
494 574 1
495 496 1
495 574 1
495 446 1
495 494 1
496 495 1
496 551 1
496 447 1
496 374 1
497 471 1
497 348 1
497 341 1
497 510 1
498 368 1
498 258 1
498 115 1
498 324 1
499 329 1
499 370 1
499 467 1
499 294 1
500 378 1
500 322 1
500 372 1
500 501 1
501 9 1
501 371 1
501 500 1
501 323 1
502 503 1
502 281 1
502 124 1
503 128 1
503 486 1
503 340 1
503 502 1
504 543 1
504 314 1
504 317 1
504 506 1
505 312 1
505 545 1
505 34 1
505 506 1
506 504 1
506 505 1
506 35 1
506 542 1
507 508 1
507 42 1
507 484 1
507 536 1
508 507 1
508 539 1
508 509 1
508 510 1
509 64 1
509 273 1
509 508 1
509 350 1
510 487 1
510 497 1
510 39 1
510 508 1
511 141 1
511 382 1
511 381 1
511 406 1
512 513 1
512 475 1
512 571 1
512 118 1
513 463 1
513 512 1
513 266 1
513 477 1
514 479 1
514 72 1
514 265 1
514 559 1
515 119 1
515 264 1
515 557 1
515 478 1
516 416 1
516 196 1
516 517 1
516 182 1
517 79 1
517 195 1
517 516 1
517 188 1
518 519 1
518 457 1
518 290 1
518 359 1
519 415 1
519 202 1
519 531 1
519 518 1
520 521 1
520 299 1
520 525 1
520 574 1
521 551 1
521 520 1
521 522 1
521 523 1
522 521 1
522 523 1
522 3 1
522 6 1
523 521 1
523 522 1
523 524 1
523 550 1
524 376 1
524 377 1
524 523 1
524 550 1
525 520 1
525 426 1
525 379 1
525 373 1
526 256 1
526 17 1
526 321 1
526 13 1
527 4 1
527 12 1
527 413 1
527 412 1
528 560 1
528 529 1
528 530 1
528 28 1
529 439 1
529 528 1
529 534 1
529 438 1
530 528 1
530 441 1
530 562 1
530 491 1
531 519 1
531 193 1
531 420 1
531 342 1
532 535 1
532 569 1
532 533 1
532 534 1
533 121 1
533 139 1
533 532 1
533 534 1
534 424 1
534 529 1
534 532 1
534 533 1
535 383 1
535 569 1
535 387 1
535 532 1
536 537 1
536 539 1
536 507 1
536 44 1
537 536 1
537 483 1
537 43 1
537 544 1
538 268 1
538 553 1
538 539 1
538 540 1
539 536 1
539 538 1
539 508 1
539 541 1
540 543 1
540 554 1
540 538 1
540 541 1
541 544 1
541 539 1
541 540 1
541 542 1
542 543 1
542 546 1
542 506 1
542 541 1
543 504 1
543 548 1
543 540 1
543 542 1
544 552 1
544 537 1
544 546 1
544 541 1
545 546 1
545 505 1
545 481 1
545 549 1
546 544 1
546 545 1
546 547 1
546 542 1
547 556 1
547 228 1
547 546 1
547 548 1
548 543 1
548 547 1
548 235 1
548 555 1
549 545 1
549 570 1
549 468 1
549 230 1
550 551 1
550 523 1
550 524 1
550 414 1
551 496 1
551 449 1
551 521 1
551 550 1
552 544 1
552 554 1
552 556 1
552 45 1
553 47 1
553 538 1
553 554 1
553 267 1
554 552 1
554 553 1
554 555 1
554 540 1
555 548 1
555 554 1
555 556 1
555 558 1
556 552 1
556 555 1
556 557 1
556 547 1
557 233 1
557 515 1
557 556 1
557 558 1
558 239 1
558 555 1
558 557 1
558 262 1
559 63 1
559 514 1
559 269 1
559 46 1
560 528 1
560 561 1
560 562 1
560 569 1
561 565 1
561 560 1
561 434 1
561 562 1
562 560 1
562 561 1
562 530 1
562 566 1
563 564 1
563 395 1
563 436 1
563 453 1
564 431 1
564 568 1
564 563 1
564 565 1
565 568 1
565 561 1
565 564 1
565 566 1
566 389 1
566 562 1
566 386 1
566 565 1
567 568 1
567 569 1
567 450 1
568 567 1
568 451 1
568 564 1
568 565 1
569 567 1
569 535 1
569 532 1
569 560 1
570 428 1
570 549 1
570 229 1
571 512 1
571 113 1
571 573 1
571 296 1
572 473 1
572 187 1
572 573 1
573 199 1
573 572 1
573 571 1
573 476 1
574 495 1
574 520 1
574 494 1
