0 1 1
0 1057 1
0 6 1
0 822 1
0 23 1
0 25 1
1 0 1
1 1057 1
1 2 1
1 12 1
1 23 1
1 1051 1
2 1 1
2 3 1
2 963 1
2 12 1
2 13 1
2 1051 1
3 2 1
3 963 1
3 4 1
3 9 1
3 13 1
3 572 1
4 3 1
4 5 1
4 9 1
4 362 1
4 10 1
4 572 1
5 35 1
5 4 1
5 6 1
5 361 1
5 10 1
5 362 1
6 0 1
6 35 1
6 5 1
6 361 1
6 822 1
6 25 1
7 575 1
7 8 1
7 11 1
7 19 1
7 22 1
7 573 1
8 7 1
8 9 1
8 19 1
8 26 1
8 573 1
8 574 1
9 3 1
9 4 1
9 8 1
9 26 1
9 572 1
9 574 1
10 4 1
10 5 1
10 362 1
10 11 1
10 375 1
10 30 1
11 575 1
11 7 1
11 10 1
11 22 1
11 375 1
11 30 1
12 1 1
12 2 1
12 18 1
12 23 1
12 1051 1
12 1053 1
13 2 1
13 963 1
13 3 1
13 14 1
13 976 1
13 26 1
14 1001 1
14 13 1
14 15 1
14 976 1
14 19 1
14 26 1
15 1001 1
15 14 1
15 16 1
15 528 1
15 19 1
15 20 1
16 31 1
16 518 1
16 15 1
16 528 1
16 17 1
16 20 1
17 31 1
17 518 1
17 16 1
17 18 1
17 980 1
17 24 1
18 12 1
18 17 1
18 980 1
18 23 1
18 24 1
18 1053 1
19 7 1
19 8 1
19 1001 1
19 14 1
19 15 1
19 573 1
20 31 1
20 517 1
20 15 1
20 16 1
20 528 1
20 21 1
21 31 1
21 517 1
21 20 1
21 22 1
21 984 1
21 27 1
22 575 1
22 7 1
22 11 1
22 21 1
22 984 1
22 27 1
23 0 1
23 1 1
23 1057 1
23 12 1
23 18 1
23 1053 1
24 32 1
24 17 1
24 18 1
24 980 1
24 25 1
24 830 1
25 0 1
25 32 1
25 6 1
25 822 1
25 24 1
25 830 1
26 8 1
26 9 1
26 13 1
26 14 1
26 976 1
26 574 1
27 33 1
27 977 1
27 21 1
27 22 1
27 984 1
27 28 1
28 33 1
28 34 1
28 977 1
28 27 1
28 828 1
28 29 1
29 34 1
29 35 1
29 828 1
29 367 1
29 28 1
29 30 1
30 35 1
30 10 1
30 11 1
30 367 1
30 375 1
30 29 1
31 517 1
31 518 1
31 16 1
31 17 1
31 20 1
31 21 1
32 33 1
32 34 1
32 24 1
32 25 1
32 829 1
32 830 1
33 32 1
33 34 1
33 977 1
33 27 1
33 28 1
33 829 1
34 32 1
34 33 1
34 828 1
34 829 1
34 28 1
34 29 1
35 5 1
35 6 1
35 361 1
35 367 1
35 29 1
35 30 1
36 37 1
36 42 1
36 50 1
36 51 1
36 759 1
36 985 1
37 36 1
37 38 1
37 48 1
37 50 1
37 985 1
37 1019 1
38 37 1
38 39 1
38 44 1
38 48 1
38 917 1
38 1019 1
39 38 1
39 40 1
39 44 1
39 45 1
39 917 1
39 919 1
40 39 1
40 41 1
40 45 1
40 1037 1
40 919 1
40 59 1
41 40 1
41 42 1
41 1037 1
41 55 1
41 760 1
41 59 1
42 36 1
42 41 1
42 51 1
42 759 1
42 760 1
42 55 1
43 873 1
43 875 1
43 44 1
43 46 1
43 47 1
43 53 1
44 38 1
44 39 1
44 873 1
44 43 1
44 47 1
44 917 1
45 39 1
45 40 1
45 46 1
45 919 1
45 58 1
45 924 1
46 875 1
46 43 1
46 45 1
46 53 1
46 58 1
46 924 1
47 872 1
47 873 1
47 43 1
47 44 1
47 49 1
47 52 1
48 37 1
48 38 1
48 49 1
48 50 1
48 1019 1
48 990 1
49 872 1
49 47 1
49 48 1
49 50 1
49 52 1
49 990 1
50 36 1
50 37 1
50 48 1
50 49 1
50 985 1
50 990 1
51 36 1
51 42 1
51 52 1
51 54 1
51 759 1
51 763 1
52 872 1
52 47 1
52 49 1
52 51 1
52 54 1
52 763 1
53 775 1
53 875 1
53 43 1
53 46 1
53 54 1
53 56 1
54 775 1
54 51 1
54 52 1
54 53 1
54 56 1
54 763 1
55 776 1
55 41 1
55 42 1
55 760 1
55 57 1
55 56 1
56 775 1
56 776 1
56 53 1
56 54 1
56 55 1
56 57 1
57 1031 1
57 776 1
57 55 1
57 56 1
57 58 1
57 59 1
58 1031 1
58 45 1
58 46 1
58 57 1
58 59 1
58 924 1
59 1031 1
59 40 1
59 41 1
59 1037 1
59 57 1
59 58 1
60 64 1
60 67 1
60 72 1
60 1013 1
60 1015 1
60 61 1
61 1062 1
61 72 1
61 79 1
61 1015 1
61 60 1
61 62 1
62 63 1
62 1062 1
62 842 1
62 79 1
62 83 1
62 61 1
63 64 1
63 68 1
63 841 1
63 842 1
63 83 1
63 62 1
64 63 1
64 67 1
64 68 1
64 841 1
64 1013 1
64 60 1
65 66 1
65 69 1
65 78 1
65 80 1
65 84 1
65 88 1
66 65 1
66 67 1
66 70 1
66 78 1
66 88 1
66 925 1
67 64 1
67 66 1
67 70 1
67 1013 1
67 60 1
67 925 1
68 63 1
68 64 1
68 69 1
68 841 1
68 846 1
68 81 1
69 65 1
69 68 1
69 846 1
69 80 1
69 81 1
69 84 1
70 927 1
70 66 1
70 67 1
70 71 1
70 75 1
70 925 1
71 927 1
71 70 1
71 72 1
71 74 1
71 75 1
71 1017 1
72 71 1
72 74 1
72 1015 1
72 1017 1
72 60 1
72 61 1
73 74 1
73 1068 1
73 77 1
73 1070 1
73 79 1
73 82 1
74 71 1
74 72 1
74 73 1
74 1068 1
74 79 1
74 1017 1
75 927 1
75 70 1
75 71 1
75 107 1
75 76 1
75 78 1
76 99 1
76 107 1
76 75 1
76 77 1
76 78 1
76 80 1
77 99 1
77 73 1
77 76 1
77 1070 1
77 80 1
77 82 1
78 65 1
78 66 1
78 107 1
78 76 1
78 75 1
78 88 1
79 1062 1
79 73 1
79 74 1
79 1068 1
79 61 1
79 62 1
80 65 1
80 99 1
80 69 1
80 76 1
80 77 1
80 84 1
81 68 1
81 69 1
81 846 1
81 849 1
81 82 1
81 83 1
82 73 1
82 77 1
82 1070 1
82 81 1
82 849 1
82 83 1
83 63 1
83 842 1
83 81 1
83 82 1
83 849 1
83 62 1
84 65 1
84 98 1
84 69 1
84 1097 1
84 80 1
84 85 1
85 993 1
85 98 1
85 1097 1
85 84 1
85 86 1
85 90 1
86 993 1
86 546 1
86 85 1
86 87 1
86 90 1
86 91 1
87 546 1
87 552 1
87 109 1
87 86 1
87 88 1
87 91 1
88 65 1
88 66 1
88 552 1
88 109 1
88 78 1
88 87 1
89 127 1
89 95 1
89 100 1
89 102 1
89 111 1
89 90 1
90 993 1
90 100 1
90 111 1
90 85 1
90 86 1
90 89 1
91 546 1
91 566 1
91 109 1
91 86 1
91 87 1
91 92 1
92 928 1
92 107 1
92 109 1
92 566 1
92 91 1
92 93 1
93 928 1
93 107 1
93 108 1
93 431 1
93 92 1
93 94 1
94 95 1
94 103 1
94 108 1
94 431 1
94 432 1
94 93 1
95 127 1
95 102 1
95 103 1
95 432 1
95 89 1
95 94 1
96 97 1
96 99 1
96 101 1
96 105 1
96 1098 1
96 116 1
97 96 1
97 98 1
97 100 1
97 101 1
97 110 1
97 116 1
98 97 1
98 100 1
98 1097 1
98 110 1
98 84 1
98 85 1
99 96 1
99 105 1
99 1098 1
99 76 1
99 77 1
99 80 1
100 97 1
100 98 1
100 110 1
100 111 1
100 89 1
100 90 1
101 96 1
101 97 1
101 102 1
101 104 1
101 116 1
101 121 1
102 95 1
102 127 1
102 121 1
102 101 1
102 104 1
102 89 1
103 95 1
103 104 1
103 106 1
103 430 1
103 432 1
103 94 1
104 101 1
104 102 1
104 103 1
104 106 1
104 430 1
104 121 1
105 96 1
105 99 1
105 106 1
105 1098 1
105 108 1
105 429 1
106 103 1
106 104 1
106 105 1
106 108 1
106 429 1
106 430 1
107 928 1
107 75 1
107 76 1
107 78 1
107 92 1
107 93 1
108 105 1
108 106 1
108 429 1
108 431 1
108 93 1
108 94 1
109 552 1
109 566 1
109 87 1
109 88 1
109 91 1
109 92 1
110 97 1
110 98 1
110 100 1
110 847 1
110 115 1
110 123 1
111 127 1
111 100 1
111 998 1
111 112 1
111 89 1
111 90 1
112 127 1
112 128 1
112 998 1
112 301 1
112 111 1
112 113 1
113 128 1
113 134 1
113 300 1
113 301 1
113 112 1
113 114 1
114 134 1
114 300 1
114 848 1
114 113 1
114 115 1
114 125 1
115 110 1
115 847 1
115 848 1
115 114 1
115 123 1
115 125 1
116 96 1
116 97 1
116 101 1
116 944 1
116 117 1
116 122 1
117 944 1
117 851 1
117 116 1
117 118 1
117 122 1
117 124 1
118 851 1
118 117 1
118 854 1
118 119 1
118 124 1
118 126 1
119 130 1
119 817 1
119 118 1
119 854 1
119 120 1
119 126 1
120 129 1
120 130 1
120 810 1
120 817 1
120 119 1
120 121 1
121 129 1
121 101 1
121 102 1
121 104 1
121 810 1
121 120 1
122 944 1
122 850 1
122 116 1
122 117 1
122 123 1
122 124 1
123 110 1
123 847 1
123 850 1
123 115 1
123 122 1
123 124 1
124 850 1
124 851 1
124 117 1
124 118 1
124 122 1
124 123 1
125 131 1
125 848 1
125 114 1
125 115 1
125 855 1
125 126 1
126 131 1
126 855 1
126 118 1
126 854 1
126 119 1
126 125 1
127 95 1
127 102 1
127 998 1
127 111 1
127 112 1
127 89 1
128 129 1
128 133 1
128 301 1
128 112 1
128 113 1
128 313 1
129 128 1
129 133 1
129 810 1
129 313 1
129 120 1
129 121 1
130 132 1
130 133 1
130 817 1
130 119 1
130 120 1
130 316 1
131 132 1
131 134 1
131 855 1
131 312 1
131 125 1
131 126 1
132 130 1
132 131 1
132 133 1
132 134 1
132 312 1
132 316 1
133 128 1
133 129 1
133 130 1
133 132 1
133 313 1
133 316 1
134 131 1
134 132 1
134 300 1
134 113 1
134 114 1
134 312 1
135 1128 1
135 137 1
135 136 1
135 139 1
135 138 1
135 888 1
136 135 1
136 137 1
136 138 1
136 887 1
136 888 1
136 154 1
137 135 1
137 1128 1
137 136 1
137 139 1
137 887 1
137 154 1
138 135 1
138 136 1
138 144 1
138 627 1
138 888 1
138 157 1
139 135 1
139 1128 1
139 137 1
139 1129 1
139 140 1
139 151 1
140 1129 1
140 139 1
140 141 1
140 149 1
140 151 1
140 379 1
141 140 1
141 142 1
141 146 1
141 149 1
141 378 1
141 379 1
142 141 1
142 143 1
142 146 1
142 147 1
142 378 1
142 733 1
143 142 1
143 144 1
143 147 1
143 628 1
143 733 1
143 158 1
144 138 1
144 143 1
144 627 1
144 628 1
144 157 1
144 158 1
145 609 1
145 390 1
145 146 1
145 148 1
145 150 1
145 156 1
146 390 1
146 141 1
146 142 1
146 145 1
146 150 1
146 378 1
147 142 1
147 143 1
147 638 1
147 148 1
147 733 1
147 158 1
148 609 1
148 638 1
148 145 1
148 147 1
148 156 1
148 158 1
149 140 1
149 141 1
149 398 1
149 150 1
149 379 1
149 155 1
150 390 1
150 398 1
150 145 1
150 146 1
150 149 1
150 155 1
151 1129 1
151 139 1
151 140 1
151 597 1
151 152 1
151 155 1
152 597 1
152 598 1
152 151 1
152 153 1
152 155 1
152 156 1
153 598 1
153 152 1
153 154 1
153 635 1
153 156 1
153 157 1
154 136 1
154 137 1
154 887 1
154 153 1
154 635 1
154 157 1
155 398 1
155 149 1
155 150 1
155 151 1
155 152 1
155 597 1
156 609 1
156 145 1
156 148 1
156 598 1
156 152 1
156 153 1
157 138 1
157 144 1
157 627 1
157 153 1
157 154 1
157 635 1
158 143 1
158 144 1
158 147 1
158 148 1
158 628 1
158 638 1
159 160 1
159 165 1
159 166 1
159 181 1
159 570 1
159 571 1
160 159 1
160 161 1
160 166 1
160 167 1
160 571 1
160 477 1
161 160 1
161 162 1
161 167 1
161 168 1
161 476 1
161 477 1
162 1120 1
162 161 1
162 163 1
162 168 1
162 170 1
162 476 1
163 1120 1
163 162 1
163 164 1
163 170 1
163 942 1
163 185 1
164 163 1
164 165 1
164 941 1
164 942 1
164 184 1
164 185 1
165 159 1
165 164 1
165 941 1
165 181 1
165 184 1
165 570 1
166 159 1
166 160 1
166 167 1
166 176 1
166 571 1
166 478 1
167 160 1
167 161 1
167 166 1
167 176 1
167 477 1
167 478 1
168 161 1
168 162 1
168 482 1
168 169 1
168 177 1
168 476 1
169 482 1
169 168 1
169 616 1
169 170 1
169 177 1
169 182 1
170 1120 1
170 162 1
170 163 1
170 616 1
170 169 1
170 182 1
171 483 1
171 485 1
171 172 1
171 175 1
171 176 1
171 177 1
172 483 1
172 171 1
172 173 1
172 176 1
172 178 1
172 573 1
173 1000 1
173 172 1
173 174 1
173 178 1
173 180 1
173 573 1
174 1000 1
174 173 1
174 175 1
174 623 1
174 180 1
174 182 1
175 485 1
175 171 1
175 174 1
175 623 1
175 177 1
175 182 1
176 483 1
176 166 1
176 167 1
176 171 1
176 172 1
176 478 1
177 482 1
177 485 1
177 168 1
177 169 1
177 171 1
177 175 1
178 575 1
178 172 1
178 173 1
178 179 1
178 181 1
178 573 1
179 575 1
179 1002 1
179 178 1
179 180 1
179 181 1
179 183 1
180 1000 1
180 1002 1
180 173 1
180 174 1
180 179 1
180 183 1
181 575 1
181 159 1
181 165 1
181 178 1
181 179 1
181 570 1
182 616 1
182 169 1
182 170 1
182 174 1
182 175 1
182 623 1
183 1002 1
183 179 1
183 180 1
183 948 1
183 184 1
183 185 1
184 164 1
184 165 1
184 941 1
184 948 1
184 183 1
184 185 1
185 163 1
185 164 1
185 942 1
185 948 1
185 183 1
185 184 1
186 191 1
186 192 1
186 194 1
186 912 1
186 187 1
186 1086 1
187 194 1
187 912 1
187 209 1
187 186 1
187 188 1
187 445 1
188 445 1
188 209 1
188 210 1
188 218 1
188 187 1
188 189 1
189 210 1
189 215 1
189 217 1
189 218 1
189 188 1
189 190 1
190 191 1
190 202 1
190 1008 1
190 215 1
190 217 1
190 189 1
191 192 1
191 190 1
191 202 1
191 1008 1
191 186 1
191 1086 1
192 191 1
192 1088 1
192 193 1
192 197 1
192 186 1
192 1086 1
193 1088 1
193 192 1
193 194 1
193 196 1
193 197 1
193 916 1
194 193 1
194 196 1
194 912 1
194 916 1
194 186 1
194 187 1
195 895 1
195 196 1
195 838 1
195 199 1
195 204 1
195 208 1
196 895 1
196 193 1
196 194 1
196 195 1
196 204 1
196 916 1
197 1088 1
197 193 1
197 770 1
197 192 1
197 198 1
197 201 1
198 770 1
198 771 1
198 197 1
198 199 1
198 201 1
198 211 1
199 195 1
199 771 1
199 838 1
199 198 1
199 208 1
199 211 1
200 769 1
200 201 1
200 203 1
200 238 1
200 211 1
200 213 1
201 769 1
201 770 1
201 197 1
201 198 1
201 200 1
201 211 1
202 191 1
202 223 1
202 203 1
202 1008 1
202 215 1
202 190 1
203 223 1
203 200 1
203 202 1
203 238 1
203 213 1
203 215 1
204 895 1
204 195 1
204 196 1
204 453 1
204 205 1
204 209 1
205 227 1
205 453 1
205 204 1
205 206 1
205 209 1
205 210 1
206 227 1
206 235 1
206 205 1
206 207 1
206 210 1
206 214 1
207 726 1
207 235 1
207 206 1
207 208 1
207 212 1
207 214 1
208 195 1
208 838 1
208 199 1
208 207 1
208 212 1
208 726 1
209 453 1
209 204 1
209 205 1
209 187 1
209 188 1
209 445 1
210 227 1
210 205 1
210 206 1
210 218 1
210 188 1
210 189 1
211 769 1
211 771 1
211 198 1
211 199 1
211 200 1
211 201 1
212 234 1
212 207 1
212 208 1
212 213 1
212 726 1
212 214 1
213 200 1
213 234 1
213 203 1
213 238 1
213 212 1
213 214 1
214 234 1
214 235 1
214 206 1
214 207 1
214 212 1
214 213 1
215 223 1
215 202 1
215 203 1
215 217 1
215 189 1
215 190 1
216 232 1
216 1004 1
216 596 1
216 217 1
216 220 1
216 222 1
217 222 1
217 1004 1
217 215 1
217 216 1
217 189 1
217 190 1
218 448 1
218 228 1
218 210 1
218 219 1
218 188 1
218 189 1
219 448 1
219 228 1
219 580 1
219 241 1
219 218 1
219 220 1
220 580 1
220 232 1
220 241 1
220 596 1
220 216 1
220 219 1
221 224 1
221 231 1
221 234 1
221 722 1
221 730 1
221 222 1
222 231 1
222 1004 1
222 216 1
222 217 1
222 730 1
222 221 1
223 224 1
223 832 1
223 202 1
223 203 1
223 238 1
223 215 1
224 223 1
224 832 1
224 234 1
224 238 1
224 722 1
224 221 1
225 226 1
225 229 1
225 457 1
225 236 1
225 461 1
225 240 1
226 225 1
226 227 1
226 454 1
226 457 1
226 235 1
226 236 1
227 226 1
227 454 1
227 235 1
227 205 1
227 206 1
227 210 1
228 448 1
228 229 1
228 464 1
228 241 1
228 218 1
228 219 1
229 225 1
229 228 1
229 461 1
229 240 1
229 241 1
229 464 1
230 231 1
230 681 1
230 233 1
230 237 1
230 239 1
230 690 1
231 230 1
231 681 1
231 237 1
231 730 1
231 221 1
231 222 1
232 604 1
232 233 1
232 240 1
232 596 1
232 216 1
232 220 1
233 230 1
233 232 1
233 239 1
233 240 1
233 690 1
233 604 1
234 224 1
234 722 1
234 212 1
234 213 1
234 214 1
234 221 1
235 226 1
235 227 1
235 454 1
235 206 1
235 207 1
235 214 1
236 225 1
236 226 1
236 457 1
236 682 1
236 237 1
236 239 1
237 230 1
237 231 1
237 681 1
237 682 1
237 236 1
237 239 1
238 223 1
238 224 1
238 832 1
238 200 1
238 203 1
238 213 1
239 230 1
239 233 1
239 682 1
239 236 1
239 237 1
239 690 1
240 225 1
240 229 1
240 232 1
240 233 1
240 461 1
240 604 1
241 580 1
241 228 1
241 229 1
241 464 1
241 219 1
241 220 1
242 706 1
242 682 1
242 267 1
242 243 1
242 252 1
242 254 1
243 353 1
243 682 1
243 242 1
243 244 1
243 253 1
243 254 1
244 353 1
244 336 1
244 243 1
244 245 1
244 279 1
244 253 1
245 643 1
245 336 1
245 244 1
245 246 1
245 279 1
245 280 1
246 643 1
246 715 1
246 245 1
246 247 1
246 280 1
246 282 1
247 707 1
247 715 1
247 246 1
247 248 1
247 282 1
247 284 1
248 707 1
248 711 1
248 247 1
248 249 1
248 283 1
248 284 1
249 711 1
249 721 1
249 274 1
249 248 1
249 250 1
249 283 1
250 721 1
250 274 1
250 569 1
250 275 1
250 249 1
250 251 1
251 558 1
251 275 1
251 569 1
251 250 1
251 252 1
251 286 1
252 706 1
252 267 1
252 558 1
252 242 1
252 251 1
252 286 1
253 353 1
253 259 1
253 337 1
253 243 1
253 244 1
253 279 1
254 255 1
254 677 1
254 682 1
254 268 1
254 242 1
254 243 1
255 256 1
255 677 1
255 268 1
255 685 1
255 269 1
255 254 1
256 255 1
256 257 1
256 519 1
256 264 1
256 685 1
256 269 1
257 256 1
257 258 1
257 519 1
257 264 1
257 265 1
257 537 1
258 257 1
258 259 1
258 265 1
258 537 1
258 633 1
258 281 1
259 258 1
259 337 1
259 633 1
259 279 1
259 281 1
259 253 1
260 261 1
260 266 1
260 282 1
260 280 1
260 538 1
260 542 1
261 260 1
261 262 1
261 404 1
261 277 1
261 282 1
261 542 1
262 261 1
262 263 1
262 399 1
262 273 1
262 404 1
262 277 1
263 515 1
263 262 1
263 264 1
263 399 1
263 272 1
263 273 1
264 256 1
264 257 1
264 515 1
264 519 1
264 263 1
264 272 1
265 257 1
265 258 1
265 281 1
265 266 1
265 537 1
265 539 1
266 260 1
266 265 1
266 280 1
266 281 1
266 538 1
266 539 1
267 706 1
267 268 1
267 270 1
267 242 1
267 726 1
267 252 1
268 255 1
268 677 1
268 267 1
268 270 1
268 726 1
268 254 1
269 255 1
269 256 1
269 834 1
269 685 1
269 271 1
269 272 1
270 836 1
270 267 1
270 268 1
270 271 1
270 276 1
270 726 1
271 834 1
271 836 1
271 269 1
271 270 1
271 272 1
271 276 1
272 834 1
272 515 1
272 263 1
272 264 1
272 269 1
272 271 1
273 262 1
273 263 1
273 399 1
273 274 1
273 278 1
273 412 1
274 273 1
274 721 1
274 278 1
274 249 1
274 250 1
274 412 1
275 557 1
275 276 1
275 569 1
275 250 1
275 251 1
275 286 1
276 836 1
276 557 1
276 270 1
276 271 1
276 275 1
276 286 1
277 261 1
277 262 1
277 432 1
277 404 1
277 278 1
277 285 1
278 432 1
278 273 1
278 274 1
278 277 1
278 412 1
278 285 1
279 259 1
279 336 1
279 337 1
279 244 1
279 245 1
279 253 1
280 643 1
280 260 1
280 266 1
280 245 1
280 246 1
280 538 1
281 258 1
281 259 1
281 265 1
281 266 1
281 633 1
281 539 1
282 260 1
282 261 1
282 715 1
282 246 1
282 247 1
282 542 1
283 997 1
283 711 1
283 248 1
283 249 1
283 284 1
283 285 1
284 707 1
284 997 1
284 247 1
284 248 1
284 283 1
284 285 1
285 997 1
285 432 1
285 277 1
285 278 1
285 283 1
285 284 1
286 557 1
286 558 1
286 275 1
286 276 1
286 251 1
286 252 1
287 288 1
287 960 1
287 994 1
287 293 1
287 317 1
287 318 1
288 287 1
288 289 1
288 994 1
288 993 1
288 303 1
288 317 1
289 288 1
289 993 1
289 290 1
289 1130 1
289 300 1
289 303 1
290 289 1
290 291 1
290 294 1
290 1130 1
290 300 1
290 1138 1
291 800 1
291 290 1
291 292 1
291 294 1
291 299 1
291 1138 1
292 799 1
292 800 1
292 291 1
292 323 1
292 293 1
292 299 1
293 287 1
293 960 1
293 799 1
293 323 1
293 292 1
293 318 1
294 290 1
294 291 1
294 295 1
294 1138 1
294 1139 1
294 312 1
295 320 1
295 294 1
295 296 1
295 1133 1
295 1139 1
295 312 1
296 319 1
296 320 1
296 612 1
296 295 1
296 297 1
296 1133 1
297 319 1
297 321 1
297 612 1
297 296 1
297 298 1
297 381 1
298 321 1
298 322 1
298 297 1
298 299 1
298 380 1
298 381 1
299 800 1
299 322 1
299 291 1
299 292 1
299 298 1
299 380 1
300 289 1
300 290 1
300 134 1
300 1130 1
300 113 1
300 114 1
301 128 1
301 302 1
301 112 1
301 113 1
301 306 1
301 955 1
302 301 1
302 303 1
302 305 1
302 306 1
302 955 1
302 956 1
303 288 1
303 289 1
303 993 1
303 302 1
303 305 1
303 956 1
304 311 1
304 305 1
304 951 1
304 953 1
304 317 1
304 318 1
305 302 1
305 303 1
305 304 1
305 951 1
305 956 1
305 317 1
306 811 1
306 301 1
306 302 1
306 307 1
306 313 1
306 955 1
307 615 1
307 811 1
307 306 1
307 308 1
307 313 1
307 314 1
308 321 1
308 386 1
308 615 1
308 307 1
308 309 1
308 314 1
309 321 1
309 322 1
309 386 1
309 394 1
309 308 1
309 310 1
310 322 1
310 323 1
310 807 1
310 394 1
310 309 1
310 311 1
311 323 1
311 807 1
311 304 1
311 310 1
311 953 1
311 318 1
312 131 1
312 132 1
312 134 1
312 295 1
312 294 1
312 1139 1
313 128 1
313 129 1
313 133 1
313 811 1
313 306 1
313 307 1
314 319 1
314 614 1
314 615 1
314 307 1
314 308 1
314 315 1
315 319 1
315 320 1
315 614 1
315 814 1
315 314 1
315 316 1
316 320 1
316 130 1
316 132 1
316 133 1
316 814 1
316 315 1
317 287 1
317 288 1
317 994 1
317 304 1
317 305 1
317 951 1
318 287 1
318 960 1
318 293 1
318 304 1
318 311 1
318 953 1
319 612 1
319 614 1
319 296 1
319 297 1
319 314 1
319 315 1
320 295 1
320 296 1
320 1133 1
320 814 1
320 315 1
320 316 1
321 386 1
321 297 1
321 298 1
321 308 1
321 309 1
321 381 1
322 298 1
322 394 1
322 299 1
322 309 1
322 310 1
322 380 1
323 799 1
323 292 1
323 293 1
323 807 1
323 310 1
323 311 1
324 325 1
324 647 1
324 777 1
324 330 1
324 329 1
324 349 1
325 324 1
325 326 1
325 647 1
325 646 1
325 343 1
325 349 1
326 325 1
326 646 1
326 327 1
326 596 1
326 342 1
326 343 1
327 326 1
327 328 1
327 595 1
327 596 1
327 342 1
327 347 1
328 327 1
328 329 1
328 333 1
328 595 1
328 887 1
328 347 1
329 324 1
329 328 1
329 777 1
329 330 1
329 333 1
329 887 1
330 324 1
330 777 1
330 329 1
330 331 1
330 786 1
330 339 1
331 330 1
331 332 1
331 786 1
331 338 1
331 339 1
331 632 1
332 331 1
332 333 1
332 334 1
332 338 1
332 632 1
332 635 1
333 328 1
333 329 1
333 332 1
333 334 1
333 887 1
333 635 1
334 598 1
334 332 1
334 333 1
334 335 1
334 347 1
334 635 1
335 334 1
335 336 1
335 598 1
335 347 1
335 348 1
335 603 1
336 335 1
336 244 1
336 245 1
336 279 1
336 603 1
336 348 1
337 259 1
337 338 1
337 340 1
337 279 1
337 633 1
337 253 1
338 331 1
338 332 1
338 337 1
338 340 1
338 632 1
338 633 1
339 673 1
339 330 1
339 331 1
339 786 1
339 341 1
339 349 1
340 352 1
340 337 1
340 338 1
340 660 1
340 341 1
340 633 1
341 352 1
341 673 1
341 339 1
341 340 1
341 660 1
341 349 1
342 604 1
342 326 1
342 327 1
342 596 1
342 346 1
342 348 1
343 325 1
343 326 1
343 646 1
343 651 1
343 344 1
343 350 1
344 351 1
344 651 1
344 688 1
344 343 1
344 345 1
344 350 1
345 351 1
345 353 1
345 688 1
345 690 1
345 344 1
345 346 1
346 353 1
346 604 1
346 690 1
346 342 1
346 345 1
346 348 1
347 327 1
347 328 1
347 334 1
347 335 1
347 595 1
347 598 1
348 335 1
348 336 1
348 342 1
348 346 1
348 603 1
348 604 1
349 673 1
349 324 1
349 325 1
349 647 1
349 339 1
349 341 1
350 351 1
350 352 1
350 651 1
350 652 1
350 343 1
350 344 1
351 352 1
351 652 1
351 688 1
351 344 1
351 345 1
351 350 1
352 351 1
352 652 1
352 340 1
352 341 1
352 660 1
352 350 1
353 690 1
353 243 1
353 244 1
353 345 1
353 346 1
353 253 1
354 355 1
354 1092 1
354 359 1
354 369 1
354 1044 1
354 373 1
355 354 1
355 356 1
355 368 1
355 369 1
355 1043 1
355 1044 1
356 355 1
356 357 1
356 360 1
356 368 1
356 1043 1
356 1116 1
357 356 1
357 358 1
357 360 1
357 362 1
357 571 1
357 1116 1
358 357 1
358 359 1
358 362 1
358 375 1
358 570 1
358 571 1
359 354 1
359 1092 1
359 358 1
359 373 1
359 375 1
359 570 1
360 356 1
360 357 1
360 361 1
360 366 1
360 821 1
360 1116 1
361 35 1
361 5 1
361 6 1
361 360 1
361 366 1
361 821 1
362 4 1
362 357 1
362 5 1
362 358 1
362 10 1
362 571 1
363 364 1
363 367 1
363 374 1
363 376 1
363 828 1
363 509 1
364 363 1
364 365 1
364 371 1
364 376 1
364 509 1
364 510 1
365 364 1
365 366 1
365 368 1
365 371 1
365 825 1
365 510 1
366 360 1
366 361 1
366 365 1
366 368 1
366 821 1
366 825 1
367 35 1
367 363 1
367 374 1
367 828 1
367 29 1
367 30 1
368 355 1
368 356 1
368 365 1
368 366 1
368 1043 1
368 825 1
369 354 1
369 355 1
369 370 1
369 1044 1
369 372 1
369 1050 1
370 513 1
370 369 1
370 371 1
370 372 1
370 376 1
370 1050 1
371 513 1
371 364 1
371 365 1
371 370 1
371 376 1
371 510 1
372 1093 1
372 369 1
372 370 1
372 373 1
372 374 1
372 1050 1
373 354 1
373 1092 1
373 1093 1
373 359 1
373 372 1
373 374 1
374 1093 1
374 363 1
374 367 1
374 372 1
374 373 1
374 828 1
375 358 1
375 359 1
375 10 1
375 11 1
375 570 1
375 30 1
376 513 1
376 363 1
376 364 1
376 370 1
376 371 1
376 509 1
377 385 1
377 387 1
377 433 1
377 436 1
377 378 1
377 381 1
378 387 1
378 141 1
378 142 1
378 146 1
378 436 1
378 377 1
379 801 1
379 140 1
379 141 1
379 397 1
379 149 1
379 380 1
380 801 1
380 322 1
380 298 1
380 299 1
380 397 1
380 379 1
381 321 1
381 385 1
381 297 1
381 298 1
381 433 1
381 377 1
382 383 1
382 386 1
382 614 1
382 615 1
382 391 1
382 393 1
383 384 1
383 388 1
383 613 1
383 614 1
383 391 1
383 382 1
384 383 1
384 385 1
384 387 1
384 388 1
384 613 1
384 441 1
385 384 1
385 387 1
385 377 1
385 433 1
385 441 1
385 381 1
386 321 1
386 615 1
386 393 1
386 308 1
386 309 1
386 382 1
387 384 1
387 385 1
387 377 1
387 436 1
387 441 1
387 378 1
388 383 1
388 384 1
388 736 1
388 389 1
388 613 1
388 392 1
389 736 1
389 610 1
389 388 1
389 390 1
389 392 1
389 395 1
390 610 1
390 389 1
390 395 1
390 145 1
390 146 1
390 150 1
391 383 1
391 614 1
391 392 1
391 393 1
391 813 1
391 382 1
392 736 1
392 388 1
392 389 1
392 391 1
392 393 1
392 813 1
393 386 1
393 615 1
393 392 1
393 391 1
393 813 1
393 382 1
394 322 1
394 804 1
394 396 1
394 397 1
394 309 1
394 310 1
395 610 1
395 389 1
395 390 1
395 396 1
395 398 1
395 606 1
396 804 1
396 394 1
396 395 1
396 397 1
396 398 1
396 606 1
397 801 1
397 804 1
397 394 1
397 396 1
397 379 1
397 380 1
398 395 1
398 396 1
398 149 1
398 150 1
398 155 1
398 606 1
399 515 1
399 262 1
399 263 1
399 400 1
399 273 1
399 411 1
400 515 1
400 516 1
400 399 1
400 401 1
400 405 1
400 411 1
401 516 1
401 400 1
401 402 1
401 533 1
401 406 1
401 405 1
402 520 1
402 401 1
402 403 1
402 533 1
402 406 1
402 414 1
403 418 1
403 520 1
403 525 1
403 402 1
403 404 1
403 414 1
404 418 1
404 261 1
404 262 1
404 525 1
404 403 1
404 277 1
405 516 1
405 400 1
405 401 1
405 979 1
405 410 1
405 411 1
406 416 1
406 1003 1
406 401 1
406 402 1
406 533 1
406 407 1
407 416 1
407 419 1
407 1003 1
407 1075 1
407 406 1
407 408 1
408 419 1
408 426 1
408 1069 1
408 1075 1
408 407 1
408 409 1
409 426 1
409 1069 1
409 408 1
409 410 1
409 413 1
409 1022 1
410 979 1
410 405 1
410 409 1
410 411 1
410 413 1
410 1022 1
411 515 1
411 399 1
411 400 1
411 979 1
411 405 1
411 410 1
412 999 1
412 431 1
412 273 1
412 274 1
412 278 1
412 413 1
413 999 1
413 431 1
413 409 1
413 410 1
413 412 1
413 1022 1
414 415 1
414 417 1
414 903 1
414 520 1
414 402 1
414 403 1
415 416 1
415 417 1
415 421 1
415 903 1
415 1002 1
415 414 1
416 415 1
416 421 1
416 1002 1
416 1003 1
416 406 1
416 407 1
417 415 1
417 418 1
417 903 1
417 423 1
417 906 1
417 414 1
418 417 1
418 423 1
418 906 1
418 525 1
418 403 1
418 404 1
419 420 1
419 425 1
419 1075 1
419 950 1
419 407 1
419 408 1
420 419 1
420 421 1
420 422 1
420 425 1
420 948 1
420 950 1
421 415 1
421 416 1
421 420 1
421 422 1
421 1002 1
421 948 1
422 420 1
422 421 1
422 424 1
422 428 1
422 946 1
422 948 1
423 417 1
423 418 1
423 1125 1
423 424 1
423 906 1
423 430 1
424 1125 1
424 422 1
424 423 1
424 428 1
424 430 1
424 946 1
425 419 1
425 420 1
425 427 1
425 428 1
425 945 1
425 950 1
426 427 1
426 1069 1
426 429 1
426 1071 1
426 408 1
426 409 1
427 425 1
427 426 1
427 428 1
427 429 1
427 1071 1
427 945 1
428 422 1
428 424 1
428 425 1
428 427 1
428 945 1
428 946 1
429 105 1
429 426 1
429 106 1
429 108 1
429 427 1
429 1071 1
430 1125 1
430 103 1
430 104 1
430 423 1
430 106 1
430 424 1
431 413 1
431 999 1
431 108 1
431 412 1
431 93 1
431 94 1
432 95 1
432 103 1
432 277 1
432 278 1
432 285 1
432 94 1
433 385 1
433 434 1
433 466 1
433 437 1
433 377 1
433 381 1
434 465 1
434 433 1
434 466 1
434 435 1
434 437 1
434 438 1
435 465 1
435 434 1
435 436 1
435 438 1
435 732 1
435 444 1
436 387 1
436 732 1
436 435 1
436 377 1
436 378 1
436 444 1
437 433 1
437 434 1
437 466 1
437 470 1
437 439 1
437 440 1
438 471 1
438 465 1
438 434 1
438 435 1
438 439 1
438 442 1
439 470 1
439 437 1
439 438 1
439 471 1
439 440 1
439 442 1
440 613 1
440 437 1
440 470 1
440 439 1
440 441 1
440 443 1
441 384 1
441 385 1
441 387 1
441 613 1
441 440 1
441 443 1
442 471 1
442 438 1
442 439 1
442 443 1
442 444 1
442 734 1
443 613 1
443 440 1
443 441 1
443 442 1
443 444 1
443 734 1
444 435 1
444 436 1
444 442 1
444 443 1
444 732 1
444 734 1
445 449 1
445 209 1
445 913 1
445 187 1
445 188 1
445 446 1
446 447 1
446 449 1
446 452 1
446 913 1
446 1084 1
446 445 1
447 448 1
447 576 1
447 452 1
447 463 1
447 1084 1
447 446 1
448 447 1
448 576 1
448 228 1
448 463 1
448 218 1
448 219 1
449 450 1
449 453 1
449 913 1
449 893 1
449 445 1
449 446 1
450 449 1
450 451 1
450 453 1
450 456 1
450 893 1
450 894 1
451 450 1
451 452 1
451 456 1
451 459 1
451 1085 1
451 894 1
452 447 1
452 451 1
452 459 1
452 1084 1
452 1085 1
452 446 1
453 449 1
453 450 1
453 204 1
453 205 1
453 209 1
453 893 1
454 226 1
454 227 1
454 706 1
454 455 1
454 457 1
454 235 1
455 706 1
455 454 1
455 456 1
455 713 1
455 458 1
455 457 1
456 450 1
456 451 1
456 455 1
456 713 1
456 458 1
456 894 1
457 225 1
457 226 1
457 706 1
457 454 1
457 455 1
457 236 1
458 455 1
458 456 1
458 713 1
458 460 1
458 462 1
458 594 1
459 451 1
459 452 1
459 583 1
459 460 1
459 463 1
459 1085 1
460 583 1
460 458 1
460 459 1
460 462 1
460 463 1
460 594 1
461 225 1
461 229 1
461 462 1
461 240 1
461 464 1
461 593 1
462 458 1
462 460 1
462 461 1
462 464 1
462 593 1
462 594 1
463 447 1
463 448 1
463 576 1
463 583 1
463 459 1
463 460 1
464 228 1
464 229 1
464 461 1
464 462 1
464 241 1
464 593 1
465 1121 1
465 434 1
465 435 1
465 469 1
465 438 1
465 474 1
466 612 1
466 433 1
466 434 1
466 467 1
466 437 1
466 470 1
467 612 1
467 1133 1
467 466 1
467 468 1
467 470 1
467 473 1
468 1122 1
468 1133 1
468 467 1
468 469 1
468 473 1
468 475 1
469 1121 1
469 1122 1
469 465 1
469 468 1
469 474 1
469 475 1
470 612 1
470 466 1
470 467 1
470 437 1
470 439 1
470 440 1
471 1126 1
471 474 1
471 438 1
471 439 1
471 472 1
471 442 1
472 1124 1
472 1126 1
472 471 1
472 473 1
472 474 1
472 475 1
473 1124 1
473 1133 1
473 467 1
473 468 1
473 472 1
473 475 1
474 1121 1
474 1126 1
474 465 1
474 469 1
474 471 1
474 472 1
475 1122 1
475 1124 1
475 468 1
475 469 1
475 472 1
475 473 1
476 480 1
476 161 1
476 162 1
476 168 1
476 477 1
477 160 1
477 161 1
477 480 1
477 167 1
477 476 1
478 479 1
478 166 1
478 167 1
478 487 1
478 176 1
478 572 1
479 480 1
479 481 1
479 966 1
479 487 1
479 572 1
479 478 1
480 479 1
480 481 1
480 966 1
480 476 1
480 477 1
481 479 1
481 480 1
481 482 1
481 966 1
481 486 1
481 617 1
482 481 1
482 486 1
482 168 1
482 169 1
482 617 1
482 177 1
483 484 1
483 487 1
483 171 1
483 172 1
483 176 1
483 574 1
484 483 1
484 485 1
484 486 1
484 487 1
484 624 1
484 574 1
485 484 1
485 486 1
485 171 1
485 175 1
485 624 1
485 177 1
486 481 1
486 482 1
486 484 1
486 485 1
486 617 1
486 624 1
487 479 1
487 483 1
487 484 1
487 574 1
487 572 1
487 478 1
488 489 1
488 747 1
488 492 1
488 493 1
488 494 1
488 917 1
489 488 1
489 490 1
489 747 1
489 746 1
489 494 1
489 506 1
490 489 1
490 746 1
490 491 1
490 824 1
490 506 1
490 510 1
491 490 1
491 492 1
491 496 1
491 918 1
491 824 1
491 510 1
492 488 1
492 491 1
492 493 1
492 496 1
492 917 1
492 918 1
493 488 1
493 873 1
493 492 1
493 495 1
493 497 1
493 917 1
494 488 1
494 489 1
494 747 1
494 495 1
494 752 1
494 503 1
495 873 1
495 493 1
495 494 1
495 752 1
495 497 1
495 503 1
496 513 1
496 491 1
496 492 1
496 499 1
496 918 1
496 920 1
497 873 1
497 875 1
497 493 1
497 495 1
497 498 1
497 502 1
498 514 1
498 875 1
498 497 1
498 499 1
498 502 1
498 923 1
499 513 1
499 514 1
499 496 1
499 498 1
499 920 1
499 923 1
500 512 1
500 878 1
500 501 1
500 505 1
500 826 1
500 508 1
501 512 1
501 514 1
501 878 1
501 884 1
501 500 1
501 502 1
502 514 1
502 875 1
502 497 1
502 498 1
502 884 1
502 501 1
503 494 1
503 495 1
503 752 1
503 756 1
503 504 1
503 507 1
504 511 1
504 827 1
504 756 1
504 503 1
504 505 1
504 507 1
505 511 1
505 500 1
505 504 1
505 826 1
505 827 1
505 508 1
506 511 1
506 489 1
506 490 1
506 746 1
506 754 1
506 507 1
507 511 1
507 754 1
507 756 1
507 503 1
507 504 1
507 506 1
508 512 1
508 509 1
508 500 1
508 505 1
508 826 1
508 829 1
509 512 1
509 363 1
509 364 1
509 376 1
509 508 1
509 829 1
510 490 1
510 491 1
510 364 1
510 365 1
510 371 1
510 824 1
511 827 1
511 754 1
511 504 1
511 505 1
511 506 1
511 507 1
512 509 1
512 878 1
512 500 1
512 501 1
512 508 1
512 829 1
513 496 1
513 370 1
513 371 1
513 499 1
513 376 1
513 920 1
514 498 1
514 499 1
514 884 1
514 501 1
514 502 1
514 923 1
515 263 1
515 264 1
515 399 1
515 400 1
515 272 1
515 411 1
516 517 1
516 400 1
516 401 1
516 978 1
516 405 1
516 533 1
517 31 1
517 516 1
517 978 1
517 20 1
517 21 1
517 533 1
518 31 1
518 519 1
518 16 1
518 17 1
518 529 1
518 700 1
519 256 1
519 257 1
519 518 1
519 264 1
519 529 1
519 700 1
520 521 1
520 907 1
520 402 1
520 403 1
520 532 1
520 414 1
521 520 1
521 522 1
521 907 1
521 909 1
521 527 1
521 532 1
522 901 1
522 521 1
522 523 1
522 909 1
522 526 1
522 527 1
523 900 1
523 901 1
523 522 1
523 524 1
523 526 1
523 536 1
524 544 1
524 900 1
524 523 1
524 525 1
524 910 1
524 536 1
525 544 1
525 418 1
525 524 1
525 910 1
525 403 1
525 404 1
526 640 1
526 901 1
526 522 1
526 523 1
526 531 1
526 534 1
527 1001 1
527 521 1
527 522 1
527 909 1
527 528 1
527 532 1
528 1001 1
528 15 1
528 16 1
528 527 1
528 20 1
528 532 1
529 704 1
529 518 1
529 519 1
529 530 1
529 537 1
529 700 1
530 704 1
530 529 1
530 531 1
530 629 1
530 537 1
530 539 1
531 640 1
531 526 1
531 530 1
531 629 1
531 534 1
531 539 1
532 520 1
532 521 1
532 1001 1
532 907 1
532 527 1
532 528 1
533 516 1
533 517 1
533 401 1
533 402 1
533 978 1
533 406 1
534 640 1
534 642 1
534 526 1
534 531 1
534 535 1
534 538 1
535 642 1
535 534 1
535 536 1
535 538 1
535 540 1
535 734 1
536 900 1
536 523 1
536 524 1
536 535 1
536 540 1
536 734 1
537 704 1
537 257 1
537 258 1
537 265 1
537 529 1
537 530 1
538 642 1
538 260 1
538 266 1
538 534 1
538 535 1
538 280 1
539 265 1
539 266 1
539 530 1
539 531 1
539 629 1
539 281 1
540 543 1
540 737 1
540 535 1
540 536 1
540 541 1
540 734 1
541 543 1
541 737 1
541 545 1
541 739 1
541 540 1
541 542 1
542 545 1
542 739 1
542 260 1
542 261 1
542 282 1
542 541 1
543 544 1
543 737 1
543 545 1
543 812 1
543 540 1
543 541 1
544 543 1
544 545 1
544 524 1
544 525 1
544 910 1
544 812 1
545 543 1
545 544 1
545 739 1
545 812 1
545 541 1
545 542 1
546 547 1
546 995 1
546 559 1
546 86 1
546 87 1
546 91 1
547 546 1
547 995 1
547 548 1
547 553 1
547 559 1
547 894 1
548 547 1
548 549 1
548 553 1
548 554 1
548 893 1
548 894 1
549 548 1
549 550 1
549 554 1
549 561 1
549 915 1
549 893 1
550 863 1
550 549 1
550 551 1
550 561 1
550 562 1
550 915 1
551 863 1
551 550 1
551 552 1
551 562 1
551 564 1
551 862 1
552 551 1
552 109 1
552 564 1
552 87 1
552 88 1
552 862 1
553 547 1
553 548 1
553 713 1
553 558 1
553 560 1
553 894 1
554 895 1
554 548 1
554 549 1
554 555 1
554 561 1
554 893 1
555 895 1
555 897 1
555 554 1
555 556 1
555 561 1
555 563 1
556 897 1
556 898 1
556 555 1
556 557 1
556 563 1
556 565 1
557 898 1
557 556 1
557 275 1
557 276 1
557 565 1
557 286 1
558 553 1
558 713 1
558 560 1
558 251 1
558 252 1
558 286 1
559 546 1
559 547 1
559 995 1
559 714 1
559 560 1
559 567 1
560 713 1
560 714 1
560 553 1
560 558 1
560 559 1
560 567 1
561 895 1
561 549 1
561 550 1
561 554 1
561 555 1
561 915 1
562 863 1
562 550 1
562 551 1
562 870 1
562 563 1
562 564 1
563 897 1
563 870 1
563 555 1
563 556 1
563 562 1
563 564 1
564 870 1
564 551 1
564 552 1
564 562 1
564 563 1
564 862 1
565 898 1
565 933 1
565 556 1
565 557 1
565 566 1
565 568 1
566 933 1
566 109 1
566 565 1
566 568 1
566 91 1
566 92 1
567 714 1
567 559 1
567 560 1
567 721 1
567 568 1
567 569 1
568 933 1
568 721 1
568 565 1
568 566 1
568 567 1
568 569 1
569 721 1
569 275 1
569 567 1
569 568 1
569 250 1
569 251 1
570 159 1
570 165 1
570 358 1
570 359 1
570 181 1
570 375 1
571 159 1
571 160 1
571 357 1
571 166 1
571 358 1
571 362 1
572 479 1
572 3 1
572 4 1
572 487 1
572 9 1
572 478 1
573 7 1
573 8 1
573 172 1
573 173 1
573 178 1
573 19 1
574 483 1
574 484 1
574 487 1
574 8 1
574 9 1
574 26 1
575 7 1
575 11 1
575 178 1
575 179 1
575 181 1
575 22 1
576 447 1
576 448 1
576 577 1
576 581 1
576 463 1
576 793 1
577 576 1
577 578 1
577 581 1
577 591 1
577 793 1
577 797 1
578 577 1
578 579 1
578 1127 1
578 590 1
578 591 1
578 797 1
579 578 1
579 580 1
579 1127 1
579 590 1
579 592 1
579 595 1
580 579 1
580 592 1
580 241 1
580 595 1
580 219 1
580 220 1
581 576 1
581 577 1
581 582 1
581 806 1
581 585 1
581 793 1
582 961 1
582 581 1
582 806 1
582 583 1
582 585 1
582 586 1
583 961 1
583 582 1
583 586 1
583 459 1
583 460 1
583 463 1
584 805 1
584 585 1
584 588 1
584 589 1
584 591 1
584 605 1
585 581 1
585 805 1
585 582 1
585 584 1
585 806 1
585 591 1
586 961 1
586 582 1
586 583 1
586 712 1
586 587 1
586 594 1
587 712 1
587 586 1
587 588 1
587 593 1
587 594 1
587 599 1
588 584 1
588 587 1
588 589 1
588 593 1
588 599 1
588 605 1
589 584 1
589 588 1
589 590 1
589 592 1
589 597 1
589 605 1
590 578 1
590 579 1
590 1127 1
590 589 1
590 592 1
590 597 1
591 577 1
591 578 1
591 805 1
591 584 1
591 585 1
591 797 1
592 579 1
592 580 1
592 589 1
592 590 1
592 595 1
592 597 1
593 587 1
593 588 1
593 461 1
593 462 1
593 464 1
593 599 1
594 712 1
594 586 1
594 458 1
594 460 1
594 587 1
594 462 1
595 579 1
595 580 1
595 327 1
595 328 1
595 592 1
595 347 1
596 326 1
596 327 1
596 232 1
596 342 1
596 216 1
596 220 1
597 589 1
597 590 1
597 592 1
597 151 1
597 152 1
597 155 1
598 334 1
598 335 1
598 152 1
598 153 1
598 347 1
598 156 1
599 607 1
599 709 1
599 587 1
599 588 1
599 593 1
599 600 1
600 607 1
600 611 1
600 708 1
600 709 1
600 599 1
600 601 1
601 610 1
601 611 1
601 708 1
601 717 1
601 600 1
601 602 1
602 609 1
602 610 1
602 643 1
602 717 1
602 601 1
602 603 1
603 609 1
603 643 1
603 335 1
603 336 1
603 602 1
603 348 1
604 232 1
604 233 1
604 240 1
604 342 1
604 346 1
604 348 1
605 608 1
605 584 1
605 588 1
605 589 1
605 957 1
605 606 1
606 608 1
606 605 1
606 395 1
606 396 1
606 398 1
606 957 1
607 608 1
607 611 1
607 709 1
607 599 1
607 600 1
607 953 1
608 607 1
608 611 1
608 605 1
608 953 1
608 957 1
608 606 1
609 643 1
609 145 1
609 148 1
609 602 1
609 603 1
609 156 1
610 389 1
610 390 1
610 395 1
610 717 1
610 601 1
610 602 1
611 607 1
611 608 1
611 708 1
611 601 1
611 600 1
611 953 1
612 319 1
612 296 1
612 297 1
612 466 1
612 467 1
612 470 1
613 383 1
613 384 1
613 388 1
613 440 1
613 441 1
613 443 1
614 319 1
614 383 1
614 391 1
614 314 1
614 315 1
614 382 1
615 386 1
615 393 1
615 307 1
615 308 1
615 314 1
615 382 1
616 1121 1
616 169 1
616 618 1
616 170 1
616 625 1
616 182 1
617 481 1
617 482 1
617 486 1
617 968 1
617 618 1
617 626 1
618 1121 1
618 616 1
618 968 1
618 617 1
618 625 1
618 626 1
619 899 1
619 904 1
619 620 1
619 622 1
619 623 1
619 625 1
620 904 1
620 619 1
620 908 1
620 621 1
620 623 1
620 624 1
621 902 1
621 620 1
621 908 1
621 622 1
621 624 1
621 626 1
622 899 1
622 902 1
622 619 1
622 621 1
622 625 1
622 626 1
623 904 1
623 619 1
623 620 1
623 174 1
623 175 1
623 182 1
624 484 1
624 485 1
624 486 1
624 620 1
624 621 1
624 908 1
625 1121 1
625 899 1
625 616 1
625 618 1
625 619 1
625 622 1
626 902 1
626 968 1
626 617 1
626 618 1
626 621 1
626 622 1
627 138 1
627 144 1
627 628 1
627 634 1
627 891 1
627 157 1
628 143 1
628 144 1
628 627 1
628 634 1
628 891 1
628 158 1
629 639 1
629 974 1
629 530 1
629 531 1
629 630 1
629 539 1
630 639 1
630 971 1
630 974 1
630 629 1
630 631 1
630 637 1
631 971 1
631 630 1
631 632 1
631 634 1
631 892 1
631 637 1
632 331 1
632 332 1
632 338 1
632 631 1
632 634 1
632 892 1
633 258 1
633 259 1
633 337 1
633 338 1
633 340 1
633 281 1
634 627 1
634 628 1
634 631 1
634 632 1
634 891 1
634 892 1
635 332 1
635 333 1
635 334 1
635 153 1
635 154 1
635 157 1
636 735 1
636 641 1
636 642 1
636 972 1
636 637 1
636 638 1
637 641 1
637 971 1
637 972 1
637 630 1
637 631 1
637 636 1
638 735 1
638 642 1
638 147 1
638 148 1
638 636 1
638 158 1
639 640 1
639 641 1
639 973 1
639 974 1
639 629 1
639 630 1
640 639 1
640 641 1
640 973 1
640 526 1
640 531 1
640 534 1
641 639 1
641 640 1
641 972 1
641 973 1
641 636 1
641 637 1
642 735 1
642 534 1
642 535 1
642 538 1
642 636 1
642 638 1
643 609 1
643 245 1
643 246 1
643 280 1
643 602 1
643 603 1
644 645 1
644 935 1
644 648 1
644 650 1
644 1005 1
644 654 1
645 644 1
645 646 1
645 935 1
645 936 1
645 650 1
645 651 1
646 325 1
646 326 1
646 645 1
646 936 1
646 651 1
646 343 1
647 324 1
647 325 1
647 648 1
647 669 1
647 779 1
647 349 1
648 644 1
648 647 1
648 779 1
648 1005 1
648 654 1
648 669 1
649 650 1
649 938 1
649 652 1
649 653 1
649 686 1
649 655 1
650 644 1
650 645 1
650 935 1
650 649 1
650 938 1
650 653 1
651 645 1
651 646 1
651 936 1
651 343 1
651 344 1
651 350 1
652 351 1
652 352 1
652 649 1
652 686 1
652 655 1
652 350 1
653 649 1
653 650 1
653 938 1
653 654 1
653 1012 1
653 668 1
654 644 1
654 648 1
654 653 1
654 1005 1
654 1012 1
654 668 1
655 649 1
655 652 1
655 686 1
655 656 1
655 695 1
655 670 1
656 671 1
656 655 1
656 657 1
656 695 1
656 697 1
656 670 1
657 671 1
657 674 1
657 656 1
657 658 1
657 697 1
657 698 1
658 674 1
658 676 1
658 657 1
658 659 1
658 698 1
658 702 1
659 705 1
659 675 1
659 676 1
659 658 1
659 660 1
659 702 1
660 352 1
660 705 1
660 675 1
660 659 1
660 340 1
660 341 1
661 673 1
661 787 1
661 789 1
661 662 1
661 667 1
661 669 1
662 661 1
662 789 1
662 663 1
662 1113 1
662 668 1
662 669 1
663 1104 1
663 662 1
663 664 1
663 1113 1
663 668 1
663 670 1
664 672 1
664 1091 1
664 1104 1
664 663 1
664 665 1
664 670 1
665 672 1
665 1091 1
665 1059 1
665 676 1
665 664 1
665 666 1
666 675 1
666 1059 1
666 676 1
666 1060 1
666 665 1
666 667 1
667 673 1
667 675 1
667 1060 1
667 787 1
667 661 1
667 666 1
668 653 1
668 654 1
668 1012 1
668 662 1
668 663 1
668 1113 1
669 647 1
669 648 1
669 779 1
669 661 1
669 662 1
669 789 1
670 695 1
670 655 1
670 656 1
670 1104 1
670 663 1
670 664 1
671 672 1
671 674 1
671 656 1
671 657 1
671 982 1
671 697 1
672 671 1
672 674 1
672 1091 1
672 982 1
672 664 1
672 665 1
673 339 1
673 787 1
673 341 1
673 661 1
673 667 1
673 349 1
674 671 1
674 672 1
674 657 1
674 658 1
674 982 1
674 698 1
675 705 1
675 1060 1
675 659 1
675 660 1
675 666 1
675 667 1
676 1059 1
676 658 1
676 659 1
676 665 1
676 666 1
676 702 1
677 255 1
677 678 1
677 683 1
677 268 1
677 725 1
677 254 1
678 677 1
678 679 1
678 683 1
678 691 1
678 725 1
678 727 1
679 678 1
679 680 1
679 691 1
679 694 1
679 727 1
679 729 1
680 679 1
680 681 1
680 689 1
680 694 1
680 729 1
680 730 1
681 230 1
681 231 1
681 680 1
681 237 1
681 689 1
681 730 1
682 236 1
682 237 1
682 239 1
682 242 1
682 243 1
682 254 1
683 677 1
683 678 1
683 773 1
683 684 1
683 693 1
683 725 1
684 833 1
684 773 1
684 683 1
684 685 1
684 693 1
684 696 1
685 255 1
685 256 1
685 833 1
685 684 1
685 269 1
685 696 1
686 649 1
686 938 1
686 652 1
686 655 1
686 687 1
686 694 1
687 937 1
687 938 1
687 686 1
687 688 1
687 689 1
687 694 1
688 351 1
688 937 1
688 687 1
688 689 1
688 344 1
688 345 1
689 680 1
689 681 1
689 937 1
689 687 1
689 688 1
689 730 1
690 353 1
690 230 1
690 233 1
690 239 1
690 345 1
690 346 1
691 768 1
691 678 1
691 679 1
691 727 1
691 692 1
691 695 1
692 768 1
692 774 1
692 691 1
692 693 1
692 695 1
692 701 1
693 773 1
693 774 1
693 683 1
693 684 1
693 692 1
693 701 1
694 679 1
694 680 1
694 938 1
694 686 1
694 687 1
694 729 1
695 768 1
695 655 1
695 656 1
695 691 1
695 692 1
695 670 1
696 833 1
696 876 1
696 684 1
696 685 1
696 697 1
696 701 1
697 671 1
697 876 1
697 656 1
697 657 1
697 696 1
697 701 1
698 674 1
698 657 1
698 658 1
698 981 1
698 699 1
698 702 1
699 703 1
699 981 1
699 983 1
699 698 1
699 700 1
699 702 1
700 703 1
700 518 1
700 519 1
700 529 1
700 983 1
700 699 1
701 774 1
701 876 1
701 692 1
701 693 1
701 696 1
701 697 1
702 676 1
702 658 1
702 659 1
702 981 1
702 698 1
702 699 1
703 704 1
703 705 1
703 983 1
703 699 1
703 700 1
703 1054 1
704 703 1
704 705 1
704 529 1
704 530 1
704 537 1
704 1054 1
705 703 1
705 704 1
705 675 1
705 659 1
705 660 1
705 1054 1
706 454 1
706 455 1
706 457 1
706 267 1
706 242 1
706 252 1
707 708 1
707 718 1
707 247 1
707 248 1
707 952 1
707 284 1
708 707 1
708 611 1
708 718 1
708 600 1
708 601 1
708 952 1
709 607 1
709 962 1
709 710 1
709 712 1
709 599 1
709 600 1
710 962 1
710 996 1
710 709 1
710 711 1
710 712 1
710 714 1
711 996 1
711 710 1
711 714 1
711 248 1
711 249 1
711 283 1
712 962 1
712 709 1
712 710 1
712 586 1
712 587 1
712 594 1
713 455 1
713 456 1
713 553 1
713 458 1
713 558 1
713 560 1
714 996 1
714 710 1
714 711 1
714 559 1
714 560 1
714 567 1
715 739 1
715 716 1
715 720 1
715 246 1
715 247 1
715 282 1
716 738 1
716 739 1
716 715 1
716 717 1
716 719 1
716 720 1
717 610 1
717 738 1
717 716 1
717 719 1
717 601 1
717 602 1
718 707 1
718 708 1
718 811 1
718 719 1
718 720 1
718 952 1
719 738 1
719 811 1
719 716 1
719 717 1
719 718 1
719 720 1
720 739 1
720 715 1
720 716 1
720 811 1
720 718 1
720 719 1
721 274 1
721 569 1
721 567 1
721 568 1
721 249 1
721 250 1
722 832 1
722 224 1
722 234 1
722 723 1
722 731 1
722 221 1
723 831 1
723 832 1
723 722 1
723 724 1
723 728 1
723 731 1
724 767 1
724 831 1
724 723 1
724 725 1
724 727 1
724 728 1
725 767 1
725 677 1
725 678 1
725 683 1
725 724 1
725 727 1
726 267 1
726 268 1
726 270 1
726 207 1
726 208 1
726 212 1
727 767 1
727 678 1
727 679 1
727 691 1
727 724 1
727 725 1
728 831 1
728 723 1
728 724 1
728 1011 1
728 729 1
728 731 1
729 679 1
729 680 1
729 1011 1
729 694 1
729 728 1
729 731 1
730 231 1
730 680 1
730 681 1
730 689 1
730 221 1
730 222 1
731 832 1
731 722 1
731 723 1
731 1011 1
731 728 1
731 729 1
732 735 1
732 435 1
732 1140 1
732 436 1
732 444 1
732 733 1
733 735 1
733 142 1
733 143 1
733 147 1
733 1140 1
733 732 1
734 540 1
734 535 1
734 536 1
734 442 1
734 443 1
734 444 1
735 642 1
735 636 1
735 1140 1
735 732 1
735 733 1
735 638 1
736 737 1
736 738 1
736 388 1
736 389 1
736 392 1
736 813 1
737 543 1
737 736 1
737 738 1
737 813 1
737 540 1
737 541 1
738 736 1
738 737 1
738 716 1
738 717 1
738 813 1
738 719 1
739 545 1
739 715 1
739 716 1
739 720 1
739 541 1
739 542 1
740 741 1
740 744 1
740 745 1
740 753 1
740 821 1
740 1118 1
741 740 1
741 742 1
741 745 1
741 1100 1
741 749 1
741 1118 1
742 1089 1
742 741 1
742 743 1
742 1100 1
742 749 1
742 758 1
743 1089 1
743 742 1
743 744 1
743 822 1
743 754 1
743 758 1
744 740 1
744 743 1
744 753 1
744 754 1
744 821 1
744 822 1
745 740 1
745 741 1
745 746 1
745 753 1
745 823 1
745 1118 1
746 489 1
746 490 1
746 745 1
746 753 1
746 823 1
746 506 1
747 488 1
747 489 1
747 748 1
747 494 1
747 750 1
747 1019 1
748 747 1
748 749 1
748 750 1
748 757 1
748 1080 1
748 1019 1
749 741 1
749 742 1
749 748 1
749 1100 1
749 757 1
749 1080 1
750 747 1
750 748 1
750 751 1
750 757 1
750 1019 1
750 1020 1
751 874 1
751 750 1
751 752 1
751 755 1
751 757 1
751 1020 1
752 874 1
752 494 1
752 495 1
752 751 1
752 755 1
752 503 1
753 740 1
753 744 1
753 745 1
753 746 1
753 821 1
753 823 1
754 511 1
754 743 1
754 744 1
754 822 1
754 506 1
754 507 1
755 874 1
755 751 1
755 752 1
755 883 1
755 756 1
755 758 1
756 755 1
756 883 1
756 758 1
756 503 1
756 504 1
756 507 1
757 748 1
757 749 1
757 750 1
757 751 1
757 1080 1
757 1020 1
758 1089 1
758 742 1
758 743 1
758 883 1
758 756 1
758 755 1
759 36 1
759 986 1
759 42 1
759 51 1
759 761 1
759 762 1
760 1088 1
760 770 1
760 41 1
760 42 1
760 55 1
760 761 1
761 1088 1
761 770 1
761 986 1
761 759 1
761 760 1
761 762 1
762 991 1
762 759 1
762 761 1
762 986 1
762 765 1
762 766 1
763 774 1
763 881 1
763 51 1
763 52 1
763 54 1
763 764 1
764 768 1
764 992 1
764 774 1
764 881 1
764 763 1
764 765 1
765 991 1
765 768 1
765 992 1
765 762 1
765 764 1
765 766 1
766 991 1
766 767 1
766 769 1
766 831 1
766 762 1
766 765 1
767 831 1
767 769 1
767 724 1
767 725 1
767 727 1
767 766 1
768 992 1
768 691 1
768 692 1
768 695 1
768 764 1
768 765 1
769 767 1
769 831 1
769 200 1
769 201 1
769 211 1
769 766 1
770 1088 1
770 197 1
770 198 1
770 201 1
770 760 1
770 761 1
771 772 1
771 837 1
771 198 1
771 199 1
771 776 1
771 211 1
772 835 1
772 771 1
772 773 1
772 837 1
772 775 1
772 776 1
773 835 1
773 772 1
773 775 1
773 683 1
773 684 1
773 693 1
774 881 1
774 692 1
774 693 1
774 763 1
774 764 1
774 701 1
775 835 1
775 772 1
775 773 1
775 53 1
775 54 1
775 56 1
776 771 1
776 772 1
776 837 1
776 55 1
776 56 1
776 57 1
777 324 1
777 329 1
777 778 1
777 330 1
777 781 1
777 886 1
778 777 1
778 779 1
778 780 1
778 781 1
778 1108 1
778 886 1
779 647 1
779 648 1
779 778 1
779 780 1
779 1108 1
779 669 1
780 778 1
780 779 1
780 785 1
780 1108 1
780 789 1
780 1110 1
781 777 1
781 778 1
781 782 1
781 786 1
781 886 1
781 890 1
782 1058 1
782 781 1
782 783 1
782 786 1
782 788 1
782 890 1
783 1057 1
783 1058 1
783 782 1
783 784 1
783 788 1
783 792 1
784 1057 1
784 1090 1
784 783 1
784 785 1
784 791 1
784 792 1
785 1090 1
785 780 1
785 784 1
785 789 1
785 1110 1
785 791 1
786 330 1
786 331 1
786 781 1
786 782 1
786 339 1
786 890 1
787 673 1
787 1060 1
787 788 1
787 661 1
787 790 1
787 667 1
788 1058 1
788 1060 1
788 782 1
788 783 1
788 787 1
788 790 1
789 780 1
789 785 1
789 661 1
789 662 1
789 1110 1
789 669 1
790 1059 1
790 1060 1
790 787 1
790 788 1
790 791 1
790 792 1
791 1090 1
791 1059 1
791 784 1
791 785 1
791 790 1
791 792 1
792 1057 1
792 1059 1
792 783 1
792 784 1
792 790 1
792 791 1
793 576 1
793 577 1
793 581 1
793 794 1
793 1084 1
793 798 1
794 800 1
794 793 1
794 795 1
794 1084 1
794 798 1
795 800 1
795 802 1
795 1128 1
795 794 1
795 796 1
796 802 1
796 803 1
796 1127 1
796 1128 1
796 795 1
796 797 1
797 577 1
797 578 1
797 803 1
797 1127 1
797 591 1
797 796 1
798 799 1
798 806 1
798 793 1
798 794 1
798 1084 1
798 958 1
799 323 1
799 292 1
799 293 1
799 806 1
799 958 1
799 798 1
800 291 1
800 292 1
800 299 1
800 794 1
800 795 1
801 802 1
801 803 1
801 1129 1
801 397 1
801 379 1
801 380 1
802 801 1
802 803 1
802 1128 1
802 1129 1
802 795 1
802 796 1
803 801 1
803 802 1
803 1127 1
803 1129 1
803 796 1
803 797 1
804 805 1
804 807 1
804 394 1
804 396 1
804 397 1
804 957 1
805 804 1
805 807 1
805 584 1
805 585 1
805 591 1
805 957 1
806 799 1
806 581 1
806 582 1
806 585 1
806 958 1
806 798 1
807 323 1
807 804 1
807 805 1
807 310 1
807 311 1
807 957 1
808 809 1
808 906 1
808 812 1
808 910 1
808 816 1
808 820 1
809 1125 1
809 808 1
809 810 1
809 906 1
809 818 1
809 820 1
810 129 1
810 1125 1
810 809 1
810 818 1
810 120 1
810 121 1
811 718 1
811 719 1
811 720 1
811 306 1
811 307 1
811 313 1
812 543 1
812 544 1
812 545 1
812 808 1
812 910 1
812 816 1
813 736 1
813 737 1
813 738 1
813 391 1
813 392 1
813 393 1
814 320 1
814 1124 1
814 815 1
814 819 1
814 315 1
814 316 1
815 1124 1
815 905 1
815 814 1
815 816 1
815 819 1
815 820 1
816 808 1
816 905 1
816 812 1
816 910 1
816 815 1
816 820 1
817 130 1
817 1123 1
817 818 1
817 819 1
817 119 1
817 120 1
818 1123 1
818 1125 1
818 809 1
818 810 1
818 817 1
818 819 1
819 1123 1
819 1124 1
819 814 1
819 815 1
819 817 1
819 818 1
820 808 1
820 809 1
820 906 1
820 905 1
820 815 1
820 816 1
821 740 1
821 360 1
821 361 1
821 744 1
821 366 1
821 753 1
822 0 1
822 6 1
822 743 1
822 744 1
822 754 1
822 25 1
823 745 1
823 746 1
823 753 1
823 1047 1
823 824 1
823 825 1
824 490 1
824 491 1
824 823 1
824 1047 1
824 825 1
824 510 1
825 365 1
825 366 1
825 368 1
825 823 1
825 824 1
825 1047 1
826 877 1
826 500 1
826 505 1
826 827 1
826 508 1
826 830 1
827 511 1
827 877 1
827 504 1
827 505 1
827 826 1
827 830 1
828 34 1
828 363 1
828 367 1
828 374 1
828 28 1
828 29 1
829 32 1
829 33 1
829 34 1
829 512 1
829 508 1
829 509 1
830 32 1
830 877 1
830 24 1
830 25 1
830 826 1
830 827 1
831 767 1
831 769 1
831 723 1
831 724 1
831 728 1
831 766 1
832 223 1
832 224 1
832 238 1
832 722 1
832 723 1
832 731 1
833 834 1
833 835 1
833 684 1
833 685 1
833 879 1
833 696 1
834 833 1
834 835 1
834 269 1
834 271 1
834 272 1
834 879 1
835 833 1
835 834 1
835 772 1
835 773 1
835 775 1
835 879 1
836 896 1
836 837 1
836 838 1
836 270 1
836 271 1
836 276 1
837 896 1
837 771 1
837 836 1
837 772 1
837 838 1
837 776 1
838 896 1
838 195 1
838 836 1
838 837 1
838 199 1
838 208 1
839 840 1
839 939 1
839 843 1
839 1136 1
839 852 1
839 855 1
840 839 1
840 841 1
840 844 1
840 1135 1
840 1136 1
840 855 1
841 63 1
841 64 1
841 68 1
841 840 1
841 844 1
841 1135 1
842 63 1
842 843 1
842 940 1
842 83 1
842 853 1
842 62 1
843 839 1
843 842 1
843 939 1
843 940 1
843 852 1
843 853 1
844 840 1
844 841 1
844 1130 1
844 845 1
844 1135 1
844 848 1
845 1097 1
845 1130 1
845 844 1
845 846 1
845 847 1
845 848 1
846 68 1
846 69 1
846 1097 1
846 845 1
846 847 1
846 81 1
847 1097 1
847 845 1
847 110 1
847 846 1
847 115 1
847 123 1
848 1130 1
848 844 1
848 845 1
848 114 1
848 115 1
848 125 1
849 81 1
849 850 1
849 82 1
849 83 1
849 853 1
849 949 1
850 849 1
850 853 1
850 949 1
850 122 1
850 123 1
850 124 1
851 854 1
851 943 1
851 852 1
851 117 1
851 118 1
851 124 1
852 839 1
852 939 1
852 843 1
852 943 1
852 851 1
852 854 1
853 842 1
853 843 1
853 940 1
853 849 1
853 850 1
853 949 1
854 943 1
854 851 1
854 852 1
854 118 1
854 119 1
854 126 1
855 131 1
855 839 1
855 840 1
855 1136 1
855 125 1
855 126 1
856 865 1
856 1034 1
856 857 1
856 859 1
856 860 1
857 865 1
857 866 1
857 1034 1
857 1014 1
857 856 1
857 858 1
858 866 1
858 1013 1
858 1014 1
858 857 1
858 859 1
858 861 1
859 1013 1
859 856 1
859 858 1
859 860 1
859 861 1
860 863 1
860 864 1
860 856 1
860 1114 1
860 859 1
861 869 1
861 1013 1
861 858 1
861 859 1
861 925 1
861 862 1
862 869 1
862 551 1
862 552 1
862 861 1
862 564 1
862 925 1
863 864 1
863 550 1
863 551 1
863 562 1
863 1114 1
863 860 1
864 863 1
864 865 1
864 868 1
864 1037 1
864 1114 1
864 860 1
865 864 1
865 868 1
865 1034 1
865 1037 1
865 856 1
865 857 1
866 930 1
866 867 1
866 869 1
866 1014 1
866 857 1
866 858 1
867 866 1
867 930 1
867 868 1
867 869 1
867 932 1
867 870 1
868 864 1
868 865 1
868 867 1
868 932 1
868 870 1
868 1037 1
869 866 1
869 867 1
869 930 1
869 925 1
869 861 1
869 862 1
870 867 1
870 868 1
870 932 1
870 562 1
870 563 1
870 564 1
871 872 1
871 874 1
871 880 1
871 882 1
871 1020 1
871 990 1
872 871 1
872 47 1
872 880 1
872 49 1
872 52 1
872 990 1
873 43 1
873 44 1
873 493 1
873 47 1
873 495 1
873 497 1
874 871 1
874 751 1
874 752 1
874 882 1
874 755 1
874 1020 1
875 43 1
875 46 1
875 497 1
875 498 1
875 53 1
875 502 1
876 877 1
876 883 1
876 982 1
876 696 1
876 697 1
876 701 1
877 876 1
877 883 1
877 982 1
877 826 1
877 827 1
877 830 1
878 512 1
878 879 1
878 979 1
878 500 1
878 501 1
878 884 1
879 833 1
879 834 1
879 835 1
879 878 1
879 979 1
879 884 1
880 871 1
880 872 1
880 881 1
880 882 1
880 988 1
880 990 1
881 774 1
881 988 1
881 880 1
881 882 1
881 763 1
881 764 1
882 871 1
882 874 1
882 988 1
882 880 1
882 881 1
882 1020 1
883 876 1
883 877 1
883 982 1
883 755 1
883 756 1
883 758 1
884 514 1
884 878 1
884 879 1
884 979 1
884 501 1
884 502 1
885 1142 1
885 886 1
885 1143 1
885 888 1
885 889 1
885 891 1
886 777 1
886 778 1
886 781 1
886 885 1
886 1142 1
886 889 1
887 328 1
887 136 1
887 137 1
887 329 1
887 333 1
887 154 1
888 135 1
888 136 1
888 138 1
888 885 1
888 1143 1
888 891 1
889 1142 1
889 885 1
889 886 1
889 890 1
889 1115 1
889 892 1
890 781 1
890 782 1
890 786 1
890 889 1
890 1115 1
890 892 1
891 627 1
891 628 1
891 885 1
891 1143 1
891 888 1
891 634 1
892 890 1
892 631 1
892 632 1
892 889 1
892 634 1
892 1115 1
893 449 1
893 450 1
893 548 1
893 549 1
893 453 1
893 554 1
894 450 1
894 451 1
894 547 1
894 548 1
894 456 1
894 553 1
895 195 1
895 196 1
895 554 1
895 555 1
895 204 1
895 561 1
896 897 1
896 898 1
896 836 1
896 837 1
896 838 1
896 934 1
897 896 1
897 898 1
897 934 1
897 555 1
897 556 1
897 563 1
898 896 1
898 897 1
898 934 1
898 556 1
898 557 1
898 565 1
899 900 1
899 1126 1
899 905 1
899 619 1
899 622 1
899 625 1
900 899 1
900 1126 1
900 905 1
900 523 1
900 524 1
900 536 1
901 902 1
901 522 1
901 523 1
901 973 1
901 526 1
901 911 1
902 901 1
902 621 1
902 622 1
902 911 1
902 973 1
902 626 1
903 415 1
903 417 1
903 904 1
903 1000 1
903 907 1
903 414 1
904 903 1
904 1000 1
904 907 1
904 619 1
904 620 1
904 623 1
905 899 1
905 900 1
905 1126 1
905 815 1
905 816 1
905 820 1
906 417 1
906 418 1
906 423 1
906 808 1
906 809 1
906 820 1
907 903 1
907 520 1
907 521 1
907 904 1
907 1000 1
907 532 1
908 620 1
908 621 1
908 909 1
908 911 1
908 624 1
908 976 1
909 521 1
909 522 1
909 908 1
909 527 1
909 976 1
909 911 1
910 544 1
910 808 1
910 524 1
910 525 1
910 812 1
910 816 1
911 901 1
911 902 1
911 908 1
911 973 1
911 909 1
911 976 1
912 194 1
912 913 1
912 914 1
912 186 1
912 187 1
913 449 1
913 912 1
913 914 1
913 445 1
913 446 1
914 912 1
914 913 1
914 915 1
914 916 1
914 1114 1
915 549 1
915 550 1
915 561 1
915 914 1
915 916 1
915 1114 1
916 193 1
916 194 1
916 196 1
916 914 1
916 915 1
916 1114 1
917 38 1
917 39 1
917 488 1
917 44 1
917 492 1
917 493 1
918 491 1
918 492 1
918 1038 1
918 496 1
918 919 1
918 922 1
919 39 1
919 40 1
919 45 1
919 1038 1
919 918 1
919 922 1
920 1023 1
920 513 1
920 496 1
920 499 1
920 921 1
920 923 1
921 1023 1
921 1030 1
921 920 1
921 922 1
921 923 1
921 924 1
922 1030 1
922 1038 1
922 918 1
922 919 1
922 921 1
922 924 1
923 1023 1
923 514 1
923 498 1
923 499 1
923 920 1
923 921 1
924 922 1
924 1030 1
924 45 1
924 46 1
924 921 1
924 58 1
925 66 1
925 67 1
925 869 1
925 70 1
925 861 1
925 862 1
926 927 1
926 929 1
926 930 1
926 1026 1
926 931 1
926 1016 1
927 930 1
927 70 1
927 71 1
927 75 1
927 1016 1
927 926 1
928 929 1
928 933 1
928 999 1
928 107 1
928 92 1
928 93 1
929 928 1
929 1026 1
929 931 1
929 933 1
929 999 1
929 926 1
930 927 1
930 866 1
930 867 1
930 869 1
930 1016 1
930 926 1
931 929 1
931 1026 1
931 932 1
931 934 1
931 1031 1
931 926 1
932 931 1
932 867 1
932 868 1
932 870 1
932 1031 1
932 934 1
933 928 1
933 929 1
933 999 1
933 565 1
933 566 1
933 568 1
934 896 1
934 897 1
934 898 1
934 931 1
934 932 1
934 1031 1
935 644 1
935 645 1
935 936 1
935 937 1
935 650 1
935 1004 1
936 645 1
936 646 1
936 935 1
936 937 1
936 651 1
936 1004 1
937 935 1
937 936 1
937 1004 1
937 687 1
937 688 1
937 689 1
938 649 1
938 650 1
938 653 1
938 686 1
938 687 1
938 694 1
939 1119 1
939 839 1
939 843 1
939 942 1
939 947 1
939 852 1
940 1065 1
940 842 1
940 843 1
940 941 1
940 853 1
940 950 1
941 164 1
941 165 1
941 1065 1
941 940 1
941 950 1
941 184 1
942 1119 1
942 163 1
942 164 1
942 939 1
942 947 1
942 185 1
943 1123 1
943 946 1
943 947 1
943 851 1
943 852 1
943 854 1
944 945 1
944 1076 1
944 116 1
944 117 1
944 949 1
944 122 1
945 425 1
945 427 1
945 428 1
945 944 1
945 1076 1
945 949 1
946 1123 1
946 422 1
946 424 1
946 428 1
946 943 1
946 947 1
947 1119 1
947 1123 1
947 939 1
947 942 1
947 943 1
947 946 1
948 420 1
948 421 1
948 422 1
948 183 1
948 184 1
948 185 1
949 944 1
949 945 1
949 849 1
949 850 1
949 1076 1
949 853 1
950 419 1
950 420 1
950 425 1
950 1065 1
950 940 1
950 941 1
951 997 1
951 304 1
951 305 1
951 952 1
951 954 1
951 317 1
952 707 1
952 708 1
952 997 1
952 718 1
952 951 1
952 954 1
953 607 1
953 608 1
953 611 1
953 304 1
953 311 1
953 318 1
954 997 1
954 998 1
954 951 1
954 952 1
954 955 1
954 956 1
955 998 1
955 301 1
955 302 1
955 306 1
955 954 1
955 956 1
956 998 1
956 302 1
956 303 1
956 305 1
956 954 1
956 955 1
957 608 1
957 804 1
957 805 1
957 807 1
957 605 1
957 606 1
958 799 1
958 959 1
958 961 1
958 806 1
958 1085 1
958 798 1
959 960 1
959 961 1
959 962 1
959 1042 1
959 1085 1
959 958 1
960 287 1
960 959 1
960 962 1
960 293 1
960 1042 1
960 318 1
961 959 1
961 582 1
961 583 1
961 586 1
961 1085 1
961 958 1
962 959 1
962 960 1
962 709 1
962 710 1
962 712 1
962 1042 1
963 2 1
963 3 1
963 964 1
963 13 1
963 975 1
963 1051 1
964 1056 1
964 963 1
964 965 1
964 969 1
964 975 1
964 1051 1
965 1056 1
965 964 1
965 966 1
965 967 1
965 969 1
965 1144 1
966 479 1
966 480 1
966 481 1
966 965 1
966 967 1
966 1144 1
967 965 1
967 966 1
967 968 1
967 972 1
967 1140 1
967 1144 1
968 967 1
968 617 1
968 618 1
968 972 1
968 626 1
968 1140 1
969 1056 1
969 964 1
969 965 1
969 970 1
969 975 1
969 1052 1
970 1055 1
970 969 1
970 971 1
970 974 1
970 975 1
970 1052 1
971 1055 1
971 970 1
971 974 1
971 630 1
971 631 1
971 637 1
972 641 1
972 967 1
972 968 1
972 1140 1
972 636 1
972 637 1
973 639 1
973 640 1
973 641 1
973 901 1
973 902 1
973 911 1
974 639 1
974 1055 1
974 970 1
974 971 1
974 629 1
974 630 1
975 963 1
975 964 1
975 969 1
975 970 1
975 1051 1
975 1052 1
976 908 1
976 13 1
976 14 1
976 911 1
976 909 1
976 26 1
977 33 1
977 1003 1
977 978 1
977 984 1
977 27 1
977 28 1
978 516 1
978 517 1
978 1003 1
978 977 1
978 533 1
978 984 1
979 878 1
979 879 1
979 884 1
979 405 1
979 410 1
979 411 1
980 17 1
980 18 1
980 981 1
980 983 1
980 24 1
980 1053 1
981 980 1
981 983 1
981 698 1
981 699 1
981 1053 1
981 702 1
982 671 1
982 672 1
982 674 1
982 876 1
982 877 1
982 883 1
983 703 1
983 980 1
983 981 1
983 699 1
983 700 1
983 1053 1
984 1003 1
984 977 1
984 978 1
984 21 1
984 22 1
984 27 1
985 36 1
985 37 1
985 50 1
985 1078 1
985 987 1
985 989 1
986 991 1
986 1087 1
986 759 1
986 761 1
986 762 1
986 987 1
987 991 1
987 1087 1
987 1078 1
987 985 1
987 986 1
987 989 1
988 992 1
988 880 1
988 881 1
988 882 1
988 1082 1
988 989 1
989 992 1
989 1078 1
989 985 1
989 1082 1
989 987 1
989 988 1
990 871 1
990 872 1
990 48 1
990 49 1
990 50 1
990 880 1
991 1087 1
991 986 1
991 762 1
991 987 1
991 765 1
991 766 1
992 768 1
992 764 1
992 989 1
992 1082 1
992 988 1
992 765 1
993 288 1
993 289 1
993 303 1
993 85 1
993 86 1
993 90 1
994 287 1
994 288 1
994 995 1
994 996 1
994 1042 1
994 317 1
995 546 1
995 547 1
995 996 1
995 994 1
995 559 1
995 1042 1
996 994 1
996 995 1
996 710 1
996 711 1
996 714 1
996 1042 1
997 951 1
997 952 1
997 954 1
997 283 1
997 284 1
997 285 1
998 127 1
998 111 1
998 112 1
998 954 1
998 955 1
998 956 1
999 928 1
999 929 1
999 933 1
999 431 1
999 412 1
999 413 1
1000 903 1
1000 904 1
1000 907 1
1000 173 1
1000 174 1
1000 180 1
1001 14 1
1001 15 1
1001 527 1
1001 528 1
1001 19 1
1001 532 1
1002 415 1
1002 416 1
1002 421 1
1002 179 1
1002 180 1
1002 183 1
1003 416 1
1003 977 1
1003 978 1
1003 406 1
1003 407 1
1003 984 1
1004 935 1
1004 936 1
1004 937 1
1004 216 1
1004 217 1
1004 222 1
1005 644 1
1005 648 1
1005 654 1
1005 1006 1
1005 1107 1
1005 1012 1
1006 1005 1
1006 1007 1
1006 1009 1
1006 1107 1
1006 1012 1
1006 1141 1
1007 1006 1
1007 1008 1
1007 1009 1
1007 1010 1
1007 1141 1
1007 1086 1
1008 191 1
1008 202 1
1008 1007 1
1008 1010 1
1008 1086 1
1008 190 1
1009 1087 1
1009 1006 1
1009 1007 1
1009 1010 1
1009 1011 1
1009 1141 1
1010 1087 1
1010 1007 1
1010 1008 1
1010 1009 1
1010 1011 1
1010 1086 1
1011 1087 1
1011 1009 1
1011 1010 1
1011 728 1
1011 729 1
1011 731 1
1012 1005 1
1012 653 1
1012 654 1
1012 1006 1
1012 1107 1
1012 668 1
1013 64 1
1013 67 1
1013 858 1
1013 859 1
1013 60 1
1013 861 1
1014 866 1
1014 1018 1
1014 1033 1
1014 1015 1
1014 857 1
1014 858 1
1015 72 1
1015 1033 1
1015 1014 1
1015 1018 1
1015 60 1
1015 61 1
1016 927 1
1016 930 1
1016 1039 1
1016 1017 1
1016 1018 1
1016 926 1
1017 71 1
1017 72 1
1017 74 1
1017 1039 1
1017 1016 1
1017 1018 1
1018 1033 1
1018 1039 1
1018 1014 1
1018 1015 1
1018 1016 1
1018 1017 1
1019 37 1
1019 38 1
1019 747 1
1019 748 1
1019 750 1
1019 48 1
1020 871 1
1020 874 1
1020 750 1
1020 751 1
1020 882 1
1020 757 1
1021 1024 1
1021 1025 1
1021 1027 1
1021 1095 1
1021 1096 1
1021 1022 1
1022 1025 1
1022 1095 1
1022 1021 1
1022 409 1
1022 410 1
1022 413 1
1023 1024 1
1023 1049 1
1023 1032 1
1023 920 1
1023 921 1
1023 923 1
1024 1023 1
1024 1027 1
1024 1096 1
1024 1032 1
1024 1049 1
1024 1021 1
1025 1026 1
1025 1028 1
1025 1095 1
1025 1039 1
1025 1021 1
1025 1022 1
1026 929 1
1026 1025 1
1026 931 1
1026 1028 1
1026 1039 1
1026 926 1
1027 1024 1
1027 1028 1
1027 1029 1
1027 1096 1
1027 1040 1
1027 1021 1
1028 1025 1
1028 1026 1
1028 1027 1
1028 1029 1
1028 1039 1
1028 1040 1
1029 1027 1
1029 1028 1
1029 1030 1
1029 1032 1
1029 1040 1
1029 1041 1
1030 1029 1
1030 1032 1
1030 1041 1
1030 921 1
1030 922 1
1030 924 1
1031 931 1
1031 932 1
1031 934 1
1031 57 1
1031 58 1
1031 59 1
1032 1023 1
1032 1024 1
1032 1029 1
1032 1030 1
1032 1041 1
1032 1049 1
1033 1094 1
1033 1036 1
1033 1040 1
1033 1014 1
1033 1015 1
1033 1018 1
1034 865 1
1034 1035 1
1034 1038 1
1034 1046 1
1034 856 1
1034 857 1
1035 1034 1
1035 1036 1
1035 1038 1
1035 1041 1
1035 1045 1
1035 1046 1
1036 1094 1
1036 1033 1
1036 1035 1
1036 1040 1
1036 1041 1
1036 1045 1
1037 864 1
1037 865 1
1037 868 1
1037 40 1
1037 41 1
1037 59 1
1038 1034 1
1038 1035 1
1038 1046 1
1038 918 1
1038 919 1
1038 922 1
1039 1025 1
1039 1026 1
1039 1028 1
1039 1016 1
1039 1017 1
1039 1018 1
1040 1027 1
1040 1028 1
1040 1029 1
1040 1094 1
1040 1033 1
1040 1036 1
1041 1029 1
1041 1030 1
1041 1032 1
1041 1035 1
1041 1036 1
1041 1045 1
1042 959 1
1042 960 1
1042 962 1
1042 995 1
1042 996 1
1042 994 1
1043 355 1
1043 356 1
1043 368 1
1043 1046 1
1043 1047 1
1043 1117 1
1044 354 1
1044 355 1
1044 1131 1
1044 369 1
1044 1045 1
1044 1048 1
1045 1131 1
1045 1035 1
1045 1036 1
1045 1041 1
1045 1044 1
1045 1048 1
1046 1034 1
1046 1035 1
1046 1038 1
1046 1043 1
1046 1047 1
1046 1117 1
1047 1043 1
1047 1046 1
1047 823 1
1047 824 1
1047 825 1
1047 1117 1
1048 1131 1
1048 1132 1
1048 1044 1
1048 1045 1
1048 1049 1
1048 1050 1
1049 1023 1
1049 1024 1
1049 1032 1
1049 1132 1
1049 1048 1
1049 1050 1
1050 1132 1
1050 369 1
1050 370 1
1050 372 1
1050 1048 1
1050 1049 1
1051 1 1
1051 2 1
1051 963 1
1051 964 1
1051 12 1
1051 975 1
1052 1055 1
1052 1061 1
1052 969 1
1052 970 1
1052 975 1
1052 1054 1
1053 12 1
1053 18 1
1053 980 1
1053 981 1
1053 983 1
1053 23 1
1054 703 1
1054 704 1
1054 705 1
1054 1055 1
1054 1061 1
1054 1052 1
1055 1061 1
1055 970 1
1055 971 1
1055 974 1
1055 1052 1
1055 1054 1
1056 1058 1
1056 964 1
1056 965 1
1056 1061 1
1056 969 1
1056 1115 1
1057 0 1
1057 1 1
1057 783 1
1057 784 1
1057 23 1
1057 792 1
1058 1056 1
1058 1061 1
1058 782 1
1058 783 1
1058 788 1
1058 1115 1
1059 676 1
1059 790 1
1059 791 1
1059 792 1
1059 665 1
1059 666 1
1060 675 1
1060 787 1
1060 788 1
1060 790 1
1060 666 1
1060 667 1
1061 1055 1
1061 1056 1
1061 1058 1
1061 1115 1
1061 1052 1
1061 1054 1
1062 1094 1
1062 1063 1
1062 1067 1
1062 79 1
1062 61 1
1062 62 1
1063 1062 1
1063 1094 1
1063 1064 1
1063 1067 1
1063 1131 1
1063 1073 1
1064 1092 1
1064 1063 1
1064 1065 1
1064 1131 1
1064 1073 1
1064 1077 1
1065 1092 1
1065 1064 1
1065 940 1
1065 941 1
1065 1077 1
1065 950 1
1066 1095 1
1066 1096 1
1066 1067 1
1066 1068 1
1066 1069 1
1066 1072 1
1067 1062 1
1067 1063 1
1067 1096 1
1067 1094 1
1067 1066 1
1067 1072 1
1068 1095 1
1068 73 1
1068 74 1
1068 1066 1
1068 1069 1
1068 79 1
1069 1095 1
1069 426 1
1069 1066 1
1069 1068 1
1069 408 1
1069 409 1
1070 73 1
1070 1098 1
1070 77 1
1070 1071 1
1070 82 1
1070 1076 1
1071 1098 1
1071 426 1
1071 427 1
1071 429 1
1071 1070 1
1071 1076 1
1072 1096 1
1072 1066 1
1072 1067 1
1072 1132 1
1072 1073 1
1072 1074 1
1073 1063 1
1073 1064 1
1073 1131 1
1073 1132 1
1073 1072 1
1073 1074 1
1074 1093 1
1074 1132 1
1074 1072 1
1074 1073 1
1074 1075 1
1074 1077 1
1075 419 1
1075 1093 1
1075 1074 1
1075 1077 1
1075 407 1
1075 408 1
1076 1098 1
1076 1070 1
1076 1071 1
1076 944 1
1076 945 1
1076 949 1
1077 1092 1
1077 1093 1
1077 1064 1
1077 1065 1
1077 1074 1
1077 1075 1
1078 1083 1
1078 1079 1
1078 1112 1
1078 985 1
1078 987 1
1078 989 1
1079 1101 1
1079 1078 1
1079 1112 1
1079 1081 1
1079 1083 1
1079 1080 1
1080 748 1
1080 749 1
1080 1101 1
1080 757 1
1080 1079 1
1080 1081 1
1081 1101 1
1081 1105 1
1081 1079 1
1081 1080 1
1081 1082 1
1081 1083 1
1082 992 1
1082 1105 1
1082 1081 1
1082 1083 1
1082 988 1
1082 989 1
1083 1105 1
1083 1078 1
1083 1079 1
1083 1112 1
1083 1081 1
1083 1082 1
1084 447 1
1084 452 1
1084 798 1
1084 793 1
1084 794 1
1084 446 1
1085 959 1
1085 961 1
1085 451 1
1085 452 1
1085 459 1
1085 958 1
1086 191 1
1086 192 1
1086 1007 1
1086 1008 1
1086 1010 1
1086 186 1
1087 991 1
1087 1009 1
1087 1010 1
1087 1011 1
1087 986 1
1087 987 1
1088 192 1
1088 193 1
1088 770 1
1088 197 1
1088 760 1
1088 761 1
1089 1090 1
1089 1091 1
1089 742 1
1089 743 1
1089 1099 1
1089 758 1
1090 1089 1
1090 1091 1
1090 1099 1
1090 784 1
1090 785 1
1090 791 1
1091 672 1
1091 1089 1
1091 1090 1
1091 1099 1
1091 664 1
1091 665 1
1092 354 1
1092 359 1
1092 1064 1
1092 1065 1
1092 373 1
1092 1077 1
1093 1074 1
1093 1075 1
1093 372 1
1093 1077 1
1093 373 1
1093 374 1
1094 1062 1
1094 1063 1
1094 1033 1
1094 1067 1
1094 1036 1
1094 1040 1
1095 1025 1
1095 1066 1
1095 1068 1
1095 1069 1
1095 1021 1
1095 1022 1
1096 1024 1
1096 1027 1
1096 1066 1
1096 1067 1
1096 1072 1
1096 1021 1
1097 98 1
1097 845 1
1097 846 1
1097 847 1
1097 84 1
1097 85 1
1098 96 1
1098 99 1
1098 105 1
1098 1070 1
1098 1071 1
1098 1076 1
1099 1089 1
1099 1090 1
1099 1091 1
1099 1100 1
1099 1102 1
1099 1134 1
1100 741 1
1100 742 1
1100 1099 1
1100 749 1
1100 1102 1
1100 1134 1
1101 1102 1
1101 1103 1
1101 1079 1
1101 1080 1
1101 1081 1
1101 1111 1
1102 1099 1
1102 1100 1
1102 1101 1
1102 1134 1
1102 1103 1
1102 1111 1
1103 1101 1
1103 1102 1
1103 1104 1
1103 1105 1
1103 1111 1
1103 1113 1
1104 1103 1
1104 1105 1
1104 663 1
1104 664 1
1104 1113 1
1104 670 1
1105 1113 1
1105 1103 1
1105 1104 1
1105 1081 1
1105 1082 1
1105 1083 1
1106 1107 1
1106 1108 1
1106 1141 1
1106 1109 1
1106 1112 1
1107 1005 1
1107 1006 1
1107 1106 1
1107 1012 1
1107 1141 1
1107 1112 1
1108 778 1
1108 779 1
1108 780 1
1108 1106 1
1108 1109 1
1109 1134 1
1109 1106 1
1109 1108 1
1109 1110 1
1109 1111 1
1110 780 1
1110 1134 1
1110 785 1
1110 1109 1
1110 789 1
1110 1111 1
1111 1101 1
1111 1102 1
1111 1103 1
1111 1134 1
1111 1109 1
1111 1110 1
1112 1106 1
1112 1107 1
1112 1141 1
1112 1078 1
1112 1079 1
1112 1083 1
1113 1103 1
1113 1104 1
1113 1105 1
1113 662 1
1113 663 1
1113 668 1
1114 863 1
1114 864 1
1114 914 1
1114 915 1
1114 916 1
1114 860 1
1115 1056 1
1115 1058 1
1115 1061 1
1115 889 1
1115 890 1
1115 892 1
1116 356 1
1116 357 1
1116 360 1
1116 1117 1
1116 1118 1
1117 1043 1
1117 1046 1
1117 1047 1
1117 1116 1
1117 1118 1
1118 740 1
1118 741 1
1118 745 1
1118 1116 1
1118 1117 1
1119 1120 1
1119 1122 1
1119 939 1
1119 942 1
1119 947 1
1119 1145 1
1120 1119 1
1120 162 1
1120 163 1
1120 1122 1
1120 170 1
1120 1145 1
1121 616 1
1121 618 1
1121 465 1
1121 625 1
1121 469 1
1121 474 1
1122 1119 1
1122 1120 1
1122 468 1
1122 469 1
1122 1145 1
1122 475 1
1123 943 1
1123 817 1
1123 818 1
1123 947 1
1123 819 1
1123 946 1
1124 814 1
1124 815 1
1124 819 1
1124 472 1
1124 473 1
1124 475 1
1125 423 1
1125 424 1
1125 809 1
1125 810 1
1125 430 1
1125 818 1
1126 899 1
1126 900 1
1126 905 1
1126 471 1
1126 472 1
1126 474 1
1127 578 1
1127 579 1
1127 803 1
1127 590 1
1127 796 1
1127 797 1
1128 802 1
1128 135 1
1128 137 1
1128 139 1
1128 795 1
1128 796 1
1129 801 1
1129 802 1
1129 803 1
1129 139 1
1129 140 1
1129 151 1
1130 289 1
1130 290 1
1130 844 1
1130 300 1
1130 845 1
1130 848 1
1131 1063 1
1131 1064 1
1131 1073 1
1131 1044 1
1131 1045 1
1131 1048 1
1132 1072 1
1132 1073 1
1132 1074 1
1132 1048 1
1132 1049 1
1132 1050 1
1133 320 1
1133 295 1
1133 296 1
1133 467 1
1133 468 1
1133 473 1
1134 1099 1
1134 1100 1
1134 1102 1
1134 1109 1
1134 1110 1
1134 1111 1
1135 840 1
1135 841 1
1135 844 1
1135 1137 1
1135 1138 1
1136 839 1
1136 840 1
1136 1137 1
1136 1139 1
1136 855 1
1136 1145 1
1137 1135 1
1137 1136 1
1137 1138 1
1137 1139 1
1137 1145 1
1138 290 1
1138 291 1
1138 294 1
1138 1135 1
1138 1137 1
1139 294 1
1139 295 1
1139 1136 1
1139 1137 1
1139 312 1
1139 1145 1
1140 735 1
1140 967 1
1140 968 1
1140 972 1
1140 732 1
1140 733 1
1141 1006 1
1141 1007 1
1141 1009 1
1141 1106 1
1141 1107 1
1141 1112 1
1142 885 1
1142 886 1
1142 1143 1
1142 1144 1
1142 889 1
1143 1144 1
1143 885 1
1143 1142 1
1143 888 1
1143 891 1
1144 965 1
1144 966 1
1144 967 1
1144 1142 1
1144 1143 1
1145 1119 1
1145 1120 1
1145 1122 1
1145 1136 1
1145 1137 1
1145 1139 1
