0 1 1
0 2 1
0 387 1
0 4 1
0 6 1
0 8 1
0 489 1
0 11 1
0 13 1
0 594 1
0 563 1
0 146 1
0 245 1
0 569 1
1 0 1
1 3 1
1 5 1
1 7 1
1 8 1
1 13 1
1 245 1
1 246 1
1 247 1
1 248 1
1 249 1
1 154 1
2 0 1
2 3 1
2 4 1
2 5 1
2 6 1
2 8 1
2 9 1
2 522 1
2 10 1
2 492 1
2 563 1
2 564 1
2 501 1
2 565 1
2 536 1
2 221 1
3 247 1
3 1 1
3 2 1
3 5 1
3 518 1
3 7 1
3 519 1
3 9 1
3 522 1
3 10 1
3 503 1
3 222 1
4 0 1
4 2 1
4 6 1
4 10 1
4 395 1
4 11 1
4 594 1
4 499 1
4 565 1
4 570 1
5 1 1
5 2 1
5 3 1
5 518 1
5 8 1
5 495 1
5 246 1
5 536 1
6 0 1
6 2 1
6 4 1
6 564 1
6 569 1
6 570 1
7 1 1
7 3 1
7 598 1
7 519 1
7 393 1
7 10 1
7 11 1
7 12 1
7 13 1
7 502 1
7 151 1
7 248 1
8 0 1
8 1 1
8 2 1
8 5 1
8 489 1
8 492 1
8 495 1
8 249 1
9 2 1
9 3 1
9 10 1
9 219 1
9 221 1
9 222 1
10 2 1
10 3 1
10 4 1
10 7 1
10 9 1
10 394 1
10 11 1
10 12 1
10 497 1
10 499 1
10 501 1
10 502 1
10 503 1
10 219 1
11 0 1
11 387 1
11 4 1
11 7 1
11 392 1
11 393 1
11 10 1
11 395 1
11 394 1
11 12 1
11 13 1
11 147 1
12 7 1
12 392 1
12 10 1
12 11 1
12 497 1
12 598 1
13 0 1
13 1 1
13 7 1
13 11 1
13 146 1
13 147 1
13 151 1
13 154 1
14 355 1
14 548 1
14 453 1
14 583 1
14 620 1
14 15 1
14 16 1
14 17 1
14 537 1
14 19 1
14 20 1
14 22 1
14 23 1
14 505 1
15 453 1
15 421 1
15 454 1
15 457 1
15 458 1
15 14 1
15 16 1
15 18 1
15 21 1
15 22 1
16 420 1
16 454 1
16 14 1
16 15 1
16 17 1
16 18 1
16 19 1
16 537 1
16 538 1
16 510 1
17 356 1
17 423 1
17 14 1
17 16 1
17 18 1
17 19 1
17 20 1
17 505 1
17 506 1
17 510 1
18 420 1
18 421 1
18 423 1
18 360 1
18 428 1
18 15 1
18 16 1
18 17 1
18 20 1
18 21 1
19 583 1
19 14 1
19 16 1
19 17 1
19 506 1
19 538 1
20 355 1
20 356 1
20 360 1
20 362 1
20 363 1
20 14 1
20 17 1
20 18 1
20 21 1
20 23 1
21 543 1
21 546 1
21 457 1
21 363 1
21 428 1
21 15 1
21 18 1
21 20 1
21 22 1
21 23 1
22 543 1
22 548 1
22 553 1
22 458 1
22 14 1
22 15 1
22 21 1
22 23 1
23 546 1
23 553 1
23 362 1
23 620 1
23 14 1
23 20 1
23 21 1
23 22 1
24 31 1
24 33 1
24 25 1
24 530 1
24 404 1
24 601 1
24 26 1
24 29 1
24 574 1
25 32 1
25 33 1
25 34 1
25 459 1
25 531 1
25 405 1
25 24 1
25 26 1
25 28 1
25 605 1
25 30 1
26 461 1
26 530 1
26 531 1
26 532 1
26 533 1
26 24 1
26 25 1
26 27 1
26 28 1
26 29 1
27 31 1
27 576 1
27 32 1
27 608 1
27 26 1
27 41 1
27 460 1
27 532 1
27 602 1
27 28 1
27 29 1
27 30 1
28 32 1
28 42 1
28 459 1
28 460 1
28 461 1
28 25 1
28 26 1
28 27 1
29 31 1
29 575 1
29 26 1
29 533 1
29 24 1
29 601 1
29 602 1
29 27 1
30 31 1
30 608 1
30 33 1
30 32 1
30 36 1
30 582 1
30 407 1
30 25 1
30 27 1
30 605 1
31 575 1
31 576 1
31 33 1
31 582 1
31 574 1
31 24 1
31 27 1
31 412 1
31 29 1
31 30 1
32 34 1
32 36 1
32 41 1
32 42 1
32 25 1
32 27 1
32 28 1
32 30 1
33 31 1
33 404 1
33 405 1
33 407 1
33 24 1
33 25 1
33 412 1
33 30 1
34 511 1
34 32 1
34 35 1
34 36 1
34 37 1
34 234 1
34 43 1
34 42 1
34 459 1
34 25 1
34 605 1
34 638 1
35 511 1
35 513 1
35 34 1
35 514 1
35 516 1
35 37 1
35 38 1
35 39 1
35 41 1
35 42 1
35 43 1
35 44 1
35 240 1
35 464 1
35 178 1
35 53 1
36 607 1
36 32 1
36 608 1
36 34 1
36 37 1
36 38 1
36 40 1
36 41 1
36 47 1
36 30 1
36 605 1
36 606 1
37 513 1
37 34 1
37 35 1
37 36 1
37 38 1
37 45 1
37 638 1
37 606 1
38 35 1
38 36 1
38 37 1
38 39 1
38 40 1
38 45 1
38 46 1
38 47 1
38 50 1
38 53 1
39 514 1
39 35 1
39 38 1
39 40 1
39 44 1
39 656 1
39 177 1
39 50 1
40 607 1
40 36 1
40 38 1
40 39 1
40 41 1
40 44 1
40 46 1
40 174 1
40 656 1
40 657 1
41 32 1
41 608 1
41 35 1
41 36 1
41 516 1
41 40 1
41 42 1
41 460 1
41 44 1
41 176 1
41 657 1
41 27 1
42 32 1
42 34 1
42 35 1
42 41 1
42 459 1
42 460 1
42 43 1
42 239 1
42 464 1
42 28 1
43 34 1
43 35 1
43 234 1
43 42 1
43 239 1
43 240 1
44 35 1
44 39 1
44 40 1
44 41 1
44 174 1
44 176 1
44 177 1
44 178 1
45 639 1
45 640 1
45 513 1
45 406 1
45 37 1
45 38 1
45 47 1
45 49 1
45 50 1
45 53 1
45 54 1
45 55 1
45 120 1
45 606 1
46 607 1
46 383 1
46 38 1
46 40 1
46 47 1
46 48 1
46 49 1
46 655 1
46 51 1
46 52 1
46 656 1
46 50 1
46 471 1
46 409 1
47 607 1
47 36 1
47 38 1
47 45 1
47 46 1
47 48 1
47 49 1
47 407 1
47 475 1
47 606 1
48 46 1
48 47 1
48 49 1
48 471 1
48 408 1
48 475 1
49 407 1
49 45 1
49 46 1
49 47 1
49 48 1
49 51 1
49 406 1
49 55 1
49 408 1
49 409 1
49 410 1
49 411 1
50 640 1
50 514 1
50 38 1
50 39 1
50 45 1
50 46 1
50 656 1
50 52 1
50 53 1
50 54 1
50 123 1
50 380 1
51 384 1
51 130 1
51 654 1
51 655 1
51 46 1
51 49 1
51 52 1
51 54 1
51 55 1
51 411 1
52 383 1
52 384 1
52 46 1
52 50 1
52 51 1
52 124 1
52 54 1
52 380 1
53 513 1
53 514 1
53 35 1
53 38 1
53 45 1
53 50 1
54 130 1
54 45 1
54 50 1
54 51 1
54 52 1
54 55 1
54 120 1
54 122 1
54 123 1
54 124 1
55 639 1
55 122 1
55 45 1
55 654 1
55 49 1
55 51 1
55 54 1
55 410 1
56 64 1
56 429 1
56 57 1
56 634 1
56 60 1
57 635 1
57 64 1
57 65 1
57 63 1
57 280 1
57 431 1
57 155 1
57 339 1
57 662 1
57 56 1
57 58 1
57 59 1
57 60 1
57 669 1
57 62 1
58 63 1
58 65 1
58 286 1
58 264 1
58 345 1
58 339 1
58 57 1
58 59 1
58 61 1
58 158 1
59 158 1
59 162 1
59 164 1
59 57 1
59 58 1
59 155 1
59 61 1
59 62 1
60 63 1
60 288 1
60 64 1
60 260 1
60 433 1
60 56 1
60 57 1
60 634 1
60 635 1
60 636 1
60 61 1
60 62 1
61 63 1
61 260 1
61 164 1
61 262 1
61 264 1
61 265 1
61 58 1
61 59 1
61 60 1
61 62 1
62 162 1
62 262 1
62 60 1
62 662 1
62 57 1
62 59 1
62 636 1
62 61 1
63 64 1
63 288 1
63 65 1
63 58 1
63 265 1
63 280 1
63 57 1
63 282 1
63 283 1
63 60 1
63 61 1
63 286 1
64 63 1
64 429 1
64 431 1
64 433 1
64 56 1
64 57 1
64 282 1
64 60 1
65 63 1
65 345 1
65 57 1
65 58 1
65 283 1
65 669 1
66 67 1
66 68 1
66 70 1
66 72 1
66 201 1
66 74 1
66 75 1
66 76 1
66 627 1
66 244 1
66 597 1
66 470 1
67 66 1
67 70 1
67 72 1
67 202 1
67 245 1
68 66 1
68 70 1
68 73 1
68 203 1
68 75 1
68 274 1
68 628 1
69 70 1
69 71 1
69 72 1
69 518 1
69 73 1
69 75 1
69 204 1
69 276 1
69 246 1
69 535 1
70 66 1
70 67 1
70 68 1
70 69 1
70 72 1
70 201 1
70 202 1
70 203 1
70 204 1
70 73 1
70 206 1
70 205 1
71 69 1
71 518 1
71 519 1
71 72 1
71 521 1
71 74 1
71 75 1
71 247 1
72 66 1
72 67 1
72 69 1
72 70 1
72 71 1
72 74 1
72 206 1
72 244 1
72 245 1
72 246 1
72 247 1
72 248 1
73 68 1
73 69 1
73 70 1
73 75 1
73 205 1
73 274 1
73 276 1
73 277 1
74 66 1
74 248 1
74 71 1
74 519 1
74 72 1
74 75 1
74 76 1
74 597 1
74 600 1
74 476 1
75 66 1
75 68 1
75 69 1
75 71 1
75 521 1
75 73 1
75 74 1
75 76 1
75 627 1
75 628 1
75 277 1
75 535 1
75 600 1
75 473 1
76 66 1
76 74 1
76 75 1
76 470 1
76 473 1
76 476 1
77 449 1
77 89 1
77 525 1
77 78 1
77 590 1
77 80 1
77 82 1
77 84 1
77 85 1
77 88 1
77 185 1
78 451 1
78 620 1
78 77 1
78 591 1
78 80 1
78 79 1
78 84 1
79 452 1
79 362 1
79 620 1
79 78 1
79 80 1
79 81 1
79 593 1
79 403 1
79 84 1
79 436 1
79 86 1
79 83 1
80 97 1
80 358 1
80 77 1
80 590 1
80 591 1
80 79 1
80 78 1
80 593 1
80 83 1
80 397 1
80 528 1
80 86 1
80 85 1
80 88 1
81 79 1
81 338 1
81 82 1
81 84 1
81 437 1
81 436 1
81 85 1
81 402 1
81 83 1
81 87 1
81 187 1
81 94 1
82 77 1
82 91 1
82 81 1
82 84 1
82 85 1
82 185 1
82 187 1
82 189 1
83 95 1
83 359 1
83 332 1
83 397 1
83 79 1
83 80 1
83 81 1
83 402 1
83 403 1
83 85 1
83 86 1
83 87 1
84 449 1
84 451 1
84 452 1
84 77 1
84 78 1
84 79 1
84 81 1
84 82 1
84 437 1
84 189 1
85 95 1
85 97 1
85 77 1
85 80 1
85 81 1
85 82 1
85 83 1
85 87 1
85 88 1
85 89 1
85 90 1
85 91 1
85 93 1
85 94 1
86 358 1
86 359 1
86 362 1
86 79 1
86 80 1
86 83 1
87 332 1
87 81 1
87 338 1
87 83 1
87 85 1
87 93 1
88 525 1
88 77 1
88 80 1
88 528 1
88 85 1
88 90 1
89 99 1
89 100 1
89 259 1
89 90 1
89 523 1
89 77 1
89 525 1
89 85 1
89 185 1
89 250 1
89 91 1
89 92 1
90 95 1
90 97 1
90 524 1
90 525 1
90 398 1
90 336 1
90 528 1
90 85 1
90 88 1
90 89 1
90 92 1
90 93 1
91 191 1
91 192 1
91 98 1
91 194 1
91 100 1
91 89 1
91 99 1
91 82 1
91 85 1
91 185 1
91 187 1
91 188 1
91 93 1
91 94 1
92 96 1
92 98 1
92 99 1
92 326 1
92 523 1
92 524 1
92 268 1
92 335 1
92 308 1
92 89 1
92 90 1
92 93 1
93 95 1
93 320 1
93 96 1
93 98 1
93 332 1
93 335 1
93 336 1
93 305 1
93 338 1
93 92 1
93 85 1
93 87 1
93 90 1
93 91 1
93 188 1
93 94 1
94 91 1
94 81 1
94 338 1
94 85 1
94 187 1
94 93 1
95 97 1
95 332 1
95 397 1
95 398 1
95 83 1
95 85 1
95 90 1
95 93 1
96 98 1
96 305 1
96 308 1
96 313 1
96 92 1
96 93 1
97 95 1
97 397 1
97 80 1
97 528 1
97 85 1
97 90 1
98 191 1
98 320 1
98 96 1
98 99 1
98 261 1
98 326 1
98 313 1
98 91 1
98 92 1
98 93 1
99 255 1
99 98 1
99 194 1
99 259 1
99 261 1
99 100 1
99 268 1
99 89 1
99 91 1
99 92 1
100 255 1
100 192 1
100 99 1
100 89 1
100 250 1
100 91 1
101 143 1
101 289 1
101 313 1
101 320 1
101 321 1
101 324 1
101 327 1
101 328 1
101 330 1
101 331 1
101 102 1
101 104 1
101 107 1
101 109 1
101 110 1
101 111 1
101 112 1
101 113 1
101 242 1
101 114 1
101 116 1
101 117 1
102 319 1
102 290 1
102 227 1
102 101 1
102 103 1
102 104 1
102 105 1
102 106 1
102 109 1
102 110 1
102 144 1
102 305 1
102 306 1
102 115 1
102 311 1
102 313 1
103 224 1
103 227 1
103 228 1
103 165 1
103 229 1
103 231 1
103 102 1
103 233 1
103 106 1
103 107 1
103 108 1
103 110 1
103 111 1
103 113 1
103 115 1
103 219 1
104 320 1
104 101 1
104 102 1
104 105 1
104 332 1
104 305 1
104 114 1
104 338 1
105 102 1
105 104 1
105 106 1
105 107 1
105 332 1
105 399 1
105 401 1
105 306 1
105 114 1
105 402 1
106 102 1
106 103 1
106 105 1
106 107 1
106 399 1
106 498 1
106 311 1
106 219 1
107 224 1
107 101 1
107 517 1
107 103 1
107 167 1
107 105 1
107 330 1
107 106 1
107 108 1
107 401 1
107 498 1
107 243 1
107 116 1
107 117 1
107 114 1
107 439 1
108 165 1
108 103 1
108 167 1
108 107 1
108 177 1
108 113 1
108 178 1
108 116 1
109 101 1
109 102 1
109 135 1
109 110 1
109 143 1
109 144 1
110 289 1
110 290 1
110 228 1
110 101 1
110 102 1
110 103 1
110 135 1
110 109 1
110 111 1
110 115 1
110 281 1
110 286 1
111 324 1
111 101 1
111 229 1
111 103 1
111 110 1
111 113 1
111 343 1
111 286 1
112 512 1
112 321 1
112 101 1
112 555 1
112 113 1
112 116 1
113 514 1
113 101 1
113 327 1
113 231 1
113 103 1
113 555 1
113 108 1
113 111 1
113 112 1
113 177 1
113 116 1
113 343 1
114 101 1
114 328 1
114 105 1
114 104 1
114 107 1
114 235 1
114 338 1
114 402 1
114 117 1
114 439 1
115 319 1
115 102 1
115 103 1
115 233 1
115 110 1
115 281 1
116 512 1
116 514 1
116 101 1
116 517 1
116 107 1
116 108 1
116 331 1
116 112 1
116 113 1
116 178 1
117 101 1
117 107 1
117 235 1
117 114 1
117 242 1
117 243 1
118 511 1
118 128 1
118 131 1
118 132 1
118 484 1
118 554 1
118 652 1
118 373 1
118 119 1
118 120 1
118 122 1
118 125 1
118 638 1
119 671 1
119 127 1
119 129 1
119 130 1
119 644 1
119 132 1
119 374 1
119 653 1
119 269 1
119 118 1
119 122 1
119 155 1
119 126 1
120 639 1
120 640 1
120 481 1
120 128 1
120 513 1
120 45 1
120 54 1
120 118 1
120 121 1
120 122 1
120 123 1
120 638 1
121 127 1
121 128 1
121 481 1
121 480 1
121 161 1
121 129 1
121 132 1
121 477 1
121 382 1
121 482 1
121 131 1
121 123 1
121 273 1
121 120 1
121 379 1
121 124 1
121 125 1
121 478 1
122 639 1
122 130 1
122 652 1
122 653 1
122 654 1
122 118 1
122 54 1
122 55 1
122 120 1
122 119 1
123 640 1
123 380 1
123 50 1
123 54 1
123 120 1
123 121 1
123 124 1
123 478 1
124 127 1
124 384 1
124 130 1
124 382 1
124 271 1
124 52 1
124 54 1
124 121 1
124 123 1
124 380 1
124 381 1
124 126 1
125 128 1
125 512 1
125 131 1
125 488 1
125 554 1
125 118 1
125 121 1
125 477 1
126 127 1
126 130 1
126 644 1
126 647 1
126 270 1
126 119 1
126 124 1
126 381 1
127 129 1
127 269 1
127 270 1
127 271 1
127 273 1
127 156 1
127 119 1
127 121 1
127 124 1
127 126 1
128 511 1
128 480 1
128 513 1
128 512 1
128 118 1
128 120 1
128 121 1
128 125 1
129 127 1
129 161 1
129 163 1
129 132 1
129 119 1
129 121 1
129 155 1
129 156 1
130 671 1
130 384 1
130 647 1
130 654 1
130 51 1
130 54 1
130 119 1
130 122 1
130 124 1
130 126 1
131 482 1
131 484 1
131 132 1
131 488 1
131 118 1
131 376 1
131 121 1
131 125 1
132 129 1
132 163 1
132 131 1
132 373 1
132 118 1
132 119 1
132 376 1
132 121 1
132 379 1
132 374 1
133 291 1
133 259 1
133 134 1
133 137 1
133 138 1
133 139 1
133 364 1
133 141 1
133 523 1
133 142 1
133 429 1
133 634 1
134 133 1
134 135 1
134 136 1
134 139 1
134 429 1
134 366 1
134 142 1
134 432 1
134 433 1
134 282 1
135 288 1
135 289 1
135 290 1
135 134 1
135 136 1
135 265 1
135 138 1
135 109 1
135 142 1
135 110 1
135 143 1
135 144 1
135 281 1
135 282 1
136 319 1
136 134 1
136 135 1
136 139 1
136 141 1
136 302 1
136 367 1
136 432 1
136 144 1
136 281 1
137 293 1
137 133 1
137 326 1
137 138 1
137 523 1
137 268 1
137 141 1
137 140 1
137 143 1
137 144 1
137 467 1
137 308 1
138 259 1
138 260 1
138 133 1
138 261 1
138 135 1
138 265 1
138 137 1
138 268 1
138 142 1
138 143 1
139 133 1
139 134 1
139 136 1
139 364 1
139 300 1
139 366 1
139 367 1
139 141 1
140 292 1
140 137 1
140 141 1
140 144 1
140 467 1
140 307 1
141 291 1
141 292 1
141 293 1
141 133 1
141 295 1
141 136 1
141 137 1
141 139 1
141 300 1
141 140 1
141 302 1
141 144 1
142 288 1
142 260 1
142 133 1
142 134 1
142 135 1
142 138 1
142 433 1
142 634 1
143 289 1
143 261 1
143 101 1
143 135 1
143 326 1
143 137 1
143 138 1
143 109 1
143 144 1
143 313 1
144 319 1
144 290 1
144 102 1
144 135 1
144 136 1
144 137 1
144 295 1
144 140 1
144 109 1
144 141 1
144 143 1
144 307 1
144 308 1
144 313 1
145 641 1
145 557 1
145 624 1
145 146 1
145 148 1
145 149 1
145 150 1
145 244 1
145 597 1
145 154 1
145 151 1
146 0 1
146 387 1
146 13 1
146 145 1
146 625 1
146 147 1
146 245 1
146 150 1
146 154 1
147 387 1
147 389 1
147 390 1
147 392 1
147 393 1
147 11 1
147 13 1
147 146 1
147 148 1
147 213 1
147 150 1
147 151 1
147 152 1
147 153 1
148 216 1
148 390 1
148 557 1
148 560 1
148 145 1
148 562 1
148 147 1
148 561 1
148 149 1
148 150 1
148 152 1
148 153 1
149 641 1
149 643 1
149 599 1
149 560 1
149 145 1
149 148 1
149 151 1
149 153 1
150 389 1
150 624 1
150 145 1
150 146 1
150 147 1
150 625 1
150 562 1
150 148 1
151 7 1
151 393 1
151 599 1
151 13 1
151 145 1
151 147 1
151 597 1
151 598 1
151 149 1
151 248 1
151 153 1
151 154 1
152 147 1
152 148 1
152 213 1
152 215 1
152 216 1
152 153 1
153 643 1
153 392 1
153 561 1
153 147 1
153 148 1
153 149 1
153 598 1
153 151 1
153 152 1
153 215 1
154 1 1
154 13 1
154 145 1
154 146 1
154 244 1
154 245 1
154 151 1
154 248 1
155 129 1
155 162 1
155 163 1
155 662 1
155 269 1
155 179 1
155 339 1
155 374 1
155 119 1
155 57 1
155 59 1
155 156 1
155 157 1
155 158 1
156 127 1
156 160 1
156 129 1
156 159 1
156 161 1
156 269 1
156 270 1
156 271 1
156 272 1
156 273 1
156 181 1
156 155 1
156 157 1
156 158 1
157 179 1
157 181 1
157 183 1
157 155 1
157 156 1
157 158 1
158 159 1
158 161 1
158 164 1
158 264 1
158 59 1
158 272 1
158 339 1
158 341 1
158 183 1
158 344 1
158 58 1
158 155 1
158 156 1
158 157 1
159 479 1
159 160 1
159 161 1
159 270 1
159 341 1
159 156 1
159 381 1
159 158 1
160 159 1
160 161 1
160 271 1
160 156 1
160 381 1
160 382 1
161 159 1
161 479 1
161 129 1
161 160 1
161 163 1
161 164 1
161 158 1
161 162 1
161 483 1
161 267 1
161 273 1
161 344 1
161 121 1
161 379 1
161 156 1
161 382 1
162 161 1
162 163 1
162 483 1
162 164 1
162 262 1
162 155 1
162 662 1
162 375 1
162 59 1
162 62 1
163 161 1
163 129 1
163 162 1
163 132 1
163 155 1
163 374 1
163 375 1
163 379 1
164 161 1
164 162 1
164 262 1
164 264 1
164 267 1
164 59 1
164 61 1
164 158 1
165 223 1
165 224 1
165 166 1
165 103 1
165 167 1
165 168 1
165 169 1
165 231 1
165 108 1
165 172 1
165 177 1
165 219 1
165 220 1
165 222 1
166 223 1
166 578 1
166 165 1
166 167 1
166 168 1
166 520 1
166 170 1
166 172 1
166 173 1
166 176 1
166 497 1
166 660 1
166 598 1
166 540 1
167 224 1
167 517 1
167 165 1
167 166 1
167 107 1
167 108 1
167 172 1
167 176 1
167 498 1
167 178 1
167 540 1
167 541 1
168 165 1
168 166 1
168 519 1
168 520 1
168 169 1
168 521 1
168 171 1
168 170 1
168 444 1
168 222 1
169 165 1
169 168 1
169 446 1
169 171 1
169 177 1
169 442 1
169 220 1
169 444 1
170 581 1
170 166 1
170 519 1
170 168 1
170 171 1
170 173 1
170 175 1
170 598 1
170 600 1
170 476 1
171 168 1
171 169 1
171 521 1
171 170 1
171 174 1
171 175 1
171 473 1
171 177 1
171 630 1
171 600 1
171 633 1
171 442 1
172 165 1
172 166 1
172 167 1
172 497 1
172 498 1
172 219 1
173 576 1
173 578 1
173 579 1
173 581 1
173 166 1
173 170 1
173 174 1
173 175 1
173 176 1
173 474 1
174 579 1
174 40 1
174 171 1
174 44 1
174 173 1
174 175 1
174 176 1
174 657 1
174 656 1
174 177 1
174 630 1
174 471 1
175 170 1
175 171 1
175 173 1
175 174 1
175 471 1
175 473 1
175 474 1
175 476 1
176 576 1
176 516 1
176 166 1
176 167 1
176 41 1
176 44 1
176 173 1
176 174 1
176 657 1
176 178 1
176 660 1
176 541 1
177 514 1
177 165 1
177 39 1
177 231 1
177 169 1
177 171 1
177 108 1
177 44 1
177 174 1
177 656 1
177 113 1
177 178 1
177 633 1
177 446 1
178 514 1
178 35 1
178 516 1
178 517 1
178 167 1
178 44 1
178 108 1
178 176 1
178 177 1
178 116 1
179 195 1
179 269 1
179 658 1
179 339 1
179 180 1
179 181 1
179 183 1
179 184 1
179 155 1
179 157 1
180 195 1
180 196 1
180 197 1
180 198 1
180 179 1
180 181 1
180 182 1
180 184 1
181 196 1
181 269 1
181 270 1
181 272 1
181 179 1
181 180 1
181 182 1
181 183 1
181 156 1
181 157 1
182 197 1
182 646 1
182 270 1
182 180 1
182 181 1
182 341 1
182 183 1
182 184 1
183 184 1
183 272 1
183 179 1
183 339 1
183 341 1
183 181 1
183 340 1
183 182 1
183 157 1
183 158 1
184 646 1
184 198 1
184 658 1
184 179 1
184 180 1
184 340 1
184 182 1
184 183 1
185 192 1
185 193 1
185 449 1
185 587 1
185 77 1
185 250 1
185 82 1
185 89 1
185 186 1
185 91 1
185 189 1
186 193 1
186 450 1
186 189 1
186 588 1
186 435 1
186 185 1
186 187 1
186 637 1
186 190 1
187 191 1
187 190 1
187 328 1
187 81 1
187 338 1
187 82 1
187 435 1
187 437 1
187 438 1
187 186 1
187 91 1
187 188 1
187 189 1
187 94 1
188 191 1
188 320 1
188 91 1
188 338 1
188 187 1
188 93 1
189 449 1
189 450 1
189 82 1
189 84 1
189 437 1
189 185 1
189 186 1
189 187 1
190 191 1
190 192 1
190 193 1
190 322 1
190 257 1
190 589 1
190 438 1
190 186 1
190 187 1
190 637 1
191 320 1
191 192 1
191 98 1
191 322 1
191 194 1
191 261 1
191 258 1
191 328 1
191 91 1
191 187 1
191 188 1
191 190 1
192 191 1
192 255 1
192 193 1
192 257 1
192 258 1
192 100 1
192 194 1
192 91 1
192 185 1
192 250 1
192 251 1
192 190 1
193 192 1
193 587 1
193 588 1
193 589 1
193 185 1
193 186 1
193 251 1
193 190 1
194 191 1
194 255 1
194 192 1
194 99 1
194 261 1
194 91 1
195 671 1
195 196 1
195 197 1
195 198 1
195 644 1
195 200 1
195 199 1
195 269 1
195 658 1
195 179 1
195 180 1
195 628 1
196 195 1
196 197 1
196 269 1
196 270 1
196 180 1
196 181 1
197 195 1
197 196 1
197 644 1
197 198 1
197 646 1
197 199 1
197 647 1
197 200 1
197 270 1
197 180 1
197 182 1
197 632 1
198 195 1
198 197 1
198 646 1
198 199 1
198 658 1
198 180 1
198 631 1
198 184 1
199 195 1
199 197 1
199 198 1
199 200 1
199 628 1
199 629 1
199 631 1
199 632 1
200 671 1
200 195 1
200 197 1
200 647 1
200 199 1
200 629 1
201 66 1
201 203 1
201 202 1
201 70 1
202 67 1
202 70 1
202 201 1
202 489 1
202 203 1
202 206 1
202 207 1
202 245 1
203 68 1
203 70 1
203 201 1
203 202 1
203 490 1
203 205 1
203 207 1
203 274 1
204 69 1
204 70 1
204 205 1
204 206 1
204 207 1
204 495 1
204 276 1
204 246 1
205 70 1
205 73 1
205 203 1
205 204 1
205 207 1
205 274 1
205 276 1
205 279 1
206 70 1
206 72 1
206 202 1
206 204 1
206 207 1
206 245 1
206 246 1
206 249 1
207 489 1
207 202 1
207 203 1
207 204 1
207 490 1
207 205 1
207 495 1
207 206 1
207 279 1
207 249 1
208 388 1
208 453 1
208 558 1
208 209 1
208 210 1
208 212 1
208 213 1
208 216 1
208 537 1
208 347 1
209 420 1
209 454 1
209 208 1
209 210 1
209 211 1
209 212 1
209 537 1
209 348 1
210 453 1
210 421 1
210 455 1
210 454 1
210 457 1
210 456 1
210 208 1
210 209 1
210 211 1
210 215 1
210 216 1
210 217 1
211 420 1
211 421 1
211 422 1
211 391 1
211 426 1
211 427 1
211 428 1
211 209 1
211 210 1
211 212 1
211 213 1
211 214 1
211 215 1
211 217 1
211 218 1
211 350 1
212 354 1
212 208 1
212 209 1
212 211 1
212 213 1
212 218 1
212 347 1
212 348 1
212 349 1
212 350 1
213 152 1
213 388 1
213 390 1
213 391 1
213 392 1
213 394 1
213 395 1
213 208 1
213 211 1
213 147 1
213 212 1
213 214 1
213 215 1
213 216 1
213 218 1
213 349 1
214 422 1
214 394 1
214 497 1
214 211 1
214 213 1
214 215 1
215 152 1
215 392 1
215 456 1
215 217 1
215 427 1
215 497 1
215 210 1
215 211 1
215 561 1
215 213 1
215 214 1
215 216 1
215 153 1
215 540 1
216 390 1
216 455 1
216 558 1
216 208 1
216 561 1
216 210 1
216 148 1
216 213 1
216 215 1
216 152 1
217 457 1
217 428 1
217 210 1
217 211 1
217 215 1
217 540 1
218 354 1
218 426 1
218 395 1
218 211 1
218 212 1
218 213 1
219 223 1
219 224 1
219 311 1
219 227 1
219 165 1
219 103 1
219 9 1
219 106 1
219 10 1
219 172 1
219 497 1
219 498 1
219 501 1
219 503 1
219 221 1
219 222 1
220 448 1
220 225 1
220 226 1
220 165 1
220 230 1
220 231 1
220 446 1
220 169 1
220 221 1
220 441 1
220 443 1
220 444 1
220 445 1
220 222 1
221 448 1
221 225 1
221 2 1
221 227 1
221 226 1
221 228 1
221 9 1
221 522 1
221 233 1
221 536 1
221 501 1
221 566 1
221 568 1
221 284 1
221 219 1
221 220 1
221 317 1
221 222 1
222 223 1
222 226 1
222 3 1
222 165 1
222 518 1
222 168 1
222 9 1
222 522 1
222 520 1
222 503 1
222 219 1
222 220 1
222 221 1
222 444 1
223 165 1
223 166 1
223 520 1
223 497 1
223 219 1
223 222 1
224 165 1
224 103 1
224 167 1
224 107 1
224 498 1
224 219 1
225 287 1
225 228 1
225 229 1
225 230 1
225 646 1
225 340 1
225 568 1
225 441 1
225 220 1
225 221 1
226 518 1
226 536 1
226 443 1
226 220 1
226 221 1
226 222 1
227 319 1
227 102 1
227 103 1
227 233 1
227 311 1
227 219 1
227 221 1
227 317 1
228 287 1
228 225 1
228 229 1
228 103 1
228 233 1
228 110 1
228 281 1
228 284 1
228 221 1
228 286 1
229 225 1
229 228 1
229 230 1
229 103 1
229 232 1
229 231 1
229 111 1
229 340 1
229 341 1
229 342 1
229 343 1
229 286 1
230 225 1
230 445 1
230 229 1
230 646 1
230 231 1
230 232 1
230 645 1
230 341 1
230 220 1
230 381 1
231 645 1
231 230 1
231 103 1
231 165 1
231 229 1
231 232 1
231 177 1
231 113 1
231 380 1
231 343 1
231 220 1
231 446 1
232 229 1
232 230 1
232 231 1
232 342 1
232 380 1
232 381 1
233 319 1
233 227 1
233 228 1
233 103 1
233 115 1
233 566 1
233 281 1
233 221 1
234 511 1
234 34 1
234 450 1
234 459 1
234 235 1
234 43 1
234 236 1
234 237 1
234 619 1
234 240 1
234 238 1
234 241 1
234 435 1
234 239 1
234 637 1
234 414 1
235 328 1
235 234 1
235 440 1
235 236 1
235 237 1
235 238 1
235 239 1
235 114 1
235 435 1
235 436 1
235 117 1
235 438 1
235 439 1
235 437 1
235 243 1
235 242 1
236 322 1
236 515 1
236 234 1
236 235 1
236 240 1
236 242 1
236 438 1
236 637 1
237 450 1
237 452 1
237 234 1
237 235 1
237 238 1
237 437 1
238 419 1
238 452 1
238 234 1
238 619 1
238 235 1
238 237 1
238 239 1
238 241 1
238 465 1
238 436 1
239 417 1
239 42 1
239 459 1
239 235 1
239 43 1
239 234 1
239 238 1
239 463 1
239 465 1
239 241 1
239 243 1
239 240 1
239 464 1
239 440 1
240 511 1
240 35 1
240 515 1
240 517 1
240 234 1
240 43 1
240 236 1
240 331 1
240 239 1
240 464 1
240 242 1
240 243 1
241 417 1
241 419 1
241 234 1
241 238 1
241 239 1
241 414 1
242 322 1
242 101 1
242 328 1
242 330 1
242 235 1
242 236 1
242 331 1
242 240 1
242 243 1
242 117 1
243 517 1
243 330 1
243 107 1
243 235 1
243 239 1
243 463 1
243 240 1
243 242 1
243 117 1
243 439 1
244 66 1
244 72 1
244 145 1
244 597 1
244 245 1
244 248 1
244 154 1
245 0 1
245 1 1
245 67 1
245 72 1
245 489 1
245 202 1
245 206 1
245 146 1
245 244 1
245 249 1
245 154 1
246 1 1
246 69 1
246 518 1
246 5 1
246 72 1
246 204 1
246 206 1
246 495 1
246 247 1
246 249 1
247 1 1
247 3 1
247 518 1
247 71 1
247 72 1
247 519 1
247 246 1
247 248 1
248 247 1
248 1 1
248 7 1
248 72 1
248 519 1
248 74 1
248 244 1
248 597 1
248 151 1
248 154 1
249 1 1
249 8 1
249 489 1
249 206 1
249 207 1
249 495 1
249 245 1
249 246 1
250 255 1
250 192 1
250 256 1
250 259 1
250 100 1
250 185 1
250 587 1
250 372 1
250 661 1
250 89 1
250 634 1
250 251 1
250 253 1
250 254 1
251 192 1
251 193 1
251 256 1
251 257 1
251 485 1
251 587 1
251 589 1
251 377 1
251 250 1
251 252 1
252 255 1
252 256 1
252 257 1
252 258 1
252 323 1
252 485 1
252 486 1
252 487 1
252 263 1
252 376 1
252 251 1
252 253 1
253 255 1
253 256 1
253 486 1
253 262 1
253 661 1
253 375 1
253 252 1
253 250 1
253 636 1
253 254 1
254 255 1
254 260 1
254 250 1
254 634 1
254 636 1
254 253 1
255 192 1
255 194 1
255 259 1
255 99 1
255 100 1
255 262 1
255 263 1
255 260 1
255 258 1
255 261 1
255 250 1
255 252 1
255 253 1
255 254 1
256 372 1
256 375 1
256 376 1
256 377 1
256 250 1
256 251 1
256 252 1
256 253 1
257 192 1
257 258 1
257 322 1
257 487 1
257 589 1
257 251 1
257 252 1
257 190 1
258 191 1
258 192 1
258 255 1
258 257 1
258 323 1
258 322 1
258 261 1
258 252 1
259 255 1
259 99 1
259 260 1
259 133 1
259 138 1
259 523 1
259 268 1
259 250 1
259 89 1
259 634 1
260 255 1
260 288 1
260 259 1
260 262 1
260 265 1
260 138 1
260 142 1
260 60 1
260 634 1
260 636 1
260 61 1
260 254 1
261 255 1
261 258 1
261 263 1
261 264 1
261 265 1
261 138 1
261 266 1
261 267 1
261 268 1
261 143 1
261 289 1
261 191 1
261 321 1
261 194 1
261 323 1
261 324 1
261 325 1
261 326 1
261 98 1
261 99 1
262 255 1
262 162 1
262 483 1
262 260 1
262 164 1
262 486 1
262 263 1
262 267 1
262 253 1
262 636 1
262 61 1
262 62 1
263 255 1
263 482 1
263 323 1
263 261 1
263 262 1
263 486 1
263 488 1
263 266 1
263 267 1
263 252 1
264 158 1
264 164 1
264 324 1
264 261 1
264 265 1
264 267 1
264 344 1
264 58 1
264 61 1
264 286 1
265 63 1
265 288 1
265 289 1
265 260 1
265 261 1
265 135 1
265 264 1
265 138 1
265 61 1
265 286 1
266 321 1
266 261 1
266 263 1
266 488 1
266 267 1
266 477 1
267 161 1
267 482 1
267 483 1
267 164 1
267 325 1
267 261 1
267 262 1
267 263 1
267 264 1
267 266 1
267 344 1
267 477 1
268 99 1
268 259 1
268 261 1
268 326 1
268 137 1
268 138 1
268 523 1
268 92 1
269 127 1
269 195 1
269 196 1
269 644 1
269 270 1
269 179 1
269 181 1
269 119 1
269 155 1
269 156 1
270 127 1
270 159 1
270 196 1
270 197 1
270 644 1
270 269 1
270 271 1
270 272 1
270 181 1
270 182 1
270 341 1
270 156 1
270 381 1
270 126 1
271 127 1
271 160 1
271 270 1
271 273 1
271 156 1
271 124 1
271 381 1
271 382 1
272 270 1
272 341 1
272 181 1
272 183 1
272 156 1
272 158 1
273 127 1
273 161 1
273 271 1
273 121 1
273 156 1
273 382 1
274 68 1
274 73 1
274 490 1
274 203 1
274 205 1
274 658 1
274 628 1
274 277 1
274 278 1
274 279 1
275 447 1
275 276 1
275 277 1
275 278 1
275 279 1
275 441 1
275 442 1
275 443 1
276 279 1
276 69 1
276 73 1
276 204 1
276 205 1
276 495 1
276 275 1
276 277 1
276 535 1
276 443 1
277 73 1
277 75 1
277 631 1
277 274 1
277 275 1
277 628 1
277 276 1
277 278 1
277 535 1
277 442 1
278 279 1
278 496 1
278 274 1
278 658 1
278 275 1
278 277 1
278 631 1
278 441 1
279 447 1
279 490 1
279 205 1
279 495 1
279 207 1
279 496 1
279 274 1
279 275 1
279 276 1
279 278 1
280 63 1
280 431 1
280 57 1
280 282 1
280 283 1
280 669 1
281 319 1
281 290 1
281 228 1
281 135 1
281 136 1
281 233 1
281 110 1
281 494 1
281 622 1
281 432 1
281 115 1
281 566 1
281 282 1
281 283 1
281 284 1
281 285 1
282 63 1
282 64 1
282 288 1
282 134 1
282 135 1
282 431 1
282 432 1
282 433 1
282 434 1
282 280 1
282 281 1
282 283 1
283 63 1
283 287 1
283 65 1
283 286 1
283 491 1
283 345 1
283 622 1
283 434 1
283 659 1
283 280 1
283 281 1
283 282 1
283 669 1
283 285 1
284 287 1
284 228 1
284 492 1
284 566 1
284 568 1
284 281 1
284 221 1
284 285 1
285 287 1
285 491 1
285 492 1
285 494 1
285 496 1
285 281 1
285 283 1
285 284 1
286 63 1
286 287 1
286 289 1
286 228 1
286 229 1
286 324 1
286 264 1
286 265 1
286 110 1
286 111 1
286 340 1
286 345 1
286 58 1
286 283 1
287 225 1
287 228 1
287 496 1
287 659 1
287 340 1
287 568 1
287 283 1
287 284 1
287 285 1
287 286 1
288 63 1
288 260 1
288 135 1
288 265 1
288 142 1
288 433 1
288 282 1
288 60 1
289 324 1
289 101 1
289 261 1
289 135 1
289 265 1
289 110 1
289 143 1
289 286 1
290 319 1
290 102 1
290 135 1
290 110 1
290 144 1
290 281 1
291 292 1
291 133 1
291 293 1
291 294 1
291 614 1
291 297 1
291 523 1
291 300 1
291 141 1
291 525 1
291 364 1
291 466 1
292 291 1
292 293 1
292 294 1
292 295 1
292 298 1
292 140 1
292 141 1
292 466 1
292 467 1
292 468 1
292 469 1
292 307 1
293 291 1
293 292 1
293 137 1
293 523 1
293 141 1
293 467 1
294 291 1
294 292 1
294 297 1
294 298 1
294 525 1
294 527 1
294 529 1
294 468 1
295 319 1
295 292 1
295 298 1
295 299 1
295 301 1
295 141 1
295 303 1
295 144 1
295 304 1
295 302 1
295 307 1
295 310 1
295 311 1
295 315 1
295 316 1
295 318 1
296 611 1
296 297 1
296 298 1
296 650 1
296 300 1
296 617 1
296 299 1
296 303 1
296 368 1
296 304 1
296 623 1
296 302 1
296 596 1
296 573 1
297 291 1
297 614 1
297 294 1
297 296 1
297 617 1
297 298 1
297 618 1
297 300 1
297 529 1
297 370 1
298 292 1
298 612 1
298 294 1
298 295 1
298 296 1
298 297 1
298 650 1
298 618 1
298 299 1
298 527 1
298 469 1
298 310 1
299 611 1
299 612 1
299 295 1
299 296 1
299 298 1
299 301 1
299 303 1
299 595 1
299 500 1
299 315 1
300 291 1
300 296 1
300 297 1
300 139 1
300 364 1
300 141 1
300 302 1
300 367 1
300 368 1
300 370 1
301 295 1
301 299 1
301 303 1
301 499 1
301 500 1
301 311 1
302 319 1
302 295 1
302 136 1
302 296 1
302 300 1
302 141 1
302 623 1
302 367 1
302 304 1
302 571 1
303 295 1
303 296 1
303 299 1
303 301 1
303 304 1
303 595 1
303 596 1
303 499 1
303 570 1
303 316 1
304 295 1
304 296 1
304 302 1
304 303 1
304 570 1
304 571 1
304 573 1
304 318 1
305 96 1
305 320 1
305 102 1
305 104 1
305 332 1
305 333 1
305 334 1
305 335 1
305 336 1
305 306 1
305 308 1
305 309 1
305 310 1
305 312 1
305 313 1
305 93 1
306 102 1
306 359 1
306 105 1
306 332 1
306 399 1
306 400 1
306 305 1
306 309 1
306 311 1
306 314 1
307 292 1
307 295 1
307 140 1
307 144 1
307 467 1
307 468 1
307 469 1
307 310 1
307 308 1
307 312 1
308 96 1
308 326 1
308 137 1
308 524 1
308 335 1
308 144 1
308 305 1
308 467 1
308 307 1
308 312 1
308 313 1
308 92 1
309 357 1
309 359 1
309 360 1
309 361 1
309 333 1
309 305 1
309 306 1
309 310 1
309 314 1
309 315 1
310 612 1
310 357 1
310 295 1
310 298 1
310 334 1
310 527 1
310 305 1
310 307 1
310 469 1
310 309 1
310 312 1
310 315 1
311 227 1
311 102 1
311 295 1
311 422 1
311 106 1
311 301 1
311 399 1
311 306 1
311 499 1
311 500 1
311 219 1
311 501 1
311 504 1
311 314 1
311 315 1
311 316 1
311 317 1
311 318 1
312 524 1
312 527 1
312 336 1
312 305 1
312 307 1
312 308 1
312 468 1
312 310 1
313 320 1
313 96 1
313 98 1
313 101 1
313 102 1
313 326 1
313 143 1
313 144 1
313 305 1
313 308 1
314 422 1
314 360 1
314 424 1
314 400 1
314 306 1
314 309 1
314 311 1
314 315 1
315 612 1
315 295 1
315 424 1
315 361 1
315 299 1
315 500 1
315 309 1
315 310 1
315 311 1
315 314 1
316 295 1
316 303 1
316 499 1
316 311 1
316 570 1
316 318 1
317 319 1
317 227 1
317 564 1
317 501 1
317 566 1
317 311 1
317 221 1
317 318 1
318 319 1
318 295 1
318 304 1
318 564 1
318 311 1
318 504 1
318 570 1
318 571 1
318 316 1
318 317 1
319 290 1
319 227 1
319 102 1
319 295 1
319 136 1
319 233 1
319 302 1
319 144 1
319 115 1
319 566 1
319 281 1
319 571 1
319 317 1
319 318 1
320 191 1
320 98 1
320 101 1
320 104 1
320 328 1
320 305 1
320 338 1
320 313 1
320 188 1
320 93 1
321 512 1
321 322 1
321 323 1
321 325 1
321 101 1
321 327 1
321 261 1
321 488 1
321 266 1
321 555 1
321 556 1
321 331 1
321 112 1
321 477 1
322 191 1
322 257 1
322 258 1
322 323 1
322 321 1
322 515 1
322 487 1
322 328 1
322 331 1
322 236 1
322 556 1
322 242 1
322 438 1
322 190 1
323 321 1
323 258 1
323 322 1
323 261 1
323 263 1
323 488 1
323 487 1
323 252 1
324 289 1
324 101 1
324 261 1
324 327 1
324 264 1
324 329 1
324 325 1
324 111 1
324 342 1
324 343 1
324 344 1
324 286 1
325 321 1
325 324 1
325 261 1
325 382 1
325 327 1
325 329 1
325 267 1
325 344 1
325 477 1
325 478 1
326 98 1
326 261 1
326 137 1
326 268 1
326 143 1
326 308 1
326 313 1
326 92 1
327 321 1
327 324 1
327 325 1
327 101 1
327 329 1
327 555 1
327 113 1
327 343 1
327 380 1
327 478 1
328 191 1
328 320 1
328 322 1
328 101 1
328 235 1
328 114 1
328 242 1
328 338 1
328 438 1
328 187 1
329 324 1
329 325 1
329 327 1
329 342 1
329 380 1
329 382 1
330 101 1
330 517 1
330 107 1
330 331 1
330 242 1
330 243 1
331 512 1
331 321 1
331 322 1
331 515 1
331 101 1
331 517 1
331 330 1
331 240 1
331 242 1
331 116 1
332 95 1
332 359 1
332 104 1
332 105 1
332 396 1
332 397 1
332 398 1
332 334 1
332 336 1
332 305 1
332 306 1
332 83 1
332 337 1
332 333 1
332 338 1
332 87 1
332 402 1
332 93 1
333 357 1
333 359 1
333 332 1
333 334 1
333 305 1
333 309 1
334 357 1
334 332 1
334 333 1
334 396 1
334 527 1
334 592 1
334 305 1
334 337 1
334 336 1
334 310 1
335 524 1
335 336 1
335 305 1
335 308 1
335 92 1
335 93 1
336 524 1
336 332 1
336 398 1
336 527 1
336 334 1
336 305 1
336 335 1
336 337 1
336 528 1
336 312 1
336 90 1
336 93 1
337 332 1
337 397 1
337 334 1
337 336 1
337 592 1
337 528 1
338 320 1
338 328 1
338 104 1
338 332 1
338 81 1
338 114 1
338 402 1
338 87 1
338 187 1
338 188 1
338 93 1
338 94 1
339 345 1
339 658 1
339 179 1
339 340 1
339 183 1
339 57 1
339 58 1
339 155 1
339 669 1
339 158 1
340 287 1
340 225 1
340 229 1
340 646 1
340 658 1
340 339 1
340 659 1
340 341 1
340 183 1
340 184 1
340 345 1
340 286 1
341 159 1
341 479 1
341 229 1
341 230 1
341 646 1
341 270 1
341 272 1
341 342 1
341 340 1
341 182 1
341 183 1
341 344 1
341 381 1
341 158 1
342 324 1
342 229 1
342 232 1
342 329 1
342 341 1
342 343 1
342 344 1
342 380 1
342 381 1
342 382 1
343 324 1
343 229 1
343 231 1
343 327 1
343 111 1
343 113 1
343 342 1
343 380 1
344 479 1
344 161 1
344 324 1
344 325 1
344 382 1
344 264 1
344 267 1
344 341 1
344 342 1
344 158 1
345 65 1
345 339 1
345 659 1
345 340 1
345 58 1
345 283 1
345 669 1
345 286 1
346 351 1
346 353 1
346 354 1
346 609 1
346 387 1
346 625 1
346 594 1
346 347 1
346 349 1
347 351 1
347 352 1
347 353 1
347 610 1
347 388 1
347 583 1
347 208 1
347 626 1
347 212 1
347 537 1
347 346 1
347 348 1
347 349 1
348 352 1
348 353 1
348 420 1
348 209 1
348 212 1
348 537 1
348 538 1
348 347 1
348 539 1
348 350 1
349 351 1
349 354 1
349 387 1
349 388 1
349 389 1
349 395 1
349 212 1
349 213 1
349 346 1
349 347 1
350 353 1
350 354 1
350 420 1
350 424 1
350 426 1
350 211 1
350 212 1
350 348 1
351 389 1
351 625 1
351 626 1
351 346 1
351 347 1
351 349 1
352 353 1
352 583 1
352 584 1
352 538 1
352 347 1
352 348 1
353 352 1
353 609 1
353 610 1
353 354 1
353 424 1
353 584 1
353 348 1
353 595 1
353 346 1
353 347 1
353 539 1
353 350 1
354 353 1
354 426 1
354 395 1
354 346 1
354 594 1
354 595 1
354 212 1
354 218 1
354 349 1
354 350 1
355 356 1
355 358 1
355 362 1
355 620 1
355 14 1
355 591 1
355 20 1
355 505 1
356 355 1
356 357 1
356 358 1
356 423 1
356 360 1
356 361 1
356 17 1
356 20 1
356 505 1
356 507 1
356 508 1
356 509 1
357 356 1
357 612 1
357 358 1
357 359 1
357 361 1
357 396 1
357 333 1
357 334 1
357 592 1
357 309 1
357 310 1
357 507 1
358 355 1
358 356 1
358 357 1
358 359 1
358 362 1
358 397 1
358 591 1
358 80 1
358 592 1
358 593 1
358 86 1
358 508 1
359 357 1
359 358 1
359 360 1
359 362 1
359 363 1
359 396 1
359 333 1
359 332 1
359 397 1
359 400 1
359 401 1
359 306 1
359 83 1
359 403 1
359 309 1
359 86 1
360 356 1
360 423 1
360 424 1
360 361 1
360 359 1
360 363 1
360 428 1
360 400 1
360 18 1
360 20 1
360 309 1
360 314 1
361 356 1
361 612 1
361 357 1
361 360 1
361 424 1
361 309 1
361 315 1
361 509 1
362 546 1
362 355 1
362 358 1
362 359 1
362 363 1
362 620 1
362 79 1
362 593 1
362 403 1
362 20 1
362 86 1
362 23 1
363 546 1
363 359 1
363 360 1
363 362 1
363 428 1
363 401 1
363 20 1
363 21 1
364 291 1
364 133 1
364 614 1
364 139 1
364 300 1
364 429 1
364 366 1
364 365 1
364 370 1
365 615 1
365 648 1
365 364 1
365 621 1
365 430 1
365 366 1
365 367 1
365 369 1
365 370 1
365 594 1
365 371 1
365 368 1
365 569 1
366 134 1
366 139 1
366 364 1
366 429 1
366 365 1
366 430 1
366 367 1
366 432 1
367 136 1
367 139 1
367 300 1
367 365 1
367 302 1
367 621 1
367 432 1
367 366 1
367 368 1
367 623 1
367 369 1
367 571 1
368 296 1
368 648 1
368 617 1
368 300 1
368 365 1
368 367 1
368 623 1
368 369 1
368 370 1
368 371 1
368 596 1
368 573 1
369 365 1
369 367 1
369 368 1
369 371 1
369 569 1
369 570 1
369 571 1
369 573 1
370 614 1
370 615 1
370 297 1
370 617 1
370 364 1
370 300 1
370 365 1
370 368 1
371 365 1
371 368 1
371 369 1
371 594 1
371 596 1
371 570 1
372 256 1
372 634 1
372 587 1
372 250 1
372 373 1
372 374 1
372 375 1
372 661 1
372 377 1
372 378 1
373 484 1
373 132 1
373 588 1
373 372 1
373 118 1
373 376 1
373 377 1
373 374 1
374 635 1
374 163 1
374 132 1
374 155 1
374 372 1
374 373 1
374 662 1
374 375 1
374 378 1
374 119 1
375 256 1
375 162 1
375 163 1
375 483 1
375 486 1
375 372 1
375 661 1
375 662 1
375 376 1
375 378 1
375 379 1
375 636 1
375 253 1
375 374 1
376 256 1
376 482 1
376 131 1
376 132 1
376 484 1
376 486 1
376 485 1
376 373 1
376 375 1
376 377 1
376 379 1
376 252 1
377 256 1
377 485 1
377 587 1
377 588 1
377 372 1
377 373 1
377 376 1
377 251 1
378 372 1
378 374 1
378 375 1
378 634 1
378 635 1
378 636 1
379 161 1
379 482 1
379 483 1
379 163 1
379 132 1
379 375 1
379 376 1
379 121 1
380 383 1
380 385 1
380 386 1
380 645 1
380 656 1
380 50 1
380 52 1
380 446 1
380 327 1
380 329 1
380 342 1
380 343 1
380 478 1
380 231 1
380 232 1
380 633 1
380 123 1
380 124 1
380 381 1
380 382 1
381 384 1
381 385 1
381 386 1
381 645 1
381 382 1
381 647 1
381 270 1
381 271 1
381 159 1
381 160 1
381 445 1
381 341 1
381 342 1
381 479 1
381 230 1
381 232 1
381 124 1
381 632 1
381 380 1
381 126 1
382 479 1
382 160 1
382 161 1
382 325 1
382 329 1
382 271 1
382 273 1
382 124 1
382 342 1
382 344 1
382 121 1
382 380 1
382 381 1
382 478 1
383 384 1
383 385 1
383 46 1
383 655 1
383 656 1
383 52 1
383 630 1
383 380 1
384 383 1
384 385 1
384 130 1
384 647 1
384 655 1
384 51 1
384 52 1
384 629 1
384 124 1
384 381 1
385 383 1
385 384 1
385 386 1
385 629 1
385 630 1
385 632 1
385 633 1
385 442 1
385 380 1
385 381 1
386 385 1
386 445 1
386 442 1
386 380 1
386 381 1
386 446 1
387 0 1
387 389 1
387 11 1
387 395 1
387 625 1
387 146 1
387 147 1
387 594 1
387 346 1
387 349 1
388 389 1
388 390 1
388 558 1
388 208 1
388 626 1
388 213 1
388 347 1
388 349 1
389 351 1
389 387 1
389 388 1
389 390 1
389 625 1
389 626 1
389 147 1
389 562 1
389 150 1
389 349 1
390 388 1
390 389 1
390 558 1
390 562 1
390 147 1
390 148 1
390 213 1
390 216 1
391 422 1
391 394 1
391 426 1
391 395 1
391 211 1
391 213 1
392 393 1
392 394 1
392 11 1
392 12 1
392 497 1
392 147 1
392 213 1
392 598 1
392 215 1
392 153 1
393 7 1
393 392 1
393 11 1
393 147 1
393 598 1
393 151 1
394 422 1
394 391 1
394 392 1
394 10 1
394 11 1
394 395 1
394 497 1
394 499 1
394 213 1
394 214 1
395 354 1
395 387 1
395 4 1
395 391 1
395 426 1
395 11 1
395 394 1
395 594 1
395 499 1
395 213 1
395 218 1
395 349 1
396 357 1
396 359 1
396 332 1
396 397 1
396 334 1
396 592 1
397 95 1
397 97 1
397 358 1
397 359 1
397 332 1
397 396 1
397 398 1
397 80 1
397 337 1
397 592 1
397 83 1
397 528 1
398 95 1
398 332 1
398 397 1
398 336 1
398 528 1
398 90 1
399 422 1
399 105 1
399 106 1
399 400 1
399 401 1
399 306 1
399 498 1
399 311 1
400 422 1
400 359 1
400 360 1
400 428 1
400 399 1
400 401 1
400 306 1
400 314 1
401 546 1
401 359 1
401 105 1
401 363 1
401 107 1
401 428 1
401 399 1
401 400 1
401 498 1
401 402 1
401 403 1
401 439 1
402 105 1
402 332 1
402 81 1
402 338 1
402 114 1
402 83 1
402 401 1
402 403 1
402 439 1
402 436 1
403 546 1
403 359 1
403 362 1
403 79 1
403 401 1
403 402 1
403 83 1
403 436 1
404 33 1
404 408 1
404 651 1
404 670 1
404 405 1
404 470 1
404 24 1
404 410 1
404 411 1
404 412 1
404 574 1
405 33 1
405 652 1
405 404 1
405 406 1
405 407 1
405 25 1
405 410 1
405 605 1
405 638 1
406 639 1
406 45 1
406 638 1
406 49 1
406 405 1
406 407 1
406 410 1
406 606 1
407 33 1
407 582 1
407 606 1
407 47 1
407 49 1
407 405 1
407 406 1
407 408 1
407 475 1
407 412 1
407 605 1
407 30 1
408 471 1
408 48 1
408 49 1
408 404 1
408 474 1
408 470 1
408 407 1
408 472 1
408 409 1
408 475 1
408 411 1
408 412 1
409 46 1
409 655 1
409 49 1
409 471 1
409 408 1
409 411 1
410 639 1
410 651 1
410 652 1
410 654 1
410 49 1
410 404 1
410 405 1
410 406 1
410 55 1
410 411 1
411 472 1
411 654 1
411 655 1
411 49 1
411 51 1
411 404 1
411 408 1
411 409 1
411 410 1
411 670 1
412 31 1
412 33 1
412 582 1
412 404 1
412 407 1
412 408 1
412 474 1
412 574 1
413 415 1
413 416 1
413 418 1
413 547 1
413 530 1
413 414 1
414 415 1
414 417 1
414 418 1
414 419 1
414 234 1
414 459 1
414 619 1
414 241 1
414 531 1
414 413 1
415 416 1
415 419 1
415 548 1
415 620 1
415 413 1
415 414 1
416 415 1
416 417 1
416 418 1
416 547 1
416 548 1
416 419 1
416 553 1
416 462 1
416 534 1
416 413 1
417 416 1
417 418 1
417 419 1
417 459 1
417 461 1
417 462 1
417 239 1
417 241 1
417 465 1
417 414 1
418 416 1
418 417 1
418 461 1
418 530 1
418 531 1
418 534 1
418 413 1
418 414 1
419 415 1
419 416 1
419 417 1
419 553 1
419 619 1
419 620 1
419 238 1
419 241 1
419 465 1
419 414 1
420 421 1
420 454 1
420 423 1
420 424 1
420 425 1
420 510 1
420 16 1
420 209 1
420 18 1
420 211 1
420 538 1
420 539 1
420 348 1
420 350 1
421 420 1
421 454 1
421 457 1
421 428 1
421 15 1
421 18 1
421 211 1
421 210 1
422 391 1
422 424 1
422 394 1
422 427 1
422 426 1
422 428 1
422 399 1
422 400 1
422 497 1
422 498 1
422 211 1
422 500 1
422 499 1
422 214 1
422 311 1
422 314 1
423 356 1
423 420 1
423 360 1
423 425 1
423 424 1
423 17 1
423 18 1
423 506 1
423 509 1
423 510 1
424 353 1
424 420 1
424 422 1
424 423 1
424 360 1
424 361 1
424 584 1
424 425 1
424 426 1
424 595 1
424 500 1
424 314 1
424 315 1
424 539 1
424 509 1
424 350 1
425 420 1
425 423 1
425 584 1
425 424 1
425 506 1
425 538 1
426 354 1
426 422 1
426 391 1
426 424 1
426 395 1
426 211 1
426 499 1
426 595 1
426 218 1
426 350 1
427 422 1
427 428 1
427 497 1
427 211 1
427 215 1
427 540 1
428 421 1
428 422 1
428 360 1
428 457 1
428 363 1
428 427 1
428 400 1
428 401 1
428 18 1
428 211 1
428 498 1
428 21 1
428 217 1
428 540 1
429 64 1
429 133 1
429 134 1
429 364 1
429 366 1
429 430 1
429 431 1
429 433 1
429 434 1
429 56 1
429 634 1
429 667 1
430 429 1
430 365 1
430 366 1
430 432 1
430 621 1
430 434 1
430 668 1
431 64 1
431 429 1
431 434 1
431 280 1
431 57 1
431 282 1
431 669 1
432 134 1
432 136 1
432 621 1
432 366 1
432 367 1
432 430 1
432 622 1
432 434 1
432 281 1
432 282 1
433 64 1
433 288 1
433 134 1
433 634 1
433 429 1
433 142 1
433 282 1
433 60 1
434 667 1
434 429 1
434 430 1
434 431 1
434 432 1
434 622 1
434 282 1
434 283 1
434 668 1
434 669 1
435 450 1
435 234 1
435 235 1
435 437 1
435 438 1
435 186 1
435 187 1
435 637 1
436 546 1
436 452 1
436 235 1
436 238 1
436 79 1
436 81 1
436 402 1
436 403 1
436 465 1
436 437 1
436 439 1
436 440 1
437 450 1
437 452 1
437 235 1
437 237 1
437 81 1
437 435 1
437 84 1
437 436 1
437 187 1
437 189 1
438 322 1
438 328 1
438 235 1
438 236 1
438 435 1
438 187 1
438 637 1
438 190 1
439 546 1
439 107 1
439 235 1
439 463 1
439 401 1
439 114 1
439 243 1
439 402 1
439 436 1
439 440 1
440 235 1
440 239 1
440 463 1
440 465 1
440 436 1
440 439 1
441 447 1
441 448 1
441 225 1
441 646 1
441 496 1
441 275 1
441 278 1
441 631 1
441 568 1
441 442 1
441 220 1
441 445 1
442 385 1
442 386 1
442 535 1
442 169 1
442 521 1
442 171 1
442 275 1
442 277 1
442 633 1
442 631 1
442 632 1
442 441 1
442 443 1
442 444 1
442 445 1
442 446 1
443 447 1
443 448 1
443 226 1
443 518 1
443 495 1
443 275 1
443 276 1
443 535 1
443 536 1
443 442 1
443 220 1
443 444 1
444 518 1
444 168 1
444 169 1
444 521 1
444 442 1
444 443 1
444 220 1
444 222 1
445 386 1
445 645 1
445 230 1
445 646 1
445 632 1
445 441 1
445 442 1
445 220 1
445 381 1
445 446 1
446 386 1
446 645 1
446 231 1
446 169 1
446 177 1
446 380 1
446 633 1
446 442 1
446 220 1
446 445 1
447 448 1
447 492 1
447 495 1
447 496 1
447 275 1
447 279 1
447 441 1
447 443 1
448 447 1
448 492 1
448 568 1
448 536 1
448 441 1
448 443 1
448 220 1
448 221 1
449 450 1
449 451 1
449 77 1
449 84 1
449 185 1
449 189 1
450 449 1
450 451 1
450 452 1
450 234 1
450 619 1
450 237 1
450 435 1
450 437 1
450 186 1
450 189 1
451 449 1
451 450 1
451 452 1
451 620 1
451 78 1
451 84 1
452 450 1
452 451 1
452 619 1
452 620 1
452 237 1
452 238 1
452 79 1
452 84 1
452 437 1
452 436 1
453 548 1
453 454 1
453 455 1
453 458 1
453 14 1
453 15 1
453 208 1
453 558 1
453 210 1
453 537 1
454 420 1
454 421 1
454 453 1
454 15 1
454 16 1
454 209 1
454 210 1
454 537 1
455 545 1
455 453 1
455 456 1
455 457 1
455 552 1
455 458 1
455 558 1
455 561 1
455 210 1
455 216 1
456 455 1
456 457 1
456 561 1
456 210 1
456 215 1
456 540 1
457 543 1
457 545 1
457 421 1
457 455 1
457 456 1
457 458 1
457 428 1
457 15 1
457 210 1
457 21 1
457 217 1
457 540 1
458 543 1
458 548 1
458 453 1
458 455 1
458 552 1
458 457 1
458 15 1
458 22 1
459 417 1
459 34 1
459 42 1
459 234 1
459 461 1
459 239 1
459 531 1
459 25 1
459 28 1
459 414 1
460 516 1
460 549 1
460 41 1
460 42 1
460 461 1
460 462 1
460 463 1
460 464 1
460 532 1
460 27 1
460 28 1
460 541 1
461 417 1
461 418 1
461 459 1
461 460 1
461 462 1
461 531 1
461 532 1
461 534 1
461 26 1
461 28 1
462 543 1
462 416 1
462 417 1
462 549 1
462 553 1
462 460 1
462 461 1
462 463 1
462 465 1
462 534 1
463 543 1
463 546 1
463 517 1
463 460 1
463 462 1
463 239 1
463 464 1
463 465 1
463 243 1
463 439 1
463 440 1
463 541 1
464 35 1
464 516 1
464 517 1
464 42 1
464 460 1
464 239 1
464 240 1
464 463 1
465 417 1
465 546 1
465 419 1
465 553 1
465 238 1
465 239 1
465 462 1
465 463 1
465 436 1
465 440 1
466 291 1
466 292 1
466 523 1
466 525 1
466 467 1
466 468 1
467 292 1
467 293 1
467 137 1
467 523 1
467 140 1
467 524 1
467 466 1
467 307 1
467 308 1
467 468 1
468 292 1
468 294 1
468 524 1
468 525 1
468 527 1
468 466 1
468 307 1
468 467 1
468 469 1
468 312 1
469 292 1
469 298 1
469 527 1
469 307 1
469 468 1
469 310 1
470 66 1
470 408 1
470 76 1
470 574 1
470 627 1
470 404 1
470 597 1
470 472 1
470 473 1
470 474 1
470 476 1
470 670 1
471 607 1
471 579 1
471 408 1
471 46 1
471 175 1
471 48 1
471 174 1
471 655 1
471 473 1
471 630 1
471 472 1
471 409 1
471 474 1
471 475 1
472 655 1
472 629 1
472 470 1
472 471 1
472 408 1
472 473 1
472 411 1
472 670 1
473 630 1
473 171 1
473 75 1
473 76 1
473 175 1
473 600 1
473 627 1
473 629 1
473 470 1
473 471 1
473 472 1
473 476 1
474 476 1
474 579 1
474 581 1
474 582 1
474 173 1
474 175 1
474 470 1
474 471 1
474 408 1
474 475 1
474 412 1
474 574 1
475 607 1
475 471 1
475 582 1
475 47 1
475 48 1
475 407 1
475 408 1
475 474 1
476 581 1
476 74 1
476 170 1
476 76 1
476 175 1
476 597 1
476 470 1
476 600 1
476 473 1
476 474 1
477 480 1
477 321 1
477 512 1
477 482 1
477 325 1
477 488 1
477 266 1
477 267 1
477 555 1
477 121 1
477 125 1
477 478 1
478 480 1
478 640 1
478 514 1
478 481 1
478 325 1
478 327 1
478 555 1
478 121 1
478 123 1
478 380 1
478 477 1
478 382 1
479 159 1
479 161 1
479 341 1
479 344 1
479 381 1
479 382 1
480 128 1
480 512 1
480 514 1
480 481 1
480 513 1
480 121 1
480 477 1
480 478 1
481 640 1
481 480 1
481 513 1
481 120 1
481 121 1
481 478 1
482 131 1
482 483 1
482 486 1
482 263 1
482 488 1
482 267 1
482 376 1
482 121 1
482 379 1
482 477 1
483 161 1
483 162 1
483 482 1
483 262 1
483 486 1
483 267 1
483 375 1
483 379 1
484 131 1
484 485 1
484 487 1
484 488 1
484 554 1
484 588 1
484 373 1
484 118 1
484 376 1
484 637 1
485 484 1
485 487 1
485 588 1
485 589 1
485 376 1
485 377 1
485 251 1
485 252 1
486 482 1
486 483 1
486 262 1
486 263 1
486 375 1
486 376 1
486 252 1
486 253 1
487 257 1
487 322 1
487 323 1
487 484 1
487 485 1
487 488 1
487 556 1
487 589 1
487 252 1
487 637 1
488 321 1
488 482 1
488 131 1
488 484 1
488 323 1
488 477 1
488 263 1
488 487 1
488 266 1
488 554 1
488 556 1
488 125 1
489 0 1
489 8 1
489 202 1
489 491 1
489 492 1
489 493 1
489 490 1
489 207 1
489 563 1
489 569 1
489 245 1
489 249 1
489 668 1
490 489 1
490 203 1
490 491 1
490 207 1
490 496 1
490 274 1
490 658 1
490 279 1
490 669 1
491 668 1
491 489 1
491 490 1
491 492 1
491 493 1
491 494 1
491 622 1
491 496 1
491 659 1
491 567 1
491 283 1
491 572 1
491 669 1
491 285 1
492 447 1
492 448 1
492 2 1
492 8 1
492 489 1
492 491 1
492 493 1
492 494 1
492 495 1
492 496 1
492 536 1
492 563 1
492 564 1
492 566 1
492 567 1
492 568 1
492 284 1
492 285 1
493 489 1
493 491 1
493 492 1
493 564 1
493 569 1
493 572 1
494 491 1
494 492 1
494 622 1
494 566 1
494 281 1
494 285 1
495 447 1
495 5 1
495 8 1
495 204 1
495 492 1
495 207 1
495 276 1
495 246 1
495 279 1
495 536 1
495 249 1
495 443 1
496 287 1
496 447 1
496 490 1
496 491 1
496 492 1
496 658 1
496 659 1
496 278 1
496 279 1
496 568 1
496 441 1
496 285 1
497 223 1
497 598 1
497 422 1
497 166 1
497 392 1
497 520 1
497 10 1
497 394 1
497 172 1
497 12 1
497 427 1
497 498 1
497 502 1
497 503 1
497 214 1
497 219 1
497 540 1
497 215 1
498 224 1
498 422 1
498 167 1
498 106 1
498 107 1
498 172 1
498 428 1
498 399 1
498 401 1
498 497 1
498 219 1
498 540 1
499 4 1
499 422 1
499 10 1
499 395 1
499 394 1
499 301 1
499 426 1
499 303 1
499 595 1
499 500 1
499 565 1
499 501 1
499 311 1
499 504 1
499 570 1
499 316 1
500 422 1
500 424 1
500 299 1
500 301 1
500 499 1
500 595 1
500 311 1
500 315 1
501 317 1
501 2 1
501 10 1
501 499 1
501 564 1
501 565 1
501 311 1
501 504 1
501 219 1
501 221 1
502 7 1
502 519 1
502 10 1
502 497 1
502 598 1
502 503 1
503 3 1
503 519 1
503 520 1
503 10 1
503 497 1
503 502 1
503 219 1
503 222 1
504 499 1
504 564 1
504 501 1
504 311 1
504 570 1
504 318 1
505 355 1
505 356 1
505 583 1
505 507 1
505 14 1
505 591 1
505 17 1
505 506 1
505 666 1
505 508 1
506 423 1
506 584 1
506 425 1
506 583 1
506 585 1
506 17 1
506 19 1
506 505 1
506 538 1
506 507 1
506 509 1
506 510 1
507 356 1
507 357 1
507 612 1
507 585 1
507 592 1
507 505 1
507 506 1
507 666 1
507 508 1
507 509 1
508 356 1
508 358 1
508 591 1
508 592 1
508 505 1
508 507 1
509 356 1
509 612 1
509 423 1
509 424 1
509 361 1
509 584 1
509 506 1
509 507 1
510 420 1
510 423 1
510 16 1
510 17 1
510 506 1
510 538 1
511 128 1
511 513 1
511 34 1
511 35 1
511 512 1
511 515 1
511 234 1
511 554 1
511 240 1
511 118 1
511 637 1
511 638 1
512 511 1
512 128 1
512 321 1
512 480 1
512 515 1
512 514 1
512 554 1
512 331 1
512 556 1
512 555 1
512 112 1
512 116 1
512 125 1
512 477 1
513 511 1
513 128 1
513 481 1
513 480 1
513 35 1
513 640 1
513 37 1
513 514 1
513 45 1
513 53 1
513 120 1
513 638 1
514 480 1
514 512 1
514 640 1
514 35 1
514 513 1
514 39 1
514 555 1
514 177 1
514 113 1
514 50 1
514 116 1
514 53 1
514 178 1
514 478 1
515 511 1
515 512 1
515 322 1
515 331 1
515 236 1
515 556 1
515 240 1
515 637 1
516 35 1
516 517 1
516 41 1
516 460 1
516 176 1
516 464 1
516 178 1
516 541 1
517 516 1
517 167 1
517 330 1
517 107 1
517 331 1
517 463 1
517 240 1
517 464 1
517 178 1
517 243 1
517 116 1
517 541 1
518 247 1
518 226 1
518 3 1
518 69 1
518 5 1
518 71 1
518 521 1
518 522 1
518 246 1
518 535 1
518 536 1
518 443 1
518 444 1
518 222 1
519 3 1
519 248 1
519 598 1
519 7 1
519 168 1
519 71 1
519 74 1
519 170 1
519 521 1
519 503 1
519 520 1
519 502 1
519 247 1
519 600 1
520 223 1
520 166 1
520 519 1
520 168 1
520 497 1
520 598 1
520 503 1
520 222 1
521 518 1
521 71 1
521 168 1
521 519 1
521 171 1
521 75 1
521 535 1
521 600 1
521 442 1
521 444 1
522 2 1
522 3 1
522 518 1
522 536 1
522 221 1
522 222 1
523 259 1
523 291 1
523 293 1
523 133 1
523 137 1
523 268 1
523 524 1
523 525 1
523 466 1
523 467 1
523 89 1
523 92 1
524 523 1
524 525 1
524 335 1
524 336 1
524 467 1
524 308 1
524 468 1
524 312 1
524 90 1
524 92 1
525 291 1
525 614 1
525 294 1
525 523 1
525 524 1
525 77 1
525 526 1
525 527 1
525 528 1
525 529 1
525 466 1
525 590 1
525 468 1
525 665 1
525 88 1
525 89 1
525 90 1
526 525 1
526 527 1
526 591 1
526 528 1
526 666 1
527 294 1
527 298 1
527 618 1
527 525 1
527 334 1
527 526 1
527 336 1
527 528 1
527 592 1
527 529 1
527 468 1
527 469 1
527 310 1
527 312 1
527 665 1
527 666 1
528 97 1
528 397 1
528 525 1
528 398 1
528 80 1
528 336 1
528 337 1
528 590 1
528 591 1
528 526 1
528 527 1
528 592 1
528 88 1
528 90 1
529 294 1
529 614 1
529 297 1
529 618 1
529 525 1
529 527 1
530 418 1
530 547 1
530 531 1
530 533 1
530 534 1
530 24 1
530 601 1
530 26 1
530 413 1
531 418 1
531 459 1
531 461 1
531 530 1
531 25 1
531 26 1
531 414 1
532 549 1
532 460 1
532 461 1
532 533 1
532 534 1
532 602 1
532 26 1
532 27 1
533 550 1
533 26 1
533 530 1
533 532 1
533 534 1
533 601 1
533 602 1
533 29 1
534 416 1
534 418 1
534 547 1
534 549 1
534 550 1
534 461 1
534 462 1
534 530 1
534 532 1
534 533 1
535 69 1
535 518 1
535 521 1
535 75 1
535 276 1
535 277 1
535 442 1
535 443 1
536 448 1
536 2 1
536 226 1
536 5 1
536 518 1
536 522 1
536 492 1
536 495 1
536 443 1
536 221 1
537 453 1
537 454 1
537 583 1
537 14 1
537 16 1
537 209 1
537 208 1
537 538 1
537 347 1
537 348 1
538 352 1
538 420 1
538 583 1
538 584 1
538 425 1
538 16 1
538 19 1
538 537 1
538 506 1
538 539 1
538 348 1
538 510 1
539 353 1
539 420 1
539 584 1
539 424 1
539 538 1
539 348 1
540 544 1
540 545 1
540 166 1
540 167 1
540 456 1
540 457 1
540 427 1
540 428 1
540 497 1
540 498 1
540 561 1
540 660 1
540 215 1
540 664 1
540 217 1
540 604 1
540 541 1
540 542 1
541 543 1
541 516 1
541 517 1
541 549 1
541 167 1
541 460 1
541 463 1
541 176 1
541 660 1
541 602 1
541 540 1
541 542 1
542 543 1
542 544 1
542 540 1
542 550 1
542 602 1
542 603 1
542 604 1
542 541 1
543 544 1
543 545 1
543 546 1
543 549 1
543 550 1
543 551 1
543 552 1
543 457 1
543 458 1
543 553 1
543 462 1
543 463 1
543 21 1
543 22 1
543 541 1
543 542 1
544 543 1
544 545 1
544 551 1
544 559 1
544 664 1
544 603 1
544 540 1
544 542 1
545 543 1
545 544 1
545 455 1
545 552 1
545 457 1
545 559 1
545 561 1
545 540 1
546 543 1
546 553 1
546 362 1
546 363 1
546 463 1
546 465 1
546 401 1
546 403 1
546 436 1
546 21 1
546 439 1
546 23 1
547 416 1
547 548 1
547 550 1
547 551 1
547 552 1
547 557 1
547 530 1
547 534 1
547 663 1
547 601 1
547 413 1
548 415 1
548 416 1
548 547 1
548 453 1
548 552 1
548 553 1
548 458 1
548 620 1
548 14 1
548 558 1
548 22 1
549 543 1
549 550 1
549 460 1
549 462 1
549 532 1
549 534 1
549 602 1
549 541 1
550 543 1
550 547 1
550 549 1
550 551 1
550 533 1
550 534 1
550 601 1
550 602 1
550 603 1
550 542 1
551 543 1
551 544 1
551 547 1
551 550 1
551 552 1
551 559 1
551 663 1
551 603 1
552 543 1
552 545 1
552 547 1
552 548 1
552 455 1
552 551 1
552 458 1
552 557 1
552 558 1
552 559 1
553 543 1
553 416 1
553 546 1
553 419 1
553 548 1
553 620 1
553 462 1
553 465 1
553 22 1
553 23 1
554 511 1
554 512 1
554 484 1
554 488 1
554 637 1
554 556 1
554 118 1
554 125 1
555 512 1
555 321 1
555 514 1
555 327 1
555 112 1
555 113 1
555 477 1
555 478 1
556 512 1
556 321 1
556 322 1
556 515 1
556 487 1
556 488 1
556 554 1
556 637 1
557 641 1
557 547 1
557 552 1
557 558 1
557 559 1
557 624 1
557 145 1
557 562 1
557 560 1
557 148 1
557 663 1
558 388 1
558 453 1
558 390 1
558 455 1
558 552 1
558 548 1
558 557 1
558 208 1
558 562 1
558 626 1
558 216 1
559 544 1
559 545 1
559 642 1
559 551 1
559 552 1
559 557 1
559 560 1
559 561 1
559 663 1
559 664 1
560 641 1
560 642 1
560 643 1
560 557 1
560 559 1
560 561 1
560 148 1
560 149 1
561 545 1
561 216 1
561 643 1
561 455 1
561 456 1
561 559 1
561 560 1
561 148 1
561 215 1
561 664 1
561 153 1
561 540 1
562 389 1
562 390 1
562 557 1
562 558 1
562 624 1
562 626 1
562 148 1
562 150 1
563 0 1
563 2 1
563 489 1
563 492 1
563 564 1
563 569 1
564 2 1
564 566 1
564 6 1
564 492 1
564 493 1
564 563 1
564 501 1
564 565 1
564 567 1
564 504 1
564 569 1
564 570 1
564 571 1
564 572 1
564 317 1
564 318 1
565 2 1
565 4 1
565 499 1
565 564 1
565 501 1
565 570 1
566 319 1
566 233 1
566 492 1
566 494 1
566 622 1
566 221 1
566 564 1
566 567 1
566 281 1
566 571 1
566 284 1
566 317 1
567 491 1
567 492 1
567 622 1
567 564 1
567 566 1
567 572 1
568 287 1
568 448 1
568 225 1
568 492 1
568 496 1
568 441 1
568 284 1
568 221 1
569 0 1
569 668 1
569 6 1
569 489 1
569 365 1
569 493 1
569 621 1
569 369 1
569 594 1
569 563 1
569 564 1
569 570 1
569 571 1
569 572 1
570 4 1
570 6 1
570 303 1
570 304 1
570 369 1
570 594 1
570 371 1
570 499 1
570 564 1
570 565 1
570 596 1
570 504 1
570 569 1
570 316 1
570 573 1
570 318 1
571 319 1
571 621 1
571 302 1
571 367 1
571 304 1
571 369 1
571 623 1
571 622 1
571 564 1
571 566 1
571 569 1
571 572 1
571 573 1
571 318 1
572 491 1
572 493 1
572 622 1
572 564 1
572 567 1
572 569 1
572 571 1
572 668 1
573 296 1
573 623 1
573 368 1
573 369 1
573 304 1
573 596 1
573 570 1
573 571 1
574 31 1
574 575 1
574 577 1
574 641 1
574 580 1
574 581 1
574 404 1
574 597 1
574 470 1
574 663 1
574 24 1
574 601 1
574 474 1
574 412 1
575 31 1
575 576 1
575 577 1
575 578 1
575 601 1
575 602 1
575 603 1
575 604 1
575 29 1
575 574 1
576 31 1
576 608 1
576 575 1
576 578 1
576 579 1
576 582 1
576 173 1
576 176 1
576 657 1
576 660 1
576 602 1
576 27 1
577 575 1
577 578 1
577 642 1
577 580 1
577 663 1
577 664 1
577 603 1
577 574 1
578 575 1
578 576 1
578 577 1
578 643 1
578 580 1
578 581 1
578 166 1
578 173 1
578 660 1
578 598 1
578 664 1
578 604 1
579 607 1
579 576 1
579 582 1
579 173 1
579 174 1
579 657 1
579 471 1
579 474 1
580 641 1
580 578 1
580 643 1
580 642 1
580 577 1
580 581 1
580 599 1
580 574 1
581 578 1
581 580 1
581 170 1
581 173 1
581 597 1
581 598 1
581 599 1
581 474 1
581 476 1
581 574 1
582 31 1
582 576 1
582 608 1
582 607 1
582 579 1
582 407 1
582 474 1
582 475 1
582 412 1
582 30 1
583 352 1
583 610 1
583 616 1
583 585 1
583 586 1
583 584 1
583 14 1
583 505 1
583 19 1
583 347 1
583 538 1
583 537 1
583 506 1
583 666 1
584 352 1
584 353 1
584 610 1
584 612 1
584 613 1
584 583 1
584 424 1
584 425 1
584 586 1
584 585 1
584 506 1
584 538 1
584 539 1
584 509 1
585 612 1
585 583 1
585 584 1
585 586 1
585 618 1
585 506 1
585 666 1
585 507 1
586 613 1
586 583 1
586 616 1
586 585 1
586 584 1
586 618 1
587 193 1
587 588 1
587 377 1
587 372 1
587 185 1
587 250 1
587 251 1
588 193 1
588 484 1
588 485 1
588 587 1
588 589 1
588 373 1
588 377 1
588 186 1
588 637 1
589 193 1
589 257 1
589 485 1
589 487 1
589 588 1
589 251 1
589 637 1
589 190 1
590 525 1
590 77 1
590 591 1
590 80 1
590 528 1
591 355 1
591 358 1
591 620 1
591 526 1
591 78 1
591 80 1
591 528 1
591 590 1
591 592 1
591 593 1
591 505 1
591 666 1
591 508 1
592 357 1
592 358 1
592 396 1
592 397 1
592 334 1
592 527 1
592 528 1
592 337 1
592 591 1
592 666 1
592 507 1
592 508 1
593 358 1
593 362 1
593 620 1
593 79 1
593 80 1
593 591 1
594 0 1
594 609 1
594 354 1
594 387 1
594 4 1
594 648 1
594 395 1
594 365 1
594 371 1
594 595 1
594 596 1
594 570 1
594 569 1
594 346 1
595 353 1
595 354 1
595 609 1
595 611 1
595 424 1
595 426 1
595 299 1
595 303 1
595 594 1
595 499 1
595 500 1
595 596 1
596 611 1
596 296 1
596 648 1
596 303 1
596 368 1
596 594 1
596 371 1
596 595 1
596 570 1
596 573 1
597 641 1
597 66 1
597 581 1
597 74 1
597 599 1
597 145 1
597 244 1
597 470 1
597 151 1
597 248 1
597 476 1
597 574 1
598 578 1
598 643 1
598 581 1
598 166 1
598 7 1
598 392 1
598 393 1
598 170 1
598 519 1
598 12 1
598 520 1
598 599 1
598 497 1
598 502 1
598 151 1
598 153 1
599 641 1
599 643 1
599 580 1
599 581 1
599 598 1
599 597 1
599 149 1
599 151 1
600 519 1
600 521 1
600 74 1
600 171 1
600 170 1
600 75 1
600 473 1
600 476 1
601 575 1
601 547 1
601 550 1
601 530 1
601 533 1
601 663 1
601 24 1
601 603 1
601 29 1
601 574 1
602 575 1
602 576 1
602 549 1
602 550 1
602 532 1
602 533 1
602 29 1
602 660 1
602 27 1
602 604 1
602 541 1
602 542 1
603 575 1
603 544 1
603 577 1
603 550 1
603 551 1
603 663 1
603 664 1
603 601 1
603 604 1
603 542 1
604 575 1
604 578 1
604 660 1
604 664 1
604 602 1
604 603 1
604 540 1
604 542 1
605 34 1
605 36 1
605 606 1
605 638 1
605 405 1
605 407 1
605 25 1
605 30 1
606 36 1
606 37 1
606 45 1
606 47 1
606 406 1
606 407 1
606 605 1
606 638 1
607 608 1
607 579 1
607 36 1
607 582 1
607 40 1
607 46 1
607 47 1
607 657 1
607 471 1
607 475 1
608 607 1
608 576 1
608 36 1
608 582 1
608 41 1
608 657 1
608 27 1
608 30 1
609 353 1
609 610 1
609 611 1
609 648 1
609 594 1
609 595 1
609 346 1
610 353 1
610 609 1
610 611 1
610 613 1
610 583 1
610 584 1
610 616 1
610 649 1
610 347 1
611 609 1
611 610 1
611 612 1
611 613 1
611 648 1
611 296 1
611 649 1
611 299 1
611 617 1
611 650 1
611 595 1
611 596 1
612 611 1
612 357 1
612 613 1
612 584 1
612 361 1
612 298 1
612 299 1
612 585 1
612 650 1
612 618 1
612 315 1
612 310 1
612 507 1
612 509 1
613 610 1
613 611 1
613 612 1
613 584 1
613 616 1
613 586 1
613 617 1
613 618 1
614 291 1
614 615 1
614 616 1
614 297 1
614 618 1
614 364 1
614 525 1
614 529 1
614 370 1
614 665 1
615 614 1
615 616 1
615 648 1
615 617 1
615 365 1
615 370 1
616 610 1
616 613 1
616 614 1
616 583 1
616 615 1
616 617 1
616 586 1
616 649 1
616 618 1
616 666 1
617 611 1
617 613 1
617 615 1
617 296 1
617 297 1
617 648 1
617 616 1
617 649 1
617 618 1
617 650 1
617 368 1
617 370 1
618 612 1
618 613 1
618 614 1
618 616 1
618 297 1
618 586 1
618 298 1
618 585 1
618 617 1
618 650 1
618 527 1
618 529 1
618 665 1
618 666 1
619 450 1
619 419 1
619 452 1
619 234 1
619 620 1
619 238 1
619 414 1
620 415 1
620 355 1
620 451 1
620 419 1
620 452 1
620 548 1
620 553 1
620 362 1
620 619 1
620 78 1
620 79 1
620 14 1
620 591 1
620 593 1
620 23 1
621 365 1
621 430 1
621 367 1
621 432 1
621 622 1
621 569 1
621 571 1
621 668 1
622 668 1
622 491 1
622 621 1
622 494 1
622 432 1
622 434 1
622 566 1
622 567 1
622 281 1
622 283 1
622 572 1
622 571 1
623 296 1
623 302 1
623 367 1
623 368 1
623 571 1
623 573 1
624 557 1
624 145 1
624 562 1
624 625 1
624 626 1
624 150 1
625 351 1
625 387 1
625 389 1
625 624 1
625 146 1
625 626 1
625 150 1
625 346 1
626 351 1
626 388 1
626 389 1
626 558 1
626 624 1
626 625 1
626 562 1
626 347 1
627 66 1
627 75 1
627 628 1
627 629 1
627 470 1
627 473 1
627 670 1
628 671 1
628 195 1
628 68 1
628 199 1
628 75 1
628 274 1
628 627 1
628 658 1
628 277 1
628 629 1
628 631 1
629 671 1
629 384 1
629 385 1
629 199 1
629 200 1
629 647 1
629 655 1
629 632 1
629 627 1
629 628 1
629 630 1
629 472 1
629 473 1
629 670 1
630 383 1
630 385 1
630 171 1
630 174 1
630 655 1
630 656 1
630 629 1
630 633 1
630 471 1
630 473 1
631 198 1
631 199 1
631 646 1
631 658 1
631 628 1
631 277 1
631 278 1
631 632 1
631 441 1
631 442 1
632 385 1
632 445 1
632 197 1
632 646 1
632 199 1
632 647 1
632 629 1
632 631 1
632 442 1
632 381 1
633 385 1
633 171 1
633 656 1
633 177 1
633 630 1
633 442 1
633 380 1
633 446 1
634 259 1
634 260 1
634 133 1
634 429 1
634 142 1
634 250 1
634 433 1
634 60 1
634 372 1
634 661 1
634 56 1
634 378 1
634 635 1
634 636 1
634 254 1
635 636 1
635 662 1
635 378 1
635 374 1
635 57 1
635 634 1
635 60 1
636 260 1
636 262 1
636 62 1
636 378 1
636 661 1
636 662 1
636 375 1
636 634 1
636 635 1
636 60 1
636 253 1
636 254 1
637 511 1
637 515 1
637 484 1
637 487 1
637 234 1
637 554 1
637 236 1
637 556 1
637 589 1
637 588 1
637 435 1
637 438 1
637 186 1
637 190 1
638 511 1
638 639 1
638 513 1
638 34 1
638 37 1
638 652 1
638 118 1
638 405 1
638 406 1
638 120 1
638 605 1
638 606 1
639 122 1
639 652 1
639 45 1
639 406 1
639 55 1
639 120 1
639 410 1
639 638 1
640 481 1
640 513 1
640 514 1
640 45 1
640 50 1
640 120 1
640 123 1
640 478 1
641 642 1
641 580 1
641 663 1
641 557 1
641 560 1
641 145 1
641 149 1
641 597 1
641 599 1
641 574 1
642 577 1
642 641 1
642 643 1
642 580 1
642 559 1
642 560 1
642 663 1
642 664 1
643 578 1
643 642 1
643 580 1
643 560 1
643 561 1
643 149 1
643 598 1
643 599 1
643 664 1
643 153 1
644 671 1
644 195 1
644 197 1
644 647 1
644 269 1
644 270 1
644 119 1
644 126 1
645 381 1
645 230 1
645 231 1
645 380 1
645 445 1
645 446 1
646 225 1
646 197 1
646 230 1
646 198 1
646 632 1
646 340 1
646 341 1
646 182 1
646 631 1
646 184 1
646 441 1
646 445 1
647 671 1
647 384 1
647 130 1
647 644 1
647 197 1
647 200 1
647 629 1
647 632 1
647 381 1
647 126 1
648 609 1
648 611 1
648 615 1
648 617 1
648 649 1
648 365 1
648 368 1
648 594 1
648 596 1
649 610 1
649 611 1
649 648 1
649 616 1
649 617 1
650 611 1
650 612 1
650 296 1
650 617 1
650 298 1
650 618 1
651 652 1
651 653 1
651 654 1
651 404 1
651 410 1
651 670 1
652 639 1
652 122 1
652 651 1
652 653 1
652 405 1
652 118 1
652 410 1
652 638 1
653 671 1
653 651 1
653 652 1
653 654 1
653 119 1
653 122 1
654 671 1
654 130 1
654 122 1
654 651 1
654 653 1
654 51 1
654 55 1
654 410 1
654 411 1
654 670 1
655 383 1
655 384 1
655 46 1
655 51 1
655 629 1
655 630 1
655 471 1
655 472 1
655 409 1
655 411 1
656 383 1
656 39 1
656 40 1
656 46 1
656 174 1
656 177 1
656 50 1
656 630 1
656 633 1
656 380 1
657 607 1
657 576 1
657 608 1
657 579 1
657 40 1
657 41 1
657 174 1
657 176 1
658 195 1
658 198 1
658 490 1
658 496 1
658 274 1
658 179 1
658 339 1
658 340 1
658 278 1
658 631 1
658 184 1
658 628 1
658 659 1
658 669 1
659 287 1
659 491 1
659 496 1
659 658 1
659 340 1
659 345 1
659 283 1
659 669 1
660 576 1
660 578 1
660 604 1
660 166 1
660 176 1
660 602 1
660 540 1
660 541 1
661 250 1
661 372 1
661 375 1
661 634 1
661 636 1
661 253 1
662 635 1
662 162 1
662 374 1
662 375 1
662 57 1
662 155 1
662 636 1
662 62 1
663 577 1
663 641 1
663 547 1
663 642 1
663 551 1
663 557 1
663 559 1
663 601 1
663 603 1
663 574 1
664 544 1
664 577 1
664 578 1
664 540 1
664 642 1
664 643 1
664 559 1
664 561 1
664 603 1
664 604 1
665 614 1
665 618 1
665 525 1
665 527 1
665 666 1
666 583 1
666 616 1
666 585 1
666 618 1
666 526 1
666 527 1
666 591 1
666 592 1
666 665 1
666 505 1
666 507 1
667 669 1
667 434 1
667 668 1
667 429 1
668 489 1
668 491 1
668 621 1
668 430 1
668 622 1
668 434 1
668 569 1
668 667 1
668 572 1
668 669 1
669 65 1
669 490 1
669 491 1
669 345 1
669 431 1
669 434 1
669 339 1
669 658 1
669 659 1
669 283 1
669 280 1
669 57 1
669 667 1
669 668 1
670 671 1
670 651 1
670 654 1
670 627 1
670 404 1
670 629 1
670 470 1
670 472 1
670 411 1
671 130 1
671 195 1
671 644 1
671 647 1
671 200 1
671 653 1
671 654 1
671 628 1
671 629 1
671 119 1
671 670 1
