0 95 1
0 67 1
0 68 1
0 38 1
0 73 1
0 74 1
0 12 1
0 20 1
0 53 1
0 22 1
0 54 1
0 57 1
0 61 1
1 63 1
1 64 1
1 34 1
1 70 1
1 42 1
1 47 1
1 79 1
1 55 1
1 62 1
2 3 1
2 69 1
2 40 1
2 75 1
2 76 1
2 48 1
2 60 1
2 92 1
3 97 1
3 2 1
3 4 1
3 76 1
3 14 1
3 48 1
3 85 1
3 21 1
3 56 1
3 90 1
3 92 1
4 97 1
4 99 1
4 3 1
4 37 1
4 40 1
4 10 1
4 76 1
4 50 1
4 85 1
4 56 1
4 89 1
4 90 1
5 32 1
5 98 1
5 43 1
5 13 1
5 83 1
5 24 1
5 27 1
5 93 1
6 74 1
6 18 1
6 82 1
6 50 1
6 22 1
6 57 1
6 26 1
6 61 1
7 31 1
7 34 1
7 39 1
7 72 1
7 8 1
7 44 1
7 46 1
7 79 1
7 16 1
7 59 1
8 31 1
8 7 1
8 39 1
8 72 1
8 44 1
8 16 1
8 23 1
8 24 1
8 58 1
8 59 1
8 29 1
8 30 1
9 31 1
9 32 1
9 65 1
9 63 1
9 97 1
9 39 1
9 11 1
9 44 1
9 14 1
9 80 1
9 20 1
9 21 1
9 54 1
9 56 1
9 27 1
9 29 1
9 30 1
10 97 1
10 65 1
10 99 1
10 4 1
10 37 1
10 89 1
10 36 1
10 13 1
10 51 1
10 52 1
10 85 1
10 87 1
10 56 1
10 25 1
11 35 1
11 9 1
11 43 1
11 80 1
11 49 1
11 83 1
11 24 1
11 58 1
11 27 1
11 28 1
11 29 1
11 30 1
12 95 1
12 0 1
12 66 1
12 38 1
12 74 1
12 81 1
12 19 1
12 22 1
12 86 1
13 32 1
13 36 1
13 37 1
13 5 1
13 10 1
13 15 1
13 51 1
13 87 1
13 24 1
13 25 1
13 93 1
14 95 1
14 63 1
14 97 1
14 3 1
14 69 1
14 9 1
14 74 1
14 45 1
14 82 1
14 50 1
14 20 1
14 54 1
14 56 1
14 57 1
14 90 1
14 92 1
15 32 1
15 13 1
15 17 1
15 87 1
15 25 1
15 91 1
16 31 1
16 7 1
16 71 1
16 8 1
16 44 1
16 46 1
16 84 1
16 23 1
16 24 1
16 30 1
17 99 1
17 15 1
17 82 1
17 87 1
17 25 1
17 91 1
18 6 1
18 53 1
18 22 1
18 26 1
18 61 1
19 95 1
19 63 1
19 33 1
19 66 1
19 38 1
19 73 1
19 42 1
19 12 1
19 47 1
19 54 1
19 62 1
20 95 1
20 0 1
20 63 1
20 32 1
20 67 1
20 97 1
20 37 1
20 9 1
20 45 1
20 14 1
20 91 1
20 80 1
20 29 1
20 54 1
20 87 1
20 57 1
20 27 1
20 61 1
21 63 1
21 3 1
21 9 1
21 41 1
21 44 1
21 46 1
21 79 1
21 48 1
21 84 1
21 56 1
21 30 1
22 0 1
22 6 1
22 74 1
22 12 1
22 18 1
22 53 1
22 57 1
22 61 1
23 36 1
23 71 1
23 8 1
23 16 1
23 83 1
23 52 1
23 84 1
23 24 1
23 93 1
23 30 1
24 32 1
24 65 1
24 5 1
24 8 1
24 11 1
24 13 1
24 16 1
24 83 1
24 52 1
24 51 1
24 23 1
24 58 1
24 27 1
24 93 1
24 30 1
25 32 1
25 37 1
25 10 1
25 13 1
25 15 1
25 17 1
25 51 1
25 87 1
26 6 1
26 45 1
26 82 1
26 18 1
26 53 1
26 91 1
26 61 1
27 32 1
27 98 1
27 67 1
27 5 1
27 9 1
27 11 1
27 43 1
27 80 1
27 83 1
27 20 1
27 53 1
27 24 1
27 91 1
27 29 1
27 30 1
28 96 1
28 35 1
28 68 1
28 73 1
28 11 1
28 77 1
28 78 1
28 80 1
28 49 1
28 54 1
28 88 1
28 58 1
28 59 1
28 29 1
29 8 1
29 9 1
29 11 1
29 20 1
29 27 1
29 28 1
29 30 1
29 31 1
29 34 1
29 39 1
29 42 1
29 49 1
29 54 1
29 58 1
29 59 1
29 67 1
29 68 1
29 73 1
29 77 1
29 80 1
29 96 1
30 8 1
30 9 1
30 11 1
30 16 1
30 21 1
30 23 1
30 24 1
30 27 1
30 29 1
30 31 1
30 32 1
30 37 1
30 44 1
30 51 1
30 52 1
30 56 1
30 58 1
30 63 1
30 65 1
30 84 1
30 97 1
31 96 1
31 34 1
31 7 1
31 8 1
31 9 1
31 39 1
31 72 1
31 44 1
31 16 1
31 58 1
31 59 1
31 29 1
31 30 1
32 97 1
32 98 1
32 37 1
32 5 1
32 9 1
32 27 1
32 13 1
32 15 1
32 51 1
32 20 1
32 87 1
32 24 1
32 25 1
32 91 1
32 30 1
33 38 1
33 70 1
33 73 1
33 42 1
33 77 1
33 81 1
33 19 1
33 62 1
34 31 1
34 96 1
34 1 1
34 63 1
34 7 1
34 72 1
34 39 1
34 42 1
34 77 1
34 79 1
34 55 1
34 29 1
35 68 1
35 73 1
35 11 1
35 43 1
35 78 1
35 80 1
35 88 1
35 28 1
36 71 1
36 10 1
36 13 1
36 83 1
36 52 1
36 51 1
36 23 1
36 93 1
37 32 1
37 97 1
37 99 1
37 4 1
37 10 1
37 13 1
37 45 1
37 82 1
37 51 1
37 20 1
37 87 1
37 25 1
37 90 1
37 30 1
38 95 1
38 0 1
38 33 1
38 66 1
38 73 1
38 42 1
38 74 1
38 12 1
38 81 1
38 19 1
38 54 1
39 31 1
39 96 1
39 63 1
39 34 1
39 7 1
39 8 1
39 9 1
39 72 1
39 42 1
39 44 1
39 79 1
39 54 1
39 59 1
39 29 1
40 2 1
40 99 1
40 4 1
40 69 1
40 76 1
40 50 1
40 85 1
40 89 1
40 90 1
41 64 1
41 79 1
41 48 1
41 21 1
41 60 1
42 95 1
42 63 1
42 1 1
42 34 1
42 33 1
42 38 1
42 39 1
42 70 1
42 73 1
42 77 1
42 47 1
42 19 1
42 54 1
42 55 1
42 29 1
42 62 1
43 98 1
43 35 1
43 5 1
43 11 1
43 80 1
43 83 1
43 27 1
44 31 1
44 63 1
44 7 1
44 39 1
44 9 1
44 8 1
44 46 1
44 79 1
44 16 1
44 48 1
44 84 1
44 21 1
44 30 1
45 97 1
45 67 1
45 37 1
45 14 1
45 82 1
45 20 1
45 53 1
45 87 1
45 57 1
45 26 1
45 91 1
45 61 1
46 7 1
46 44 1
46 79 1
46 16 1
46 21 1
47 95 1
47 63 1
47 1 1
47 66 1
47 64 1
47 42 1
47 19 1
47 62 1
48 63 1
48 64 1
48 2 1
48 3 1
48 41 1
48 44 1
48 79 1
48 60 1
48 21 1
48 56 1
48 92 1
49 96 1
49 11 1
49 58 1
49 59 1
49 28 1
49 29 1
50 99 1
50 4 1
50 69 1
50 6 1
50 40 1
50 74 1
50 76 1
50 14 1
50 82 1
50 90 1
51 32 1
51 65 1
51 97 1
51 36 1
51 37 1
51 10 1
51 13 1
51 52 1
51 85 1
51 87 1
51 24 1
51 25 1
51 30 1
51 93 1
51 56 1
52 65 1
52 36 1
52 71 1
52 10 1
52 51 1
52 84 1
52 23 1
52 24 1
52 93 1
52 30 1
53 0 1
53 98 1
53 67 1
53 68 1
53 45 1
53 91 1
53 80 1
53 18 1
53 22 1
53 26 1
53 27 1
53 61 1
54 95 1
54 0 1
54 63 1
54 67 1
54 68 1
54 38 1
54 39 1
54 9 1
54 42 1
54 73 1
54 74 1
54 77 1
54 14 1
54 19 1
54 20 1
54 57 1
54 28 1
54 29 1
55 96 1
55 1 1
55 34 1
55 70 1
55 72 1
55 42 1
55 77 1
55 62 1
56 63 1
56 65 1
56 97 1
56 3 1
56 4 1
56 9 1
56 10 1
56 14 1
56 48 1
56 51 1
56 84 1
56 21 1
56 85 1
56 92 1
56 30 1
57 95 1
57 0 1
57 67 1
57 6 1
57 74 1
57 45 1
57 14 1
57 82 1
57 22 1
57 20 1
57 54 1
57 61 1
58 31 1
58 8 1
58 11 1
58 49 1
58 24 1
58 59 1
58 28 1
58 29 1
58 30 1
59 31 1
59 96 1
59 39 1
59 7 1
59 8 1
59 72 1
59 78 1
59 49 1
59 58 1
59 28 1
59 29 1
60 64 1
60 2 1
60 41 1
60 75 1
60 48 1
60 92 1
61 0 1
61 67 1
61 6 1
61 45 1
61 82 1
61 18 1
61 20 1
61 53 1
61 22 1
61 57 1
61 26 1
62 1 1
62 33 1
62 70 1
62 42 1
62 77 1
62 47 1
62 19 1
62 55 1
63 1 1
63 9 1
63 14 1
63 19 1
63 20 1
63 21 1
63 30 1
63 34 1
63 39 1
63 42 1
63 44 1
63 47 1
63 48 1
63 54 1
63 56 1
63 64 1
63 66 1
63 75 1
63 79 1
63 92 1
63 94 1
63 95 1
64 63 1
64 1 1
64 66 1
64 41 1
64 75 1
64 47 1
64 48 1
64 79 1
64 92 1
64 60 1
64 94 1
65 97 1
65 9 1
65 10 1
65 51 1
65 52 1
65 84 1
65 24 1
65 30 1
65 56 1
66 63 1
66 64 1
66 95 1
66 38 1
66 12 1
66 47 1
66 81 1
66 19 1
66 86 1
66 94 1
67 0 1
67 98 1
67 68 1
67 73 1
67 45 1
67 91 1
67 80 1
67 20 1
67 53 1
67 54 1
67 61 1
67 57 1
67 27 1
67 29 1
68 0 1
68 98 1
68 35 1
68 67 1
68 73 1
68 80 1
68 53 1
68 54 1
68 88 1
68 28 1
68 29 1
69 95 1
69 2 1
69 40 1
69 74 1
69 75 1
69 76 1
69 14 1
69 50 1
69 86 1
69 90 1
69 92 1
69 94 1
70 96 1
70 1 1
70 33 1
70 42 1
70 77 1
70 78 1
70 55 1
70 62 1
71 36 1
71 16 1
71 84 1
71 52 1
71 23 1
72 31 1
72 96 1
72 34 1
72 39 1
72 7 1
72 8 1
72 79 1
72 55 1
72 59 1
73 0 1
73 33 1
73 35 1
73 68 1
73 67 1
73 38 1
73 42 1
73 77 1
73 19 1
73 54 1
73 88 1
73 28 1
73 29 1
74 95 1
74 0 1
74 69 1
74 6 1
74 38 1
74 12 1
74 14 1
74 50 1
74 82 1
74 54 1
74 86 1
74 22 1
74 57 1
75 63 1
75 64 1
75 95 1
75 2 1
75 69 1
75 92 1
75 60 1
75 94 1
76 2 1
76 3 1
76 4 1
76 69 1
76 40 1
76 50 1
76 85 1
76 90 1
76 92 1
77 96 1
77 33 1
77 34 1
77 70 1
77 73 1
77 42 1
77 78 1
77 54 1
77 55 1
77 88 1
77 28 1
77 29 1
77 62 1
78 96 1
78 35 1
78 70 1
78 77 1
78 88 1
78 59 1
78 28 1
79 63 1
79 64 1
79 1 1
79 34 1
79 7 1
79 39 1
79 41 1
79 72 1
79 44 1
79 46 1
79 48 1
79 21 1
80 98 1
80 35 1
80 68 1
80 67 1
80 9 1
80 11 1
80 43 1
80 20 1
80 53 1
80 88 1
80 27 1
80 28 1
80 29 1
81 33 1
81 66 1
81 12 1
81 38 1
82 97 1
82 99 1
82 37 1
82 6 1
82 26 1
82 74 1
82 45 1
82 14 1
82 17 1
82 50 1
82 87 1
82 57 1
82 90 1
82 91 1
82 61 1
83 36 1
83 5 1
83 11 1
83 43 1
83 23 1
83 24 1
83 27 1
83 93 1
84 65 1
84 71 1
84 44 1
84 16 1
84 52 1
84 21 1
84 23 1
84 56 1
84 30 1
85 97 1
85 3 1
85 4 1
85 40 1
85 10 1
85 76 1
85 51 1
85 56 1
85 89 1
86 95 1
86 66 1
86 69 1
86 74 1
86 12 1
86 94 1
87 32 1
87 97 1
87 99 1
87 37 1
87 10 1
87 45 1
87 13 1
87 15 1
87 17 1
87 82 1
87 51 1
87 20 1
87 25 1
87 91 1
88 96 1
88 35 1
88 68 1
88 73 1
88 77 1
88 78 1
88 80 1
88 28 1
89 99 1
89 4 1
89 40 1
89 10 1
89 85 1
90 97 1
90 99 1
90 4 1
90 3 1
90 37 1
90 69 1
90 40 1
90 76 1
90 14 1
90 50 1
90 82 1
90 92 1
91 32 1
91 98 1
91 67 1
91 45 1
91 15 1
91 17 1
91 82 1
91 20 1
91 53 1
91 87 1
91 26 1
91 27 1
92 63 1
92 64 1
92 95 1
92 2 1
92 3 1
92 69 1
92 75 1
92 76 1
92 14 1
92 48 1
92 56 1
92 90 1
92 60 1
93 36 1
93 5 1
93 13 1
93 51 1
93 52 1
93 83 1
93 23 1
93 24 1
94 63 1
94 64 1
94 95 1
94 66 1
94 69 1
94 75 1
94 86 1
95 63 1
95 0 1
95 66 1
95 69 1
95 38 1
95 42 1
95 74 1
95 12 1
95 75 1
95 14 1
95 47 1
95 19 1
95 20 1
95 86 1
95 54 1
95 57 1
95 92 1
95 94 1
96 31 1
96 34 1
96 70 1
96 39 1
96 72 1
96 77 1
96 78 1
96 49 1
96 55 1
96 88 1
96 59 1
96 28 1
96 29 1
97 32 1
97 65 1
97 3 1
97 4 1
97 37 1
97 9 1
97 10 1
97 45 1
97 14 1
97 82 1
97 51 1
97 20 1
97 85 1
97 87 1
97 56 1
97 90 1
97 30 1
98 32 1
98 67 1
98 68 1
98 5 1
98 43 1
98 27 1
98 80 1
98 53 1
98 91 1
99 4 1
99 37 1
99 40 1
99 10 1
99 17 1
99 50 1
99 82 1
99 87 1
99 89 1
99 90 1
