0 7 1
0 8 1
0 19 1
0 573 1
1 15 1
1 1001 1
1 19 1
1 14 1
2 23 1
2 0 1
2 1 1
2 1057 1
3 1 1
3 2 1
3 1051 1
3 12 1
4 23 1
4 18 1
4 12 1
4 1053 1
5 7 1
5 575 1
5 11 1
5 22 1
6 963 1
6 2 1
6 3 1
6 13 1
7 9 1
7 572 1
7 3 1
7 4 1
8 8 1
8 9 1
8 26 1
8 574 1
9 976 1
9 26 1
9 13 1
9 14 1
10 15 1
10 16 1
10 20 1
10 528 1
11 31 1
11 16 1
11 17 1
11 518 1
12 24 1
12 17 1
12 18 1
12 980 1
13 984 1
13 27 1
13 21 1
13 22 1
14 31 1
14 20 1
14 21 1
14 517 1
15 0 1
15 25 1
15 822 1
15 6 1
16 24 1
16 25 1
16 830 1
16 32 1
17 977 1
17 33 1
17 27 1
17 28 1
18 828 1
18 34 1
18 28 1
18 29 1
19 32 1
19 33 1
19 34 1
19 829 1
20 362 1
20 10 1
20 4 1
20 5 1
21 361 1
21 35 1
21 5 1
21 6 1
22 367 1
22 35 1
22 29 1
22 30 1
23 375 1
23 10 1
23 11 1
23 30 1
24 39 1
24 44 1
24 917 1
24 38 1
25 47 1
25 872 1
25 49 1
25 52 1
26 47 1
26 873 1
26 43 1
26 44 1
27 48 1
27 1019 1
27 37 1
27 38 1
28 985 1
28 50 1
28 36 1
28 37 1
29 48 1
29 49 1
29 50 1
29 990 1
30 763 1
30 51 1
30 52 1
30 54 1
31 759 1
31 42 1
31 51 1
31 36 1
32 875 1
32 43 1
32 53 1
32 46 1
33 775 1
33 56 1
33 53 1
33 54 1
34 39 1
34 40 1
34 919 1
34 45 1
35 58 1
35 924 1
35 45 1
35 46 1
36 40 1
36 41 1
36 59 1
36 1037 1
37 55 1
37 760 1
37 41 1
37 42 1
38 55 1
38 56 1
38 57 1
38 776 1
39 1031 1
39 57 1
39 58 1
39 59 1
40 64 1
40 67 1
40 60 1
40 1013 1
41 66 1
41 67 1
41 925 1
41 70 1
42 71 1
42 75 1
42 927 1
42 70 1
43 1015 1
43 72 1
43 60 1
43 61 1
44 71 1
44 72 1
44 1017 1
44 74 1
45 79 1
45 1062 1
45 61 1
45 62 1
46 73 1
46 82 1
46 77 1
46 1070 1
47 79 1
47 73 1
47 74 1
47 1068 1
48 107 1
48 75 1
48 76 1
48 78 1
49 80 1
49 99 1
49 76 1
49 77 1
50 80 1
50 65 1
50 84 1
50 69 1
51 88 1
51 65 1
51 66 1
51 78 1
52 63 1
52 64 1
52 841 1
52 68 1
53 63 1
53 842 1
53 83 1
53 62 1
54 81 1
54 82 1
54 83 1
54 849 1
55 81 1
55 68 1
55 69 1
55 846 1
56 993 1
56 90 1
56 85 1
56 86 1
57 1097 1
57 98 1
57 84 1
57 85 1
58 111 1
58 89 1
58 90 1
58 100 1
59 97 1
59 98 1
59 100 1
59 110 1
60 95 1
60 89 1
60 127 1
60 102 1
61 104 1
61 121 1
61 101 1
61 102 1
62 96 1
62 97 1
62 116 1
62 101 1
63 96 1
63 105 1
63 1098 1
63 99 1
64 928 1
64 107 1
64 92 1
64 93 1
65 87 1
65 546 1
65 91 1
65 86 1
66 91 1
66 92 1
66 109 1
66 566 1
67 87 1
67 88 1
67 109 1
67 552 1
68 95 1
68 432 1
68 103 1
68 94 1
69 431 1
69 108 1
69 93 1
69 94 1
70 105 1
70 106 1
70 108 1
70 429 1
71 103 1
71 104 1
71 106 1
71 430 1
72 944 1
72 122 1
72 116 1
72 117 1
73 851 1
73 124 1
73 117 1
73 118 1
74 850 1
74 122 1
74 123 1
74 124 1
75 115 1
75 847 1
75 123 1
75 110 1
76 119 1
76 118 1
76 854 1
76 126 1
77 119 1
77 120 1
77 817 1
77 130 1
78 120 1
78 121 1
78 810 1
78 129 1
79 111 1
79 112 1
79 127 1
79 998 1
80 316 1
80 130 1
80 132 1
80 133 1
81 128 1
81 129 1
81 313 1
81 133 1
82 112 1
82 113 1
82 128 1
82 301 1
83 848 1
83 114 1
83 115 1
83 125 1
84 113 1
84 114 1
84 300 1
84 134 1
85 312 1
85 131 1
85 132 1
85 134 1
86 855 1
86 131 1
86 125 1
86 126 1
87 378 1
87 146 1
87 141 1
87 142 1
88 135 1
88 1128 1
88 137 1
88 139 1
89 390 1
89 145 1
89 146 1
89 150 1
90 151 1
90 1129 1
90 139 1
90 140 1
91 141 1
91 379 1
91 140 1
91 149 1
92 398 1
92 155 1
92 149 1
92 150 1
93 151 1
93 152 1
93 155 1
93 597 1
94 152 1
94 153 1
94 156 1
94 598 1
95 145 1
95 148 1
95 156 1
95 609 1
96 135 1
96 136 1
96 138 1
96 888 1
97 887 1
97 136 1
97 137 1
97 154 1
98 153 1
98 154 1
98 635 1
98 157 1
99 144 1
99 138 1
99 627 1
99 157 1
100 143 1
100 147 1
100 733 1
100 142 1
101 638 1
101 147 1
101 148 1
101 158 1
102 143 1
102 144 1
102 628 1
102 158 1
103 167 1
103 160 1
103 161 1
103 477 1
104 168 1
104 161 1
104 162 1
104 476 1
105 176 1
105 483 1
105 171 1
105 172 1
106 573 1
106 178 1
106 172 1
106 173 1
107 159 1
107 160 1
107 571 1
107 166 1
108 167 1
108 176 1
108 478 1
108 166 1
109 175 1
109 177 1
109 171 1
109 485 1
110 169 1
110 168 1
110 177 1
110 482 1
111 575 1
111 178 1
111 179 1
111 181 1
112 159 1
112 570 1
112 165 1
112 181 1
113 1120 1
113 162 1
113 163 1
113 170 1
114 183 1
114 1002 1
114 179 1
114 180 1
115 1000 1
115 180 1
115 173 1
115 174 1
116 175 1
116 174 1
116 623 1
116 182 1
117 616 1
117 169 1
117 170 1
117 182 1
118 185 1
118 163 1
118 164 1
118 942 1
119 184 1
119 941 1
119 164 1
119 165 1
120 183 1
120 184 1
120 185 1
120 948 1
121 191 1
121 192 1
121 186 1
121 1086 1
122 1088 1
122 192 1
122 193 1
122 197 1
123 199 1
123 208 1
123 195 1
123 838 1
124 912 1
124 186 1
124 187 1
124 194 1
125 209 1
125 187 1
125 188 1
125 445 1
126 209 1
126 453 1
126 204 1
126 205 1
127 196 1
127 895 1
127 195 1
127 204 1
128 193 1
128 194 1
128 196 1
128 916 1
129 210 1
129 188 1
129 189 1
129 218 1
130 200 1
130 203 1
130 213 1
130 238 1
131 210 1
131 227 1
131 205 1
131 206 1
132 201 1
132 770 1
132 197 1
132 198 1
133 199 1
133 211 1
133 771 1
133 198 1
134 200 1
134 201 1
134 769 1
134 211 1
135 207 1
135 208 1
135 212 1
135 726 1
136 207 1
136 206 1
136 235 1
136 214 1
137 234 1
137 212 1
137 213 1
137 214 1
138 215 1
138 217 1
138 189 1
138 190 1
139 191 1
139 1008 1
139 202 1
139 190 1
140 215 1
140 223 1
140 202 1
140 203 1
141 216 1
141 217 1
141 1004 1
141 222 1
142 231 1
142 730 1
142 221 1
142 222 1
143 226 1
143 227 1
143 235 1
143 454 1
144 224 1
144 234 1
144 221 1
144 722 1
145 231 1
145 681 1
145 237 1
145 230 1
146 223 1
146 224 1
146 832 1
146 238 1
147 239 1
147 233 1
147 690 1
147 230 1
148 239 1
148 682 1
148 236 1
148 237 1
149 457 1
149 225 1
149 226 1
149 236 1
150 220 1
150 216 1
150 596 1
150 232 1
151 232 1
151 233 1
151 604 1
151 240 1
152 240 1
152 225 1
152 461 1
152 229 1
153 448 1
153 218 1
153 219 1
153 228 1
154 241 1
154 580 1
154 219 1
154 220 1
155 464 1
155 241 1
155 228 1
155 229 1
156 242 1
156 243 1
156 682 1
156 254 1
157 255 1
157 268 1
157 677 1
157 254 1
158 519 1
158 256 1
158 257 1
158 264 1
159 255 1
159 256 1
159 685 1
159 269 1
160 271 1
160 272 1
160 834 1
160 269 1
161 263 1
161 264 1
161 515 1
161 272 1
162 263 1
162 273 1
162 399 1
162 262 1
163 353 1
163 243 1
163 244 1
163 253 1
164 279 1
164 336 1
164 244 1
164 245 1
165 279 1
165 337 1
165 259 1
165 253 1
166 280 1
166 643 1
166 245 1
166 246 1
167 538 1
167 280 1
167 266 1
167 260 1
168 247 1
168 282 1
168 715 1
168 246 1
169 247 1
169 248 1
169 707 1
169 284 1
170 262 1
170 404 1
170 277 1
170 261 1
171 282 1
171 260 1
171 261 1
171 542 1
172 242 1
172 267 1
172 252 1
172 706 1
173 271 1
173 836 1
173 276 1
173 270 1
174 726 1
174 267 1
174 268 1
174 270 1
175 258 1
175 537 1
175 265 1
175 257 1
176 266 1
176 281 1
176 265 1
176 539 1
177 281 1
177 258 1
177 259 1
177 633 1
178 711 1
178 248 1
178 249 1
178 283 1
179 721 1
179 249 1
179 274 1
179 250 1
180 273 1
180 274 1
180 412 1
180 278 1
181 432 1
181 278 1
181 285 1
181 277 1
182 283 1
182 284 1
182 285 1
182 997 1
183 569 1
183 250 1
183 251 1
183 275 1
184 558 1
184 251 1
184 252 1
184 286 1
185 275 1
185 276 1
185 557 1
185 286 1
186 1130 1
186 289 1
186 290 1
186 300 1
187 1138 1
187 290 1
187 291 1
187 294 1
188 306 1
188 955 1
188 301 1
188 302 1
189 313 1
189 306 1
189 307 1
189 811 1
190 319 1
190 296 1
190 297 1
190 612 1
191 615 1
191 314 1
191 307 1
191 308 1
192 319 1
192 314 1
192 315 1
192 614 1
193 287 1
193 288 1
193 994 1
193 317 1
194 303 1
194 288 1
194 289 1
194 993 1
195 303 1
195 305 1
195 956 1
195 302 1
196 951 1
196 304 1
196 305 1
196 317 1
197 297 1
197 298 1
197 321 1
197 381 1
198 321 1
198 386 1
198 308 1
198 309 1
199 295 1
199 312 1
199 1139 1
199 294 1
200 295 1
200 296 1
200 1133 1
200 320 1
201 320 1
201 315 1
201 316 1
201 814 1
202 287 1
202 960 1
202 293 1
202 318 1
203 311 1
203 304 1
203 953 1
203 318 1
204 800 1
204 291 1
204 292 1
204 299 1
205 799 1
205 323 1
205 292 1
205 293 1
206 311 1
206 807 1
206 323 1
206 310 1
207 322 1
207 394 1
207 309 1
207 310 1
208 298 1
208 322 1
208 299 1
208 380 1
209 632 1
209 338 1
209 331 1
209 332 1
210 327 1
210 596 1
210 326 1
210 342 1
211 777 1
211 329 1
211 330 1
211 324 1
212 786 1
212 330 1
212 331 1
212 339 1
213 343 1
213 646 1
213 325 1
213 326 1
214 647 1
214 325 1
214 324 1
214 349 1
215 341 1
215 673 1
215 339 1
215 349 1
216 343 1
216 344 1
216 651 1
216 350 1
217 327 1
217 328 1
217 347 1
217 595 1
218 887 1
218 328 1
218 329 1
218 333 1
219 635 1
219 332 1
219 333 1
219 334 1
220 335 1
220 347 1
220 598 1
220 334 1
221 346 1
221 604 1
221 348 1
221 342 1
222 335 1
222 336 1
222 603 1
222 348 1
223 352 1
223 340 1
223 341 1
223 660 1
224 337 1
224 338 1
224 340 1
224 633 1
225 345 1
225 346 1
225 690 1
225 353 1
226 351 1
226 344 1
226 345 1
226 688 1
227 351 1
227 352 1
227 652 1
227 350 1
228 369 1
228 354 1
228 355 1
228 1044 1
229 360 1
229 1116 1
229 356 1
229 357 1
230 368 1
230 1043 1
230 355 1
230 356 1
231 368 1
231 825 1
231 365 1
231 366 1
232 360 1
232 361 1
232 821 1
232 366 1
233 359 1
233 354 1
233 1092 1
233 373 1
234 371 1
234 364 1
234 365 1
234 510 1
235 1050 1
235 369 1
235 370 1
235 372 1
236 376 1
236 513 1
236 370 1
236 371 1
237 376 1
237 363 1
237 364 1
237 509 1
238 367 1
238 363 1
238 828 1
238 374 1
239 1093 1
239 372 1
239 373 1
239 374 1
240 362 1
240 571 1
240 357 1
240 358 1
241 359 1
241 570 1
241 375 1
241 358 1
242 433 1
242 377 1
242 381 1
242 385 1
243 377 1
243 378 1
243 387 1
243 436 1
244 441 1
244 384 1
244 385 1
244 387 1
245 383 1
245 384 1
245 388 1
245 613 1
246 383 1
246 614 1
246 391 1
246 382 1
247 615 1
247 393 1
247 386 1
247 382 1
248 391 1
248 392 1
248 393 1
248 813 1
249 392 1
249 736 1
249 388 1
249 389 1
250 801 1
250 379 1
250 380 1
250 397 1
251 804 1
251 394 1
251 396 1
251 397 1
252 610 1
252 395 1
252 389 1
252 390 1
253 395 1
253 396 1
253 606 1
253 398 1
254 401 1
254 402 1
254 533 1
254 406 1
255 520 1
255 402 1
255 403 1
255 414 1
256 407 1
256 416 1
256 1003 1
256 406 1
257 415 1
257 416 1
257 1002 1
257 421 1
258 415 1
258 417 1
258 903 1
258 414 1
259 979 1
259 410 1
259 411 1
259 405 1
260 400 1
260 401 1
260 516 1
260 405 1
261 399 1
261 400 1
261 411 1
261 515 1
262 407 1
262 408 1
262 419 1
262 1075 1
263 948 1
263 420 1
263 421 1
263 422 1
264 425 1
264 419 1
264 420 1
264 950 1
265 945 1
265 425 1
265 427 1
265 428 1
266 424 1
266 946 1
266 428 1
266 422 1
267 408 1
267 409 1
267 426 1
267 1069 1
268 409 1
268 410 1
268 413 1
268 1022 1
269 1071 1
269 426 1
269 427 1
269 429 1
270 423 1
270 417 1
270 418 1
270 906 1
271 418 1
271 403 1
271 404 1
271 525 1
272 423 1
272 424 1
272 1125 1
272 430 1
273 431 1
273 999 1
273 412 1
273 413 1
274 433 1
274 434 1
274 437 1
274 466 1
275 439 1
275 440 1
275 437 1
275 470 1
276 440 1
276 441 1
276 443 1
276 613 1
277 465 1
277 434 1
277 435 1
277 438 1
278 732 1
278 435 1
278 436 1
278 444 1
279 442 1
279 443 1
279 444 1
279 734 1
280 439 1
280 442 1
280 471 1
280 438 1
281 449 1
281 913 1
281 445 1
281 446 1
282 893 1
282 449 1
282 450 1
282 453 1
283 456 1
283 450 1
283 451 1
283 894 1
284 455 1
284 456 1
284 713 1
284 458 1
285 455 1
285 457 1
285 706 1
285 454 1
286 594 1
286 458 1
286 460 1
286 462 1
287 447 1
287 1084 1
287 452 1
287 446 1
288 447 1
288 448 1
288 576 1
288 463 1
289 463 1
289 583 1
289 459 1
289 460 1
290 451 1
290 459 1
290 452 1
290 1085 1
291 464 1
291 593 1
291 461 1
291 462 1
292 466 1
292 467 1
292 612 1
292 470 1
293 1121 1
293 465 1
293 474 1
293 469 1
294 471 1
294 472 1
294 474 1
294 1126 1
295 473 1
295 467 1
295 468 1
295 1133 1
296 1122 1
296 475 1
296 468 1
296 469 1
297 472 1
297 473 1
297 475 1
297 1124 1
298 480 1
298 476 1
298 477 1
299 479 1
299 480 1
299 481 1
299 966 1
300 479 1
300 487 1
300 572 1
300 478 1
301 487 1
301 483 1
301 484 1
301 574 1
302 624 1
302 484 1
302 485 1
302 486 1
303 481 1
303 482 1
303 617 1
303 486 1
304 488 1
304 917 1
304 492 1
304 493 1
305 495 1
305 497 1
305 493 1
305 873 1
306 495 1
306 503 1
306 752 1
306 494 1
307 488 1
307 489 1
307 747 1
307 494 1
308 489 1
308 490 1
308 746 1
308 506 1
309 500 1
309 505 1
309 826 1
309 508 1
310 512 1
310 500 1
310 501 1
310 878 1
311 829 1
311 512 1
311 508 1
311 509 1
312 496 1
312 491 1
312 492 1
312 918 1
313 824 1
313 490 1
313 491 1
313 510 1
314 496 1
314 513 1
314 920 1
314 499 1
315 514 1
315 884 1
315 501 1
315 502 1
316 497 1
316 498 1
316 875 1
316 502 1
317 923 1
317 514 1
317 499 1
317 498 1
318 511 1
318 506 1
318 507 1
318 754 1
319 503 1
319 504 1
319 507 1
319 756 1
320 511 1
320 504 1
320 505 1
320 827 1
321 978 1
321 516 1
321 517 1
321 533 1
322 522 1
322 523 1
322 901 1
322 526 1
323 527 1
323 521 1
323 522 1
323 909 1
324 520 1
324 521 1
324 907 1
324 532 1
325 527 1
325 528 1
325 1001 1
325 532 1
326 519 1
326 529 1
326 700 1
326 518 1
327 640 1
327 531 1
327 526 1
327 534 1
328 535 1
328 538 1
328 642 1
328 534 1
329 536 1
329 523 1
329 524 1
329 900 1
330 535 1
330 536 1
330 540 1
330 734 1
331 544 1
331 524 1
331 525 1
331 910 1
332 543 1
332 737 1
332 540 1
332 541 1
333 545 1
333 739 1
333 541 1
333 542 1
334 543 1
334 544 1
334 545 1
334 812 1
335 530 1
335 531 1
335 539 1
335 629 1
336 530 1
336 704 1
336 537 1
336 529 1
337 553 1
337 547 1
337 548 1
337 894 1
338 893 1
338 554 1
338 548 1
338 549 1
339 895 1
339 561 1
339 554 1
339 555 1
340 561 1
340 915 1
340 549 1
340 550 1
341 897 1
341 555 1
341 556 1
341 563 1
342 559 1
342 546 1
342 547 1
342 995 1
343 551 1
343 562 1
343 863 1
343 550 1
344 551 1
344 552 1
344 564 1
344 862 1
345 562 1
345 563 1
345 564 1
345 870 1
346 559 1
346 560 1
346 567 1
346 714 1
347 560 1
347 553 1
347 713 1
347 558 1
348 557 1
348 898 1
348 556 1
348 565 1
349 567 1
349 568 1
349 569 1
349 721 1
350 568 1
350 933 1
350 565 1
350 566 1
351 1127 1
351 578 1
351 579 1
351 590 1
352 592 1
352 579 1
352 580 1
352 595 1
353 592 1
353 597 1
353 589 1
353 590 1
354 584 1
354 588 1
354 589 1
354 605 1
355 576 1
355 577 1
355 793 1
355 581 1
356 591 1
356 577 1
356 578 1
356 797 1
357 591 1
357 584 1
357 585 1
357 805 1
358 585 1
358 806 1
358 581 1
358 582 1
359 583 1
359 961 1
359 586 1
359 582 1
360 712 1
360 586 1
360 594 1
360 587 1
361 599 1
361 593 1
361 587 1
361 588 1
362 643 1
362 609 1
362 602 1
362 603 1
363 599 1
363 600 1
363 607 1
363 709 1
364 602 1
364 601 1
364 610 1
364 717 1
365 608 1
365 957 1
365 605 1
365 606 1
366 607 1
366 608 1
366 953 1
366 611 1
367 600 1
367 601 1
367 611 1
367 708 1
368 623 1
368 904 1
368 619 1
368 620 1
369 616 1
369 625 1
369 618 1
369 1121 1
370 899 1
370 625 1
370 619 1
370 622 1
371 624 1
371 620 1
371 621 1
371 908 1
372 902 1
372 626 1
372 621 1
372 622 1
373 618 1
373 968 1
373 617 1
373 626 1
374 631 1
374 632 1
374 634 1
374 892 1
375 891 1
375 634 1
375 627 1
375 628 1
376 639 1
376 974 1
376 629 1
376 630 1
377 631 1
377 971 1
377 637 1
377 630 1
378 639 1
378 640 1
378 641 1
378 973 1
379 972 1
379 641 1
379 636 1
379 637 1
380 735 1
380 642 1
380 636 1
380 638 1
381 936 1
381 651 1
381 645 1
381 646 1
382 935 1
382 650 1
382 644 1
382 645 1
383 648 1
383 644 1
383 1005 1
383 654 1
384 649 1
384 650 1
384 938 1
384 653 1
385 655 1
385 649 1
385 652 1
385 686 1
386 663 1
386 1113 1
386 668 1
386 662 1
387 1012 1
387 668 1
387 653 1
387 654 1
388 655 1
388 656 1
388 695 1
388 670 1
389 663 1
389 664 1
389 1104 1
389 670 1
390 647 1
390 648 1
390 779 1
390 669 1
391 661 1
391 789 1
391 669 1
391 662 1
392 671 1
392 656 1
392 657 1
392 697 1
393 673 1
393 667 1
393 787 1
393 661 1
394 671 1
394 672 1
394 674 1
394 982 1
395 664 1
395 665 1
395 672 1
395 1091 1
396 698 1
396 657 1
396 658 1
396 674 1
397 665 1
397 666 1
397 1059 1
397 676 1
398 667 1
398 666 1
398 675 1
398 1060 1
399 659 1
399 705 1
399 675 1
399 660 1
400 658 1
400 659 1
400 676 1
400 702 1
401 683 1
401 725 1
401 677 1
401 678 1
402 679 1
402 691 1
402 727 1
402 678 1
403 681 1
403 680 1
403 689 1
403 730 1
404 679 1
404 680 1
404 729 1
404 694 1
405 687 1
405 686 1
405 938 1
405 694 1
406 687 1
406 688 1
406 689 1
406 937 1
407 683 1
407 684 1
407 693 1
407 773 1
408 696 1
408 833 1
408 684 1
408 685 1
409 696 1
409 697 1
409 876 1
409 701 1
410 693 1
410 692 1
410 701 1
410 774 1
411 695 1
411 768 1
411 691 1
411 692 1
412 698 1
412 699 1
412 981 1
412 702 1
413 703 1
413 699 1
413 700 1
413 983 1
414 703 1
414 704 1
414 705 1
414 1054 1
415 712 1
415 962 1
415 709 1
415 710 1
416 952 1
416 707 1
416 708 1
416 718 1
417 720 1
417 739 1
417 715 1
417 716 1
418 719 1
418 738 1
418 716 1
418 717 1
419 719 1
419 720 1
419 811 1
419 718 1
420 711 1
420 714 1
420 996 1
420 710 1
421 727 1
421 767 1
421 724 1
421 725 1
422 723 1
422 832 1
422 722 1
422 731 1
423 831 1
423 728 1
423 723 1
423 724 1
424 728 1
424 729 1
424 731 1
424 1011 1
425 736 1
425 737 1
425 738 1
425 813 1
426 735 1
426 1140 1
426 732 1
426 733 1
427 744 1
427 753 1
427 740 1
427 821 1
428 745 1
428 740 1
428 741 1
428 1118 1
429 823 1
429 753 1
429 745 1
429 746 1
430 1019 1
430 747 1
430 748 1
430 750 1
431 742 1
431 1100 1
431 749 1
431 741 1
432 751 1
432 752 1
432 874 1
432 755 1
433 751 1
433 1020 1
433 757 1
433 750 1
434 1080 1
434 748 1
434 749 1
434 757 1
435 743 1
435 744 1
435 754 1
435 822 1
436 743 1
436 1089 1
436 742 1
436 758 1
437 883 1
437 755 1
437 756 1
437 758 1
438 991 1
438 762 1
438 765 1
438 766 1
439 759 1
439 761 1
439 762 1
439 986 1
440 767 1
440 769 1
440 831 1
440 766 1
441 768 1
441 992 1
441 764 1
441 765 1
442 881 1
442 763 1
442 764 1
442 774 1
443 1088 1
443 760 1
443 761 1
443 770 1
444 775 1
444 835 1
444 772 1
444 773 1
445 776 1
445 771 1
445 772 1
445 837 1
446 777 1
446 778 1
446 781 1
446 886 1
447 890 1
447 786 1
447 781 1
447 782 1
448 1060 1
448 787 1
448 788 1
448 790 1
449 783 1
449 1058 1
449 788 1
449 782 1
450 778 1
450 779 1
450 780 1
450 1108 1
451 785 1
451 780 1
451 789 1
451 1110 1
452 783 1
452 784 1
452 1057 1
452 792 1
453 791 1
453 784 1
453 785 1
453 1090 1
454 791 1
454 792 1
454 1059 1
454 790 1
455 800 1
455 794 1
455 795 1
456 793 1
456 794 1
456 1084 1
456 798 1
457 799 1
457 958 1
457 798 1
457 806 1
458 1128 1
458 802 1
458 795 1
458 796 1
459 1127 1
459 803 1
459 796 1
459 797 1
460 801 1
460 802 1
460 803 1
460 1129 1
461 807 1
461 957 1
461 804 1
461 805 1
462 810 1
462 809 1
462 818 1
462 1125 1
463 1123 1
463 817 1
463 818 1
463 819 1
464 815 1
464 819 1
464 1124 1
464 814 1
465 910 1
465 808 1
465 812 1
465 816 1
466 808 1
466 809 1
466 906 1
466 820 1
467 815 1
467 816 1
467 905 1
467 820 1
468 823 1
468 824 1
468 825 1
468 1047 1
469 826 1
469 827 1
469 877 1
469 830 1
470 879 1
470 833 1
470 834 1
470 835 1
471 896 1
471 836 1
471 837 1
471 838 1
472 847 1
472 1097 1
472 845 1
472 846 1
473 1135 1
473 840 1
473 841 1
473 844 1
474 848 1
474 1130 1
474 844 1
474 845 1
475 839 1
475 939 1
475 843 1
475 852 1
476 839 1
476 840 1
476 855 1
476 1136 1
477 943 1
477 851 1
477 852 1
477 854 1
478 842 1
478 843 1
478 940 1
478 853 1
479 849 1
479 850 1
479 949 1
479 853 1
480 856 1
480 859 1
480 860 1
481 856 1
481 857 1
481 1034 1
481 865 1
482 858 1
482 859 1
482 861 1
482 1013 1
483 858 1
483 857 1
483 866 1
483 1014 1
484 866 1
484 867 1
484 930 1
484 869 1
485 861 1
485 925 1
485 869 1
485 862 1
486 863 1
486 864 1
486 1114 1
486 860 1
487 932 1
487 867 1
487 868 1
487 870 1
488 864 1
488 865 1
488 868 1
488 1037 1
489 871 1
489 872 1
489 880 1
489 990 1
490 871 1
490 874 1
490 882 1
490 1020 1
491 880 1
491 881 1
491 882 1
491 988 1
492 883 1
492 876 1
492 877 1
492 982 1
493 879 1
493 979 1
493 884 1
493 878 1
494 1143 1
494 888 1
494 891 1
494 885 1
495 889 1
495 1142 1
495 885 1
495 886 1
496 889 1
496 890 1
496 1115 1
496 892 1
497 896 1
497 897 1
497 898 1
497 934 1
498 903 1
498 904 1
498 907 1
498 1000 1
499 905 1
499 899 1
499 900 1
499 1126 1
500 911 1
500 973 1
500 901 1
500 902 1
501 911 1
501 976 1
501 908 1
501 909 1
502 912 1
502 913 1
502 914 1
503 1114 1
503 914 1
503 915 1
503 916 1
504 1023 1
504 920 1
504 921 1
504 923 1
505 919 1
505 922 1
505 1038 1
505 918 1
506 921 1
506 922 1
506 924 1
506 1030 1
507 927 1
507 1016 1
507 930 1
507 926 1
508 929 1
508 1026 1
508 931 1
508 926 1
509 999 1
509 928 1
509 929 1
509 933 1
510 1031 1
510 931 1
510 932 1
510 934 1
511 935 1
511 936 1
511 937 1
511 1004 1
512 1119 1
512 939 1
512 947 1
512 942 1
513 943 1
513 1123 1
513 946 1
513 947 1
514 944 1
514 945 1
514 1076 1
514 949 1
515 1065 1
515 940 1
515 941 1
515 950 1
516 951 1
516 952 1
516 954 1
516 997 1
517 954 1
517 955 1
517 956 1
517 998 1
518 959 1
518 961 1
518 1085 1
518 958 1
519 959 1
519 960 1
519 1042 1
519 962 1
520 967 1
520 1144 1
520 965 1
520 966 1
521 1056 1
521 969 1
521 964 1
521 965 1
522 975 1
522 1051 1
522 963 1
522 964 1
523 975 1
523 969 1
523 970 1
523 1052 1
524 1055 1
524 970 1
524 971 1
524 974 1
525 967 1
525 968 1
525 1140 1
525 972 1
526 984 1
526 977 1
526 978 1
526 1003 1
527 983 1
527 980 1
527 981 1
527 1053 1
528 985 1
528 987 1
528 989 1
528 1078 1
529 991 1
529 1087 1
529 986 1
529 987 1
530 992 1
530 1082 1
530 988 1
530 989 1
531 1042 1
531 994 1
531 995 1
531 996 1
532 1007 1
532 1009 1
532 1141 1
532 1006 1
533 1007 1
533 1008 1
533 1010 1
533 1086 1
534 1087 1
534 1009 1
534 1010 1
534 1011 1
535 1107 1
535 1012 1
535 1005 1
535 1006 1
536 1039 1
536 1016 1
536 1017 1
536 1018 1
537 1015 1
537 1033 1
537 1018 1
537 1014 1
538 1095 1
538 1025 1
538 1021 1
538 1022 1
539 1039 1
539 1025 1
539 1026 1
539 1028 1
540 1096 1
540 1024 1
540 1027 1
540 1021 1
541 1040 1
541 1027 1
541 1028 1
541 1029 1
542 1032 1
542 1041 1
542 1029 1
542 1030 1
543 1023 1
543 1024 1
543 1049 1
543 1032 1
544 1040 1
544 1033 1
544 1036 1
544 1094 1
545 1034 1
545 1035 1
545 1046 1
545 1038 1
546 1041 1
546 1035 1
546 1036 1
546 1045 1
547 1048 1
547 1131 1
547 1044 1
547 1045 1
548 1048 1
548 1049 1
548 1050 1
548 1132 1
549 1047 1
549 1043 1
549 1117 1
549 1046 1
550 1055 1
550 1052 1
550 1061 1
550 1054 1
551 1056 1
551 1058 1
551 1115 1
551 1061 1
552 1063 1
552 1067 1
552 1094 1
552 1062 1
553 1095 1
553 1066 1
553 1068 1
553 1069 1
554 1096 1
554 1072 1
554 1066 1
554 1067 1
555 1072 1
555 1073 1
555 1074 1
555 1132 1
556 1063 1
556 1064 1
556 1073 1
556 1131 1
557 1064 1
557 1065 1
557 1092 1
557 1077 1
558 1093 1
558 1074 1
558 1075 1
558 1077 1
559 1071 1
559 1098 1
559 1076 1
559 1070 1
560 1079 1
560 1112 1
560 1083 1
560 1078 1
561 1079 1
561 1080 1
561 1081 1
561 1101 1
562 1081 1
562 1082 1
562 1083 1
562 1105 1
563 1089 1
563 1090 1
563 1091 1
563 1099 1
564 1134 1
564 1099 1
564 1100 1
564 1102 1
565 1103 1
565 1111 1
565 1101 1
565 1102 1
566 1103 1
566 1104 1
566 1105 1
566 1113 1
567 1106 1
567 1108 1
567 1109 1
568 1111 1
568 1134 1
568 1109 1
568 1110 1
569 1112 1
569 1106 1
569 1107 1
569 1141 1
570 1116 1
570 1117 1
570 1118 1
571 1119 1
571 1120 1
571 1145 1
571 1122 1
572 1135 1
572 1137 1
572 1138 1
573 1136 1
573 1137 1
573 1139 1
573 1145 1
574 1143 1
574 1144 1
574 1142 1
