0 0 1
0 594 1
0 4 1
1 0 1
1 569 1
1 6 1
2 0 1
2 2 1
2 563 1
3 0 1
3 489 1
3 8 1
4 0 1
4 1 1
4 245 1
5 0 1
5 146 1
5 13 1
6 0 1
6 11 1
6 387 1
7 247 1
7 1 1
7 3 1
8 1 1
8 5 1
8 246 1
9 8 1
9 1 1
9 249 1
10 1 1
10 154 1
10 13 1
11 7 1
11 248 1
11 1 1
12 2 1
12 564 1
12 6 1
13 8 1
13 2 1
13 492 1
14 536 1
14 2 1
14 5 1
15 522 1
15 2 1
15 3 1
16 9 1
16 2 1
16 221 1
17 2 1
17 10 1
17 501 1
18 2 1
18 4 1
18 565 1
19 3 1
19 5 1
19 518 1
20 9 1
20 3 1
20 222 1
21 503 1
21 10 1
21 3 1
22 7 1
22 519 1
22 3 1
23 570 1
23 4 1
23 6 1
24 10 1
24 499 1
24 4 1
25 395 1
25 11 1
25 4 1
26 495 1
26 8 1
26 5 1
27 7 1
27 10 1
27 502 1
28 7 1
28 12 1
28 598 1
29 7 1
29 393 1
29 11 1
30 7 1
30 151 1
30 13 1
31 9 1
31 10 1
31 219 1
32 10 1
32 11 1
32 394 1
33 497 1
33 10 1
33 12 1
34 392 1
34 11 1
34 12 1
35 147 1
35 11 1
35 13 1
36 17 1
36 505 1
36 14 1
37 583 1
37 19 1
37 14 1
38 16 1
38 537 1
38 14 1
39 15 1
39 453 1
39 14 1
40 14 1
40 548 1
40 22 1
41 23 1
41 620 1
41 14 1
42 355 1
42 20 1
42 14 1
43 15 1
43 18 1
43 421 1
44 15 1
44 16 1
44 454 1
45 15 1
45 458 1
45 22 1
46 15 1
46 457 1
46 21 1
47 16 1
47 18 1
47 420 1
48 16 1
48 538 1
48 19 1
49 16 1
49 17 1
49 510 1
50 17 1
50 506 1
50 19 1
51 17 1
51 356 1
51 20 1
52 423 1
52 17 1
52 18 1
53 18 1
53 428 1
53 21 1
54 360 1
54 18 1
54 20 1
55 23 1
55 362 1
55 20 1
56 363 1
56 20 1
56 21 1
57 23 1
57 546 1
57 21 1
58 543 1
58 21 1
58 22 1
59 23 1
59 553 1
59 22 1
60 530 1
60 24 1
60 26 1
61 24 1
61 601 1
61 29 1
62 31 1
62 24 1
62 574 1
63 24 1
63 33 1
63 404 1
64 24 1
64 25 1
65 32 1
65 25 1
65 34 1
66 25 1
66 459 1
66 28 1
67 25 1
67 26 1
67 531 1
68 25 1
68 33 1
68 405 1
69 25 1
69 605 1
69 30 1
70 26 1
70 28 1
70 461 1
71 26 1
71 27 1
71 532 1
72 26 1
72 29 1
72 533 1
73 31 1
73 576 1
73 27 1
74 602 1
74 27 1
74 29 1
75 460 1
75 27 1
75 28 1
76 32 1
76 41 1
76 27 1
77 608 1
77 27 1
77 30 1
78 32 1
78 42 1
78 28 1
79 31 1
79 575 1
79 29 1
80 32 1
80 36 1
80 30 1
81 407 1
81 33 1
81 30 1
82 31 1
82 582 1
82 30 1
83 31 1
83 33 1
83 412 1
84 34 1
84 36 1
84 605 1
85 34 1
85 37 1
85 638 1
86 511 1
86 34 1
86 35 1
87 34 1
87 43 1
87 234 1
88 34 1
88 42 1
88 459 1
89 35 1
89 53 1
89 38 1
90 513 1
90 35 1
90 37 1
91 240 1
91 35 1
91 43 1
92 464 1
92 42 1
92 35 1
93 41 1
93 35 1
93 516 1
94 178 1
94 35 1
94 44 1
95 39 1
95 514 1
95 35 1
96 607 1
96 40 1
96 36 1
97 47 1
97 36 1
97 38 1
98 36 1
98 37 1
98 606 1
99 608 1
99 41 1
99 36 1
100 45 1
100 37 1
100 38 1
101 40 1
101 46 1
101 38 1
102 39 1
102 50 1
102 38 1
103 39 1
103 177 1
103 44 1
104 39 1
104 40 1
104 656 1
105 40 1
105 41 1
105 657 1
106 40 1
106 44 1
106 174 1
107 41 1
107 42 1
107 460 1
108 176 1
108 41 1
108 44 1
109 239 1
109 42 1
109 43 1
110 47 1
110 45 1
110 606 1
111 45 1
111 513 1
111 53 1
112 640 1
112 50 1
112 45 1
113 120 1
113 45 1
113 54 1
114 55 1
114 639 1
114 45 1
115 49 1
115 45 1
115 406 1
116 47 1
116 607 1
116 46 1
117 471 1
117 48 1
117 46 1
118 49 1
118 409 1
118 46 1
119 655 1
119 51 1
119 46 1
120 383 1
120 52 1
120 46 1
121 656 1
121 50 1
121 46 1
122 47 1
122 48 1
122 475 1
123 47 1
123 49 1
123 407 1
124 48 1
124 49 1
124 408 1
125 55 1
125 49 1
125 410 1
126 411 1
126 49 1
126 51 1
127 514 1
127 50 1
127 53 1
128 50 1
128 123 1
128 54 1
129 380 1
129 50 1
129 52 1
130 384 1
130 51 1
130 52 1
131 55 1
131 51 1
131 654 1
132 130 1
132 51 1
132 54 1
133 124 1
133 52 1
133 54 1
134 55 1
134 122 1
134 54 1
135 56 1
135 57 1
136 64 1
136 429 1
136 56 1
137 56 1
137 634 1
137 60 1
138 431 1
138 64 1
138 57 1
139 57 1
139 635 1
139 60 1
140 662 1
140 57 1
140 62 1
141 155 1
141 57 1
141 59 1
142 57 1
142 58 1
142 339 1
143 57 1
143 65 1
143 669 1
144 63 1
144 280 1
144 57 1
145 264 1
145 58 1
145 61 1
146 58 1
146 59 1
146 158 1
147 65 1
147 58 1
147 345 1
148 63 1
148 58 1
148 286 1
149 162 1
149 59 1
149 62 1
150 59 1
150 164 1
150 61 1
151 636 1
151 60 1
151 62 1
152 260 1
152 60 1
152 61 1
153 63 1
153 288 1
153 60 1
154 64 1
154 433 1
154 60 1
155 262 1
155 61 1
155 62 1
156 63 1
156 265 1
156 61 1
157 63 1
157 64 1
157 282 1
158 63 1
158 65 1
158 283 1
159 72 1
159 66 1
159 244 1
160 66 1
160 67 1
161 201 1
161 66 1
161 70 1
162 66 1
162 68 1
163 627 1
163 66 1
163 75 1
164 66 1
164 76 1
164 470 1
165 66 1
165 74 1
165 597 1
166 72 1
166 67 1
166 245 1
167 202 1
167 67 1
167 70 1
168 203 1
168 68 1
168 70 1
169 73 1
169 274 1
169 68 1
170 628 1
170 75 1
170 68 1
171 204 1
171 69 1
171 70 1
172 72 1
172 69 1
172 246 1
173 71 1
173 69 1
173 518 1
174 535 1
174 75 1
174 69 1
175 73 1
175 276 1
175 69 1
176 72 1
176 206 1
176 70 1
177 73 1
177 205 1
177 70 1
178 71 1
178 72 1
178 247 1
179 71 1
179 519 1
179 74 1
180 71 1
180 521 1
180 75 1
181 72 1
181 74 1
181 248 1
182 73 1
182 75 1
182 277 1
183 600 1
183 74 1
183 75 1
184 476 1
184 74 1
184 76 1
185 473 1
185 75 1
185 76 1
186 77 1
186 78 1
187 449 1
187 84 1
187 77 1
188 185 1
188 82 1
188 77 1
189 77 1
189 89 1
189 85 1
190 88 1
190 77 1
190 525 1
191 80 1
191 77 1
191 590 1
192 591 1
192 80 1
192 78 1
193 79 1
193 620 1
193 78 1
194 451 1
194 84 1
194 78 1
195 79 1
195 81 1
195 436 1
196 79 1
196 452 1
196 84 1
197 79 1
197 80 1
197 593 1
198 79 1
198 362 1
198 86 1
199 79 1
199 403 1
199 83 1
200 80 1
200 83 1
200 397 1
201 80 1
201 358 1
201 86 1
202 80 1
202 88 1
202 528 1
203 80 1
203 97 1
203 85 1
204 81 1
204 84 1
204 437 1
205 81 1
205 82 1
205 187 1
206 81 1
206 85 1
206 94 1
207 87 1
207 81 1
207 338 1
208 81 1
208 402 1
208 83 1
209 82 1
209 84 1
209 189 1
210 82 1
210 91 1
210 85 1
211 359 1
211 83 1
211 86 1
212 87 1
212 83 1
212 332 1
213 95 1
213 83 1
213 85 1
214 87 1
214 93 1
214 85 1
215 88 1
215 90 1
215 85 1
216 89 1
216 523 1
216 92 1
217 89 1
217 90 1
217 525 1
218 185 1
218 89 1
218 91 1
219 89 1
219 250 1
219 100 1
220 89 1
220 99 1
220 259 1
221 336 1
221 90 1
221 93 1
222 524 1
222 90 1
222 92 1
223 528 1
223 97 1
223 90 1
224 95 1
224 90 1
224 398 1
225 191 1
225 98 1
225 91 1
226 91 1
226 188 1
226 93 1
227 187 1
227 91 1
227 94 1
228 192 1
228 91 1
228 100 1
229 194 1
229 99 1
229 91 1
230 96 1
230 308 1
230 92 1
231 335 1
231 92 1
231 93 1
232 268 1
232 99 1
232 92 1
233 98 1
233 92 1
233 326 1
234 95 1
234 332 1
234 93 1
235 338 1
235 93 1
235 94 1
236 320 1
236 98 1
236 93 1
237 96 1
237 305 1
237 93 1
238 95 1
238 97 1
238 397 1
239 96 1
239 313 1
239 98 1
240 98 1
240 99 1
240 261 1
241 255 1
241 99 1
241 100 1
242 320 1
242 104 1
242 101 1
243 313 1
243 101 1
243 102 1
244 143 1
244 101 1
244 109 1
245 289 1
245 101 1
245 110 1
246 111 1
246 324 1
246 101 1
247 327 1
247 113 1
247 101 1
248 112 1
248 321 1
248 101 1
249 331 1
249 116 1
249 101 1
250 330 1
250 107 1
250 101 1
251 101 1
251 242 1
251 117 1
252 328 1
252 114 1
252 101 1
253 144 1
253 109 1
253 102 1
254 104 1
254 305 1
254 102 1
255 105 1
255 306 1
255 102 1
256 311 1
256 106 1
256 102 1
257 103 1
257 227 1
257 102 1
258 319 1
258 115 1
258 102 1
259 290 1
259 102 1
259 110 1
260 103 1
260 111 1
260 229 1
261 103 1
261 231 1
261 113 1
262 103 1
262 108 1
262 165 1
263 103 1
263 224 1
263 107 1
264 103 1
264 106 1
264 219 1
265 103 1
265 233 1
265 115 1
266 103 1
266 228 1
266 110 1
267 104 1
267 338 1
267 114 1
268 104 1
268 105 1
268 332 1
269 399 1
269 105 1
269 106 1
270 105 1
270 114 1
270 402 1
271 105 1
271 107 1
271 401 1
272 106 1
272 107 1
272 498 1
273 167 1
273 107 1
273 108 1
274 107 1
274 116 1
274 517 1
275 107 1
275 243 1
275 117 1
276 439 1
276 114 1
276 107 1
277 177 1
277 113 1
277 108 1
278 108 1
278 178 1
278 116 1
279 135 1
279 109 1
279 110 1
280 111 1
280 286 1
280 110 1
281 281 1
281 115 1
281 110 1
282 111 1
282 113 1
282 343 1
283 112 1
283 116 1
283 512 1
284 112 1
284 113 1
284 555 1
285 113 1
285 514 1
285 116 1
286 114 1
286 235 1
286 117 1
287 554 1
287 125 1
287 118 1
288 511 1
288 128 1
288 118 1
289 120 1
289 638 1
289 118 1
290 122 1
290 652 1
290 118 1
291 119 1
291 118 1
292 132 1
292 373 1
292 118 1
293 131 1
293 484 1
293 118 1
294 119 1
294 122 1
294 653 1
295 119 1
295 130 1
295 671 1
296 119 1
296 644 1
296 126 1
297 119 1
297 127 1
297 269 1
298 119 1
298 129 1
298 155 1
299 119 1
299 132 1
299 374 1
300 639 1
300 120 1
300 122 1
301 120 1
301 640 1
301 123 1
302 120 1
302 121 1
302 481 1
303 120 1
303 128 1
303 513 1
304 121 1
304 477 1
304 125 1
305 128 1
305 121 1
305 480 1
306 121 1
306 123 1
306 478 1
307 121 1
307 124 1
307 382 1
308 127 1
308 121 1
308 273 1
309 161 1
309 121 1
309 129 1
310 121 1
310 379 1
310 132 1
311 121 1
311 482 1
311 131 1
312 122 1
312 130 1
312 654 1
313 380 1
313 123 1
313 124 1
314 127 1
314 271 1
314 124 1
315 124 1
315 381 1
315 126 1
316 384 1
316 130 1
316 124 1
317 128 1
317 125 1
317 512 1
318 488 1
318 131 1
318 125 1
319 127 1
319 270 1
319 126 1
320 647 1
320 130 1
320 126 1
321 127 1
321 129 1
321 156 1
322 129 1
322 163 1
322 132 1
323 376 1
323 131 1
323 132 1
324 139 1
324 364 1
324 133 1
325 133 1
325 291 1
325 141 1
326 137 1
326 523 1
326 133 1
327 138 1
327 259 1
327 133 1
328 634 1
328 133 1
328 142 1
329 429 1
329 133 1
329 134 1
330 139 1
330 366 1
330 134 1
331 136 1
331 432 1
331 134 1
332 135 1
332 282 1
332 134 1
333 134 1
333 433 1
333 142 1
334 135 1
334 288 1
334 142 1
335 135 1
335 265 1
335 138 1
336 135 1
336 289 1
336 143 1
337 135 1
337 144 1
337 290 1
338 135 1
338 136 1
338 281 1
339 367 1
339 136 1
339 139 1
340 319 1
340 136 1
340 144 1
341 136 1
341 141 1
341 302 1
342 137 1
342 138 1
342 268 1
343 293 1
343 137 1
343 141 1
344 137 1
344 467 1
344 140 1
345 144 1
345 137 1
345 308 1
346 143 1
346 137 1
346 326 1
347 138 1
347 260 1
347 142 1
348 143 1
348 138 1
348 261 1
349 139 1
349 300 1
349 141 1
350 292 1
350 140 1
350 141 1
351 144 1
351 307 1
351 140 1
352 295 1
352 144 1
352 141 1
353 143 1
353 144 1
353 313 1
354 145 1
354 149 1
354 641 1
355 145 1
355 148 1
355 557 1
356 624 1
356 145 1
356 150 1
357 145 1
357 146 1
358 145 1
358 154 1
358 244 1
359 151 1
359 145 1
359 597 1
360 625 1
360 146 1
360 150 1
361 387 1
361 146 1
361 147 1
362 146 1
362 154 1
362 245 1
363 392 1
363 153 1
363 147 1
364 152 1
364 147 1
364 213 1
365 147 1
365 148 1
365 390 1
366 147 1
366 389 1
366 150 1
367 151 1
367 393 1
367 147 1
368 562 1
368 148 1
368 150 1
369 560 1
369 148 1
369 149 1
370 153 1
370 561 1
370 148 1
371 152 1
371 216 1
371 148 1
372 153 1
372 643 1
372 149 1
373 151 1
373 599 1
373 149 1
374 151 1
374 153 1
374 598 1
375 151 1
375 248 1
375 154 1
376 215 1
376 152 1
376 153 1
377 179 1
377 155 1
377 157 1
378 155 1
378 339 1
378 158 1
379 162 1
379 155 1
379 662 1
380 155 1
380 163 1
380 374 1
381 155 1
381 156 1
381 269 1
382 271 1
382 160 1
382 156 1
383 159 1
383 156 1
383 270 1
384 272 1
384 156 1
384 158 1
385 181 1
385 156 1
385 157 1
386 161 1
386 273 1
386 156 1
387 183 1
387 157 1
387 158 1
388 159 1
388 341 1
388 158 1
389 344 1
389 161 1
389 158 1
390 264 1
390 164 1
390 158 1
391 159 1
391 160 1
391 381 1
392 159 1
392 479 1
392 161 1
393 160 1
393 161 1
393 382 1
394 379 1
394 161 1
394 163 1
395 161 1
395 267 1
395 164 1
396 161 1
396 162 1
396 483 1
397 375 1
397 162 1
397 163 1
398 162 1
398 164 1
398 262 1
399 167 1
399 224 1
399 165 1
400 219 1
400 172 1
400 165 1
401 223 1
401 165 1
401 166 1
402 168 1
402 165 1
402 222 1
403 169 1
403 220 1
403 165 1
404 231 1
404 177 1
404 165 1
405 497 1
405 172 1
405 166 1
406 168 1
406 520 1
406 166 1
407 170 1
407 598 1
407 166 1
408 578 1
408 173 1
408 166 1
409 176 1
409 660 1
409 166 1
410 167 1
410 540 1
410 166 1
411 167 1
411 498 1
411 172 1
412 167 1
412 178 1
412 517 1
413 167 1
413 176 1
413 541 1
414 168 1
414 169 1
414 444 1
415 168 1
415 521 1
415 171 1
416 519 1
416 168 1
416 170 1
417 169 1
417 442 1
417 171 1
418 169 1
418 177 1
418 446 1
419 581 1
419 170 1
419 173 1
420 175 1
420 170 1
420 476 1
421 600 1
421 170 1
421 171 1
422 175 1
422 473 1
422 171 1
423 177 1
423 171 1
423 633 1
424 171 1
424 630 1
424 174 1
425 175 1
425 474 1
425 173 1
426 576 1
426 176 1
426 173 1
427 579 1
427 173 1
427 174 1
428 175 1
428 471 1
428 174 1
429 176 1
429 657 1
429 174 1
430 656 1
430 177 1
430 174 1
431 176 1
431 178 1
431 516 1
432 514 1
432 177 1
432 178 1
433 179 1
433 181 1
433 269 1
434 195 1
434 179 1
434 180 1
435 184 1
435 658 1
435 179 1
436 183 1
436 179 1
436 339 1
437 196 1
437 180 1
437 181 1
438 184 1
438 180 1
438 198 1
439 180 1
439 197 1
439 182 1
440 270 1
440 181 1
440 182 1
441 183 1
441 272 1
441 181 1
442 646 1
442 184 1
442 182 1
443 183 1
443 341 1
443 182 1
444 183 1
444 184 1
444 340 1
445 449 1
445 185 1
445 189 1
446 185 1
446 186 1
447 185 1
447 193 1
447 587 1
448 192 1
448 185 1
448 250 1
449 186 1
449 189 1
449 450 1
450 435 1
450 186 1
450 187 1
451 186 1
451 637 1
451 190 1
452 193 1
452 186 1
452 588 1
453 187 1
453 437 1
453 189 1
454 338 1
454 187 1
454 188 1
455 191 1
455 328 1
455 187 1
456 438 1
456 187 1
456 190 1
457 191 1
457 320 1
457 188 1
458 191 1
458 322 1
458 190 1
459 193 1
459 589 1
459 190 1
460 192 1
460 257 1
460 190 1
461 191 1
461 194 1
461 261 1
462 191 1
462 192 1
462 258 1
463 192 1
463 193 1
463 251 1
464 255 1
464 192 1
464 194 1
465 658 1
465 195 1
465 198 1
466 195 1
466 196 1
466 269 1
467 195 1
467 644 1
467 197 1
468 671 1
468 200 1
468 195 1
469 199 1
469 195 1
469 628 1
470 196 1
470 197 1
470 270 1
471 646 1
471 197 1
471 198 1
472 199 1
472 632 1
472 197 1
473 647 1
473 200 1
473 197 1
474 199 1
474 631 1
474 198 1
475 199 1
475 200 1
475 629 1
476 201 1
476 203 1
477 201 1
477 202 1
478 202 1
478 245 1
478 206 1
479 207 1
479 489 1
479 202 1
480 202 1
480 203 1
481 207 1
481 490 1
481 203 1
482 274 1
482 203 1
482 205 1
483 246 1
483 204 1
483 206 1
484 207 1
484 495 1
484 204 1
485 276 1
485 204 1
485 205 1
486 207 1
486 279 1
486 205 1
487 207 1
487 249 1
487 206 1
488 208 1
488 209 1
488 537 1
489 208 1
489 347 1
489 212 1
490 208 1
490 388 1
490 213 1
491 208 1
491 216 1
491 558 1
492 208 1
492 210 1
492 453 1
493 209 1
493 210 1
493 454 1
494 209 1
494 348 1
494 212 1
495 209 1
495 211 1
495 420 1
496 455 1
496 216 1
496 210 1
497 210 1
497 211 1
497 421 1
498 457 1
498 217 1
498 210 1
499 215 1
499 456 1
499 210 1
500 422 1
500 211 1
500 214 1
501 215 1
501 427 1
501 211 1
502 217 1
502 211 1
502 428 1
503 211 1
503 212 1
503 350 1
504 218 1
504 211 1
504 426 1
505 391 1
505 211 1
505 213 1
506 349 1
506 212 1
506 213 1
507 354 1
507 218 1
507 212 1
508 394 1
508 213 1
508 214 1
509 215 1
509 392 1
509 213 1
510 216 1
510 213 1
510 390 1
511 218 1
511 395 1
511 213 1
512 215 1
512 497 1
512 214 1
513 215 1
513 216 1
513 561 1
514 215 1
514 217 1
514 540 1
515 224 1
515 498 1
515 219 1
516 223 1
516 497 1
516 219 1
517 503 1
517 219 1
517 222 1
518 219 1
518 221 1
518 501 1
519 311 1
519 219 1
519 227 1
520 444 1
520 220 1
520 222 1
521 226 1
521 443 1
521 220 1
522 448 1
522 220 1
522 221 1
523 441 1
523 225 1
523 220 1
524 220 1
524 445 1
524 230 1
525 231 1
525 220 1
525 446 1
526 568 1
526 225 1
526 221 1
527 536 1
527 226 1
527 221 1
528 522 1
528 221 1
528 222 1
529 317 1
529 227 1
529 221 1
530 233 1
530 221 1
530 566 1
531 284 1
531 228 1
531 221 1
532 226 1
532 518 1
532 222 1
533 223 1
533 520 1
533 222 1
534 287 1
534 225 1
534 228 1
535 225 1
535 340 1
535 229 1
536 646 1
536 225 1
536 230 1
537 319 1
537 233 1
537 227 1
538 228 1
538 229 1
538 286 1
539 233 1
539 281 1
539 228 1
540 341 1
540 229 1
540 230 1
541 232 1
541 229 1
541 342 1
542 231 1
542 343 1
542 229 1
543 232 1
543 381 1
543 230 1
544 231 1
544 645 1
544 230 1
545 231 1
545 232 1
545 380 1
546 511 1
546 240 1
546 234 1
547 234 1
547 236 1
547 637 1
548 435 1
548 234 1
548 235 1
549 234 1
549 237 1
549 450 1
550 234 1
550 619 1
550 238 1
551 241 1
551 234 1
551 414 1
552 239 1
552 234 1
552 459 1
553 235 1
553 236 1
553 438 1
554 235 1
554 437 1
554 237 1
555 235 1
555 436 1
555 238 1
556 239 1
556 440 1
556 235 1
557 439 1
557 235 1
557 243 1
558 328 1
558 242 1
558 235 1
559 240 1
559 515 1
559 236 1
560 322 1
560 242 1
560 236 1
561 452 1
561 237 1
561 238 1
562 241 1
562 419 1
562 238 1
563 239 1
563 465 1
563 238 1
564 239 1
564 417 1
564 241 1
565 239 1
565 243 1
565 463 1
566 239 1
566 240 1
566 464 1
567 240 1
567 242 1
567 331 1
568 240 1
568 243 1
568 517 1
569 330 1
569 242 1
569 243 1
570 248 1
570 244 1
570 597 1
571 244 1
571 245 1
572 249 1
572 489 1
572 245 1
573 247 1
573 518 1
573 246 1
574 495 1
574 249 1
574 246 1
575 247 1
575 248 1
575 519 1
576 250 1
576 251 1
576 587 1
577 256 1
577 250 1
577 372 1
578 661 1
578 250 1
578 253 1
579 634 1
579 250 1
579 254 1
580 255 1
580 250 1
580 259 1
581 256 1
581 377 1
581 251 1
582 251 1
582 252 1
582 485 1
583 257 1
583 251 1
583 589 1
584 252 1
584 253 1
584 486 1
585 256 1
585 252 1
585 376 1
586 487 1
586 257 1
586 252 1
587 258 1
587 323 1
587 252 1
588 255 1
588 263 1
588 252 1
589 255 1
589 253 1
589 262 1
590 636 1
590 253 1
590 254 1
591 375 1
591 256 1
591 253 1
592 255 1
592 260 1
592 254 1
593 255 1
593 258 1
593 261 1
594 322 1
594 257 1
594 258 1
595 634 1
595 259 1
595 260 1
596 523 1
596 259 1
596 268 1
597 636 1
597 260 1
597 262 1
598 288 1
598 265 1
598 260 1
599 263 1
599 323 1
599 261 1
600 321 1
600 266 1
600 261 1
601 325 1
601 267 1
601 261 1
602 264 1
602 324 1
602 261 1
603 265 1
603 289 1
603 261 1
604 268 1
604 261 1
604 326 1
605 263 1
605 486 1
605 262 1
606 267 1
606 483 1
606 262 1
607 263 1
607 488 1
607 266 1
608 263 1
608 482 1
608 267 1
609 264 1
609 265 1
609 286 1
610 344 1
610 264 1
610 267 1
611 266 1
611 267 1
611 477 1
612 644 1
612 269 1
612 270 1
613 272 1
613 341 1
613 270 1
614 271 1
614 381 1
614 270 1
615 271 1
615 273 1
615 382 1
616 274 1
616 628 1
616 277 1
617 279 1
617 274 1
617 490 1
618 274 1
618 658 1
618 278 1
619 442 1
619 275 1
619 277 1
620 443 1
620 275 1
620 276 1
621 279 1
621 275 1
621 447 1
622 441 1
622 275 1
622 278 1
623 535 1
623 276 1
623 277 1
624 279 1
624 495 1
624 276 1
625 631 1
625 277 1
625 278 1
626 279 1
626 496 1
626 278 1
627 431 1
627 280 1
627 282 1
628 280 1
628 283 1
628 669 1
629 281 1
629 284 1
629 566 1
630 281 1
630 285 1
630 494 1
631 281 1
631 283 1
631 622 1
632 432 1
632 281 1
632 282 1
633 319 1
633 281 1
633 290 1
634 282 1
634 283 1
634 434 1
635 288 1
635 433 1
635 282 1
636 287 1
636 659 1
636 283 1
637 283 1
637 491 1
637 285 1
638 345 1
638 283 1
638 286 1
639 492 1
639 284 1
639 285 1
640 287 1
640 568 1
640 284 1
641 287 1
641 496 1
641 285 1
642 287 1
642 340 1
642 286 1
643 289 1
643 324 1
643 286 1
644 291 1
644 525 1
644 294 1
645 466 1
645 291 1
645 292 1
646 291 1
646 523 1
646 293 1
647 364 1
647 291 1
647 300 1
648 297 1
648 291 1
648 614 1
649 298 1
649 292 1
649 469 1
650 468 1
650 292 1
650 294 1
651 467 1
651 292 1
651 293 1
652 295 1
652 307 1
652 292 1
653 527 1
653 298 1
653 294 1
654 297 1
654 529 1
654 294 1
655 295 1
655 298 1
655 310 1
656 295 1
656 299 1
656 315 1
657 295 1
657 311 1
657 301 1
658 295 1
658 303 1
658 316 1
659 295 1
659 304 1
659 318 1
660 295 1
660 319 1
660 302 1
661 296 1
661 300 1
661 368 1
662 296 1
662 297 1
662 617 1
663 296 1
663 298 1
663 650 1
664 611 1
664 296 1
664 299 1
665 303 1
665 296 1
665 596 1
666 296 1
666 573 1
666 304 1
667 623 1
667 296 1
667 302 1
668 618 1
668 297 1
668 298 1
669 297 1
669 370 1
669 300 1
670 298 1
670 299 1
670 612 1
671 299 1
671 500 1
671 301 1
672 303 1
672 299 1
672 595 1
673 367 1
673 300 1
673 302 1
674 303 1
674 499 1
674 301 1
675 304 1
675 571 1
675 302 1
676 303 1
676 304 1
676 570 1
677 305 1
677 306 1
677 332 1
678 333 1
678 305 1
678 309 1
679 305 1
679 334 1
679 310 1
680 336 1
680 312 1
680 305 1
681 335 1
681 305 1
681 308 1
682 320 1
682 305 1
682 313 1
683 359 1
683 306 1
683 309 1
684 306 1
684 400 1
684 314 1
685 311 1
685 306 1
685 399 1
686 307 1
686 469 1
686 310 1
687 312 1
687 307 1
687 468 1
688 467 1
688 307 1
688 308 1
689 312 1
689 524 1
689 308 1
690 313 1
690 308 1
690 326 1
691 357 1
691 309 1
691 310 1
692 361 1
692 315 1
692 309 1
693 360 1
693 314 1
693 309 1
694 527 1
694 312 1
694 310 1
695 315 1
695 612 1
695 310 1
696 311 1
696 314 1
696 422 1
697 311 1
697 315 1
697 500 1
698 311 1
698 499 1
698 316 1
699 311 1
699 504 1
699 318 1
700 311 1
700 317 1
700 501 1
701 424 1
701 314 1
701 315 1
702 570 1
702 316 1
702 318 1
703 564 1
703 317 1
703 318 1
704 319 1
704 317 1
704 566 1
705 319 1
705 571 1
705 318 1
706 320 1
706 328 1
706 338 1
707 327 1
707 321 1
707 555 1
708 321 1
708 477 1
708 325 1
709 488 1
709 321 1
709 323 1
710 321 1
710 322 1
710 556 1
711 512 1
711 321 1
711 331 1
712 487 1
712 322 1
712 323 1
713 328 1
713 322 1
713 438 1
714 322 1
714 331 1
714 515 1
715 327 1
715 343 1
715 324 1
716 329 1
716 324 1
716 342 1
717 344 1
717 324 1
717 325 1
718 327 1
718 325 1
718 478 1
719 329 1
719 325 1
719 382 1
720 327 1
720 329 1
720 380 1
721 330 1
721 331 1
721 517 1
722 336 1
722 332 1
722 398 1
723 337 1
723 332 1
723 397 1
724 332 1
724 396 1
724 334 1
725 359 1
725 332 1
725 333 1
726 338 1
726 402 1
726 332 1
727 357 1
727 333 1
727 334 1
728 592 1
728 337 1
728 334 1
729 527 1
729 336 1
729 334 1
730 335 1
730 336 1
730 524 1
731 336 1
731 337 1
731 528 1
732 658 1
732 339 1
732 340 1
733 345 1
733 339 1
733 669 1
734 340 1
734 341 1
734 646 1
735 345 1
735 659 1
735 340 1
736 479 1
736 344 1
736 341 1
737 381 1
737 341 1
737 342 1
738 344 1
738 382 1
738 342 1
739 343 1
739 380 1
739 342 1
740 351 1
740 625 1
740 346 1
741 346 1
741 347 1
742 353 1
742 346 1
742 609 1
743 594 1
743 346 1
743 354 1
744 346 1
744 387 1
744 349 1
745 351 1
745 626 1
745 347 1
746 347 1
746 388 1
746 349 1
747 537 1
747 347 1
747 348 1
748 583 1
748 352 1
748 347 1
749 353 1
749 610 1
749 347 1
750 352 1
750 538 1
750 348 1
751 353 1
751 539 1
751 348 1
752 420 1
752 348 1
752 350 1
753 351 1
753 389 1
753 349 1
754 354 1
754 395 1
754 349 1
755 424 1
755 353 1
755 350 1
756 354 1
756 426 1
756 350 1
757 584 1
757 352 1
757 353 1
758 353 1
758 354 1
758 595 1
759 505 1
759 355 1
759 356 1
760 362 1
760 355 1
760 620 1
761 591 1
761 355 1
761 358 1
762 508 1
762 356 1
762 358 1
763 423 1
763 360 1
763 356 1
764 361 1
764 356 1
764 509 1
765 507 1
765 356 1
765 357 1
766 592 1
766 357 1
766 358 1
767 359 1
767 396 1
767 357 1
768 361 1
768 612 1
768 357 1
769 359 1
769 397 1
769 358 1
770 593 1
770 362 1
770 358 1
771 359 1
771 362 1
771 403 1
772 359 1
772 401 1
772 363 1
773 359 1
773 360 1
773 400 1
774 360 1
774 361 1
774 424 1
775 360 1
775 363 1
775 428 1
776 546 1
776 362 1
776 363 1
777 364 1
777 429 1
777 366 1
778 364 1
778 365 1
779 370 1
779 364 1
779 614 1
780 615 1
780 370 1
780 365 1
781 430 1
781 365 1
781 366 1
782 367 1
782 621 1
782 365 1
783 369 1
783 569 1
783 365 1
784 594 1
784 371 1
784 365 1
785 368 1
785 648 1
785 365 1
786 367 1
786 432 1
786 366 1
787 367 1
787 368 1
787 623 1
788 367 1
788 369 1
788 571 1
789 368 1
789 617 1
789 370 1
790 368 1
790 369 1
790 573 1
791 368 1
791 371 1
791 596 1
792 369 1
792 570 1
792 371 1
793 377 1
793 587 1
793 372 1
794 372 1
794 373 1
795 372 1
795 374 1
796 634 1
796 378 1
796 372 1
797 375 1
797 372 1
797 661 1
798 377 1
798 588 1
798 373 1
799 376 1
799 484 1
799 373 1
800 373 1
800 374 1
801 375 1
801 662 1
801 374 1
802 378 1
802 635 1
802 374 1
803 375 1
803 378 1
803 636 1
804 375 1
804 379 1
804 483 1
805 375 1
805 376 1
805 486 1
806 376 1
806 377 1
806 485 1
807 376 1
807 482 1
807 379 1
808 386 1
808 380 1
808 446 1
809 385 1
809 380 1
809 633 1
810 383 1
810 656 1
810 380 1
811 478 1
811 380 1
811 382 1
812 645 1
812 380 1
812 381 1
813 479 1
813 381 1
813 382 1
814 647 1
814 384 1
814 381 1
815 632 1
815 385 1
815 381 1
816 386 1
816 445 1
816 381 1
817 383 1
817 384 1
817 655 1
818 383 1
818 385 1
818 630 1
819 384 1
819 385 1
819 629 1
820 385 1
820 386 1
820 442 1
821 625 1
821 387 1
821 389 1
822 387 1
822 594 1
822 395 1
823 626 1
823 388 1
823 389 1
824 558 1
824 388 1
824 390 1
825 562 1
825 389 1
825 390 1
826 391 1
826 394 1
826 422 1
827 391 1
827 426 1
827 395 1
828 392 1
828 393 1
828 598 1
829 392 1
829 497 1
829 394 1
830 394 1
830 395 1
830 499 1
831 592 1
831 396 1
831 397 1
832 528 1
832 397 1
832 398 1
833 399 1
833 400 1
833 422 1
834 399 1
834 401 1
834 498 1
835 400 1
835 401 1
835 428 1
836 439 1
836 401 1
836 402 1
837 401 1
837 546 1
837 403 1
838 402 1
838 403 1
838 436 1
839 411 1
839 404 1
839 670 1
840 410 1
840 651 1
840 404 1
841 404 1
841 405 1
842 404 1
842 412 1
842 574 1
843 408 1
843 404 1
843 470 1
844 410 1
844 652 1
844 405 1
845 638 1
845 405 1
845 406 1
846 407 1
846 605 1
846 405 1
847 407 1
847 606 1
847 406 1
848 639 1
848 410 1
848 406 1
849 407 1
849 412 1
849 582 1
850 407 1
850 408 1
850 475 1
851 471 1
851 408 1
851 409 1
852 408 1
852 411 1
852 472 1
853 408 1
853 474 1
853 412 1
854 655 1
854 409 1
854 411 1
855 410 1
855 411 1
855 654 1
856 415 1
856 413 1
857 416 1
857 547 1
857 413 1
858 530 1
858 418 1
858 413 1
859 413 1
859 414 1
860 415 1
860 414 1
861 418 1
861 531 1
861 414 1
862 417 1
862 459 1
862 414 1
863 619 1
863 419 1
863 414 1
864 415 1
864 419 1
864 620 1
865 415 1
865 416 1
865 548 1
866 416 1
866 418 1
866 534 1
867 416 1
867 417 1
867 462 1
868 416 1
868 553 1
868 419 1
869 417 1
869 418 1
869 461 1
870 465 1
870 417 1
870 419 1
871 425 1
871 538 1
871 420 1
872 423 1
872 420 1
872 510 1
873 420 1
873 421 1
873 454 1
874 424 1
874 539 1
874 420 1
875 457 1
875 428 1
875 421 1
876 424 1
876 500 1
876 422 1
877 426 1
877 499 1
877 422 1
878 497 1
878 427 1
878 422 1
879 498 1
879 428 1
879 422 1
880 423 1
880 425 1
880 506 1
881 423 1
881 424 1
881 509 1
882 584 1
882 424 1
882 425 1
883 424 1
883 426 1
883 595 1
884 540 1
884 427 1
884 428 1
885 434 1
885 667 1
885 429 1
886 429 1
886 430 1
887 433 1
887 634 1
887 429 1
888 431 1
888 429 1
889 434 1
889 668 1
889 430 1
890 432 1
890 621 1
890 430 1
891 431 1
891 434 1
891 669 1
892 432 1
892 434 1
892 622 1
893 450 1
893 435 1
893 437 1
894 435 1
894 637 1
894 438 1
895 452 1
895 436 1
895 437 1
896 439 1
896 546 1
896 436 1
897 440 1
897 465 1
897 436 1
898 439 1
898 440 1
898 463 1
899 631 1
899 441 1
899 442 1
900 441 1
900 445 1
900 646 1
901 448 1
901 441 1
901 568 1
902 447 1
902 496 1
902 441 1
903 521 1
903 442 1
903 444 1
904 535 1
904 442 1
904 443 1
905 632 1
905 442 1
905 445 1
906 633 1
906 442 1
906 446 1
907 443 1
907 444 1
907 518 1
908 447 1
908 495 1
908 443 1
909 448 1
909 443 1
909 536 1
910 645 1
910 445 1
910 446 1
911 447 1
911 448 1
911 492 1
912 449 1
912 451 1
913 449 1
913 450 1
914 450 1
914 451 1
915 450 1
915 619 1
915 452 1
916 620 1
916 451 1
916 452 1
917 537 1
917 453 1
917 454 1
918 455 1
918 453 1
918 558 1
919 458 1
919 548 1
919 453 1
920 455 1
920 456 1
920 561 1
921 455 1
921 457 1
921 545 1
922 455 1
922 552 1
922 458 1
923 456 1
923 457 1
923 540 1
924 543 1
924 457 1
924 458 1
925 459 1
925 531 1
925 461 1
926 460 1
926 549 1
926 462 1
927 532 1
927 460 1
927 461 1
928 464 1
928 516 1
928 460 1
929 463 1
929 460 1
929 541 1
930 534 1
930 461 1
930 462 1
931 463 1
931 543 1
931 462 1
932 465 1
932 553 1
932 462 1
933 463 1
933 464 1
933 517 1
934 463 1
934 465 1
934 546 1
935 466 1
935 468 1
935 525 1
936 466 1
936 467 1
936 523 1
937 524 1
937 467 1
937 468 1
938 527 1
938 468 1
938 469 1
939 670 1
939 472 1
939 470 1
940 474 1
940 574 1
940 470 1
941 476 1
941 597 1
941 470 1
942 473 1
942 627 1
942 470 1
943 471 1
943 472 1
943 655 1
944 471 1
944 475 1
944 607 1
945 471 1
945 474 1
945 579 1
946 471 1
946 473 1
946 630 1
947 472 1
947 473 1
947 629 1
948 600 1
948 473 1
948 476 1
949 474 1
949 475 1
949 582 1
950 474 1
950 476 1
950 581 1
951 480 1
951 477 1
951 512 1
952 555 1
952 477 1
952 478 1
953 488 1
953 482 1
953 477 1
954 480 1
954 514 1
954 478 1
955 640 1
955 481 1
955 478 1
956 480 1
956 481 1
956 513 1
957 482 1
957 483 1
957 486 1
958 588 1
958 484 1
958 485 1
959 487 1
959 484 1
959 637 1
960 488 1
960 554 1
960 484 1
961 487 1
961 589 1
961 485 1
962 487 1
962 488 1
962 556 1
963 489 1
963 563 1
963 492 1
964 489 1
964 569 1
964 493 1
965 489 1
965 491 1
965 668 1
966 489 1
966 490 1
967 490 1
967 491 1
967 669 1
968 496 1
968 490 1
968 658 1
969 491 1
969 572 1
969 493 1
970 567 1
970 491 1
970 492 1
971 491 1
971 622 1
971 494 1
972 496 1
972 491 1
972 659 1
973 496 1
973 492 1
973 568 1
974 566 1
974 492 1
974 494 1
975 564 1
975 492 1
975 493 1
976 495 1
976 536 1
976 492 1
977 497 1
977 598 1
977 502 1
978 503 1
978 520 1
978 497 1
979 497 1
979 498 1
979 540 1
980 565 1
980 499 1
980 501 1
981 504 1
981 570 1
981 499 1
982 499 1
982 500 1
982 595 1
983 504 1
983 564 1
983 501 1
984 503 1
984 519 1
984 502 1
985 583 1
985 505 1
985 506 1
986 591 1
986 505 1
986 508 1
987 505 1
987 666 1
987 507 1
988 584 1
988 506 1
988 509 1
989 585 1
989 506 1
989 507 1
990 538 1
990 506 1
990 510 1
991 592 1
991 507 1
991 508 1
992 507 1
992 612 1
992 509 1
993 511 1
993 513 1
993 638 1
994 511 1
994 512 1
994 554 1
995 511 1
995 515 1
995 637 1
996 512 1
996 515 1
996 556 1
997 512 1
997 514 1
997 555 1
998 640 1
998 513 1
998 514 1
999 516 1
999 517 1
999 541 1
1000 535 1
1000 521 1
1000 518 1
1001 536 1
1001 522 1
1001 518 1
1002 519 1
1002 600 1
1002 521 1
1003 519 1
1003 520 1
1003 598 1
1004 523 1
1004 524 1
1004 525 1
1005 529 1
1005 525 1
1005 614 1
1006 527 1
1006 665 1
1006 525 1
1007 525 1
1007 526 1
1008 528 1
1008 525 1
1008 590 1
1009 527 1
1009 666 1
1009 526 1
1010 591 1
1010 528 1
1010 526 1
1011 527 1
1011 528 1
1011 592 1
1012 527 1
1012 529 1
1012 618 1
1013 530 1
1013 531 1
1014 530 1
1014 547 1
1014 534 1
1015 601 1
1015 530 1
1015 533 1
1016 532 1
1016 549 1
1016 534 1
1017 602 1
1017 532 1
1017 533 1
1018 550 1
1018 533 1
1018 534 1
1019 583 1
1019 537 1
1019 538 1
1020 584 1
1020 538 1
1020 539 1
1021 604 1
1021 540 1
1021 542 1
1022 540 1
1022 541 1
1022 660 1
1023 545 1
1023 561 1
1023 540 1
1024 544 1
1024 664 1
1024 540 1
1025 602 1
1025 541 1
1025 542 1
1026 543 1
1026 549 1
1026 541 1
1027 544 1
1027 603 1
1027 542 1
1028 543 1
1028 550 1
1028 542 1
1029 543 1
1029 544 1
1029 551 1
1030 543 1
1030 552 1
1030 545 1
1031 543 1
1031 553 1
1031 546 1
1032 559 1
1032 544 1
1032 545 1
1033 601 1
1033 547 1
1033 550 1
1034 547 1
1034 548 1
1035 552 1
1035 547 1
1035 557 1
1036 551 1
1036 547 1
1036 663 1
1037 553 1
1037 620 1
1037 548 1
1038 552 1
1038 548 1
1038 558 1
1039 602 1
1039 549 1
1039 550 1
1040 551 1
1040 603 1
1040 550 1
1041 551 1
1041 552 1
1041 559 1
1042 554 1
1042 556 1
1042 637 1
1043 624 1
1043 562 1
1043 557 1
1044 560 1
1044 641 1
1044 557 1
1045 559 1
1045 663 1
1045 557 1
1046 557 1
1046 558 1
1047 626 1
1047 562 1
1047 558 1
1048 559 1
1048 560 1
1048 642 1
1049 559 1
1049 664 1
1049 561 1
1050 560 1
1050 561 1
1050 643 1
1051 569 1
1051 563 1
1051 564 1
1052 567 1
1052 572 1
1052 564 1
1053 570 1
1053 564 1
1053 565 1
1054 571 1
1054 564 1
1054 566 1
1055 567 1
1055 622 1
1055 566 1
1056 569 1
1056 572 1
1056 668 1
1057 594 1
1057 569 1
1057 570 1
1058 569 1
1058 571 1
1058 621 1
1059 570 1
1059 596 1
1059 573 1
1060 623 1
1060 571 1
1060 573 1
1061 571 1
1061 572 1
1061 622 1
1062 575 1
1062 601 1
1062 574 1
1063 663 1
1063 577 1
1063 574 1
1064 641 1
1064 580 1
1064 574 1
1065 597 1
1065 581 1
1065 574 1
1066 575 1
1066 578 1
1066 604 1
1067 575 1
1067 577 1
1067 603 1
1068 575 1
1068 576 1
1068 602 1
1069 576 1
1069 578 1
1069 660 1
1070 576 1
1070 608 1
1070 582 1
1071 576 1
1071 657 1
1071 579 1
1072 664 1
1072 577 1
1072 578 1
1073 577 1
1073 642 1
1073 580 1
1074 578 1
1074 643 1
1074 580 1
1075 578 1
1075 581 1
1075 598 1
1076 607 1
1076 579 1
1076 582 1
1077 599 1
1077 580 1
1077 581 1
1078 583 1
1078 585 1
1078 666 1
1079 583 1
1079 616 1
1079 586 1
1080 583 1
1080 584 1
1080 610 1
1081 584 1
1081 586 1
1081 613 1
1082 584 1
1082 585 1
1082 612 1
1083 618 1
1083 585 1
1083 586 1
1084 587 1
1084 588 1
1085 637 1
1085 588 1
1085 589 1
1086 591 1
1086 590 1
1087 591 1
1087 592 1
1087 666 1
1088 591 1
1088 593 1
1088 620 1
1089 609 1
1089 594 1
1089 595 1
1090 648 1
1090 594 1
1090 596 1
1091 611 1
1091 595 1
1091 596 1
1092 599 1
1092 641 1
1092 597 1
1093 599 1
1093 643 1
1093 598 1
1094 663 1
1094 601 1
1094 603 1
1095 602 1
1095 604 1
1095 660 1
1096 664 1
1096 603 1
1096 604 1
1097 638 1
1097 605 1
1097 606 1
1098 607 1
1098 608 1
1098 657 1
1099 648 1
1099 609 1
1099 611 1
1100 609 1
1100 610 1
1101 616 1
1101 610 1
1101 613 1
1102 649 1
1102 610 1
1102 611 1
1103 617 1
1103 611 1
1103 613 1
1104 650 1
1104 611 1
1104 612 1
1105 618 1
1105 612 1
1105 613 1
1106 616 1
1106 614 1
1107 665 1
1107 618 1
1107 614 1
1108 615 1
1108 614 1
1109 615 1
1109 616 1
1110 615 1
1110 648 1
1110 617 1
1111 616 1
1111 617 1
1111 649 1
1112 616 1
1112 618 1
1112 666 1
1113 617 1
1113 618 1
1113 650 1
1114 619 1
1114 620 1
1115 668 1
1115 621 1
1115 622 1
1116 624 1
1116 625 1
1117 624 1
1117 626 1
1118 625 1
1118 626 1
1119 627 1
1119 629 1
1119 670 1
1120 627 1
1120 628 1
1121 631 1
1121 658 1
1121 628 1
1122 671 1
1122 628 1
1122 629 1
1123 655 1
1123 629 1
1123 630 1
1124 647 1
1124 632 1
1124 629 1
1125 656 1
1125 633 1
1125 630 1
1126 631 1
1126 632 1
1126 646 1
1127 634 1
1127 636 1
1127 661 1
1128 634 1
1128 635 1
1129 635 1
1129 636 1
1129 662 1
1130 639 1
1130 652 1
1130 638 1
1131 663 1
1131 641 1
1131 642 1
1132 664 1
1132 642 1
1132 643 1
1133 647 1
1133 644 1
1133 671 1
1134 648 1
1134 649 1
1135 651 1
1135 652 1
1136 670 1
1136 651 1
1136 654 1
1137 651 1
1137 653 1
1138 652 1
1138 653 1
1139 671 1
1139 653 1
1139 654 1
1140 658 1
1140 659 1
1140 669 1
1141 665 1
1141 666 1
1142 667 1
1142 668 1
1143 667 1
1143 669 1
1144 668 1
1144 669 1
1145 671 1
1145 670 1
