0 0 1
1 0 1
1 22 1
2 0 1
2 67 1
3 0 1
3 57 1
4 0 1
4 73 1
5 0 1
5 61 1
6 0 1
6 68 1
7 0 1
7 74 1
8 0 1
8 53 1
9 0 1
9 20 1
10 0 1
10 54 1
11 0 1
11 38 1
12 95 1
12 0 1
13 0 1
13 12 1
14 1 1
15 47 1
15 1 1
16 1 1
16 62 1
17 55 1
17 1 1
18 1 1
18 42 1
19 1 1
19 70 1
20 1 1
20 34 1
21 63 1
21 1 1
22 64 1
22 1 1
23 79 1
23 1 1
24 2 1
25 2 1
26 2 1
26 60 1
27 2 1
27 92 1
28 48 1
28 2 1
29 2 1
29 75 1
30 2 1
30 76 1
31 2 1
31 69 1
32 2 1
32 3 1
33 40 1
33 2 1
34 3 1
35 56 1
35 3 1
36 3 1
36 76 1
37 3 1
37 85 1
38 3 1
38 4 1
39 97 1
39 3 1
40 90 1
40 3 1
41 3 1
41 92 1
42 48 1
42 3 1
43 3 1
43 21 1
44 3 1
44 14 1
45 4 1
45 85 1
46 90 1
46 4 1
47 76 1
47 4 1
48 50 1
48 4 1
49 40 1
49 4 1
50 97 1
50 4 1
51 99 1
51 4 1
52 4 1
52 37 1
53 56 1
53 4 1
54 10 1
54 4 1
55 89 1
55 4 1
56 5 1
57 5 1
58 32 1
58 5 1
59 5 1
59 13 1
60 83 1
60 5 1
61 24 1
61 5 1
62 93 1
62 5 1
63 27 1
63 5 1
64 43 1
64 5 1
65 98 1
65 5 1
66 6 1
67 6 1
68 6 1
69 61 1
69 6 1
70 18 1
70 6 1
71 57 1
71 6 1
72 22 1
72 6 1
73 26 1
73 6 1
74 74 1
74 6 1
75 82 1
75 6 1
76 50 1
76 6 1
77 7 1
78 7 1
79 7 1
79 79 1
80 7 1
80 72 1
81 7 1
81 44 1
82 7 1
82 16 1
83 7 1
83 39 1
84 7 1
84 46 1
85 7 1
85 8 1
86 7 1
86 34 1
87 7 1
87 31 1
88 7 1
88 59 1
89 8 1
90 8 1
90 59 1
91 8 1
91 16 1
92 8 1
92 58 1
93 31 1
93 8 1
94 8 1
94 44 1
95 39 1
95 8 1
96 8 1
96 29 1
97 72 1
97 8 1
98 8 1
98 30 1
99 8 1
99 24 1
100 23 1
100 8 1
101 9 1
101 30 1
102 9 1
102 29 1
103 9 1
103 20 1
104 31 1
104 9 1
105 39 1
105 9 1
106 9 1
106 54 1
107 63 1
107 9 1
108 9 1
108 14 1
109 9 1
109 11 1
110 9 1
110 27 1
111 32 1
111 9 1
112 9 1
112 65 1
113 9 1
113 97 1
114 9 1
114 44 1
115 80 1
115 9 1
116 56 1
116 9 1
117 9 1
117 21 1
118 10 1
119 10 1
120 10 1
120 85 1
121 10 1
121 51 1
122 89 1
122 10 1
123 97 1
123 10 1
124 10 1
124 37 1
125 65 1
125 10 1
126 87 1
126 10 1
127 25 1
127 10 1
128 56 1
128 10 1
129 10 1
129 13 1
130 10 1
130 99 1
131 10 1
131 52 1
132 10 1
132 36 1
133 11 1
134 11 1
134 43 1
135 11 1
135 27 1
136 80 1
136 11 1
137 58 1
137 11 1
138 24 1
138 11 1
139 11 1
139 35 1
140 49 1
140 11 1
141 11 1
141 28 1
142 11 1
142 83 1
143 11 1
143 30 1
144 11 1
144 29 1
145 12 1
146 12 1
147 12 1
147 38 1
148 66 1
148 12 1
149 12 1
149 86 1
150 81 1
150 12 1
151 74 1
151 12 1
152 19 1
152 12 1
153 95 1
153 12 1
154 12 1
154 22 1
155 13 1
156 25 1
156 13 1
157 15 1
157 13 1
158 32 1
158 13 1
159 87 1
159 13 1
160 37 1
160 13 1
161 51 1
161 13 1
162 93 1
162 13 1
163 36 1
163 13 1
164 24 1
164 13 1
165 20 1
165 14 1
166 95 1
166 14 1
167 63 1
167 14 1
168 57 1
168 14 1
169 45 1
169 14 1
170 74 1
170 14 1
171 82 1
171 14 1
172 54 1
172 14 1
173 69 1
173 14 1
174 90 1
174 14 1
175 50 1
175 14 1
176 92 1
176 14 1
177 97 1
177 14 1
178 56 1
178 14 1
179 15 1
180 15 1
180 17 1
181 15 1
181 25 1
182 15 1
182 87 1
183 15 1
183 32 1
184 15 1
184 91 1
185 16 1
186 16 1
187 16 1
187 44 1
188 31 1
188 16 1
189 16 1
189 46 1
190 16 1
190 84 1
191 16 1
191 30 1
192 23 1
192 16 1
193 71 1
193 16 1
194 16 1
194 24 1
195 17 1
196 17 1
196 25 1
197 87 1
197 17 1
198 17 1
198 91 1
199 17 1
199 82 1
200 17 1
200 99 1
201 18 1
202 18 1
203 18 1
204 18 1
204 61 1
205 26 1
205 18 1
206 18 1
206 22 1
207 18 1
207 53 1
208 19 1
209 19 1
209 62 1
210 47 1
210 19 1
211 42 1
211 19 1
212 33 1
212 19 1
213 19 1
213 38 1
214 19 1
214 54 1
215 95 1
215 19 1
216 66 1
216 19 1
217 63 1
217 19 1
218 73 1
218 19 1
219 20 1
219 54 1
220 20 1
220 45 1
221 67 1
221 20 1
222 57 1
222 20 1
223 95 1
223 20 1
224 63 1
224 20 1
225 91 1
225 20 1
226 20 1
226 61 1
227 20 1
227 29 1
228 27 1
228 20 1
229 32 1
229 20 1
230 87 1
230 20 1
231 97 1
231 20 1
232 20 1
232 37 1
233 80 1
233 20 1
234 21 1
235 44 1
235 21 1
236 84 1
236 21 1
237 21 1
237 46 1
238 79 1
238 21 1
239 48 1
239 21 1
240 56 1
240 21 1
241 41 1
241 21 1
242 21 1
242 30 1
243 63 1
243 21 1
244 22 1
245 22 1
246 61 1
246 22 1
247 57 1
247 22 1
248 74 1
248 22 1
249 53 1
249 22 1
250 23 1
251 23 1
251 71 1
252 23 1
252 52 1
253 23 1
253 93 1
254 23 1
254 83 1
255 23 1
255 24 1
256 23 1
256 36 1
257 23 1
257 84 1
258 23 1
258 30 1
259 24 1
260 24 1
260 83 1
261 24 1
261 30 1
262 24 1
262 93 1
263 24 1
263 52 1
264 24 1
264 32 1
265 24 1
265 27 1
266 24 1
266 65 1
267 24 1
267 51 1
268 24 1
268 58 1
269 25 1
270 87 1
270 25 1
271 25 1
271 37 1
272 32 1
272 25 1
273 25 1
273 51 1
274 26 1
275 26 1
275 45 1
276 26 1
276 61 1
277 82 1
277 26 1
278 26 1
278 91 1
279 26 1
279 53 1
280 27 1
281 80 1
281 27 1
282 27 1
282 43 1
283 98 1
283 27 1
284 27 1
284 67 1
285 27 1
285 53 1
286 32 1
286 27 1
287 27 1
287 91 1
288 27 1
288 83 1
289 27 1
289 30 1
290 27 1
290 29 1
291 28 1
292 49 1
292 28 1
293 58 1
293 28 1
294 59 1
294 28 1
295 28 1
295 29 1
296 88 1
296 28 1
297 28 1
297 78 1
298 96 1
298 28 1
299 28 1
299 77 1
300 35 1
300 28 1
301 28 1
301 54 1
302 80 1
302 28 1
303 73 1
303 28 1
304 68 1
304 28 1
305 31 1
305 29 1
306 39 1
306 29 1
307 49 1
307 29 1
308 58 1
308 29 1
309 34 1
309 29 1
310 96 1
310 29 1
311 29 1
311 54 1
312 59 1
312 29 1
313 29 1
313 30 1
314 42 1
314 29 1
315 77 1
315 29 1
316 73 1
316 29 1
317 67 1
317 29 1
318 68 1
318 29 1
319 80 1
319 29 1
320 31 1
320 30 1
321 65 1
321 30 1
322 84 1
322 30 1
323 52 1
323 30 1
324 32 1
324 30 1
325 51 1
325 30 1
326 58 1
326 30 1
327 97 1
327 30 1
328 44 1
328 30 1
329 37 1
329 30 1
330 63 1
330 30 1
331 56 1
331 30 1
332 31 1
332 39 1
333 31 1
333 34 1
334 31 1
334 96 1
335 31 1
335 58 1
336 31 1
336 59 1
337 31 1
337 72 1
338 31 1
338 44 1
339 32 1
340 32 1
340 91 1
341 87 1
341 32 1
342 32 1
342 37 1
343 32 1
343 97 1
344 32 1
344 51 1
345 32 1
345 98 1
346 33 1
347 33 1
348 33 1
348 62 1
349 33 1
349 38 1
350 33 1
350 42 1
351 33 1
351 81 1
352 33 1
352 70 1
353 33 1
353 77 1
354 33 1
354 73 1
355 34 1
356 55 1
356 34 1
357 96 1
357 34 1
358 72 1
358 34 1
359 39 1
359 34 1
360 42 1
360 34 1
361 34 1
361 77 1
362 79 1
362 34 1
363 63 1
363 34 1
364 35 1
365 35 1
366 35 1
366 43 1
367 80 1
367 35 1
368 88 1
368 35 1
369 35 1
369 68 1
370 35 1
370 78 1
371 73 1
371 35 1
372 36 1
373 36 1
374 36 1
375 36 1
375 93 1
376 52 1
376 36 1
377 71 1
377 36 1
378 83 1
378 36 1
379 51 1
379 36 1
380 97 1
380 37 1
381 87 1
381 37 1
382 51 1
382 37 1
383 90 1
383 37 1
384 99 1
384 37 1
385 82 1
385 37 1
386 45 1
386 37 1
387 38 1
388 38 1
389 81 1
389 38 1
390 66 1
390 38 1
391 42 1
391 38 1
392 95 1
392 38 1
393 74 1
393 38 1
394 54 1
394 38 1
395 73 1
395 38 1
396 39 1
396 96 1
397 39 1
397 72 1
398 39 1
398 59 1
399 39 1
399 54 1
400 39 1
400 42 1
401 39 1
401 63 1
402 39 1
402 44 1
403 39 1
403 79 1
404 40 1
405 40 1
406 40 1
406 85 1
407 40 1
407 76 1
408 40 1
408 50 1
409 40 1
409 90 1
410 40 1
410 89 1
411 40 1
411 99 1
412 40 1
412 69 1
413 41 1
414 41 1
415 41 1
416 64 1
416 41 1
417 48 1
417 41 1
418 41 1
418 60 1
419 79 1
419 41 1
420 42 1
420 62 1
421 47 1
421 42 1
422 42 1
422 54 1
423 55 1
423 42 1
424 42 1
424 77 1
425 42 1
425 70 1
426 73 1
426 42 1
427 95 1
427 42 1
428 63 1
428 42 1
429 43 1
430 43 1
431 43 1
432 80 1
432 43 1
433 43 1
433 83 1
434 98 1
434 43 1
435 44 1
436 79 1
436 44 1
437 44 1
437 46 1
438 84 1
438 44 1
439 63 1
439 44 1
440 48 1
440 44 1
441 91 1
441 45 1
442 82 1
442 45 1
443 61 1
443 45 1
444 57 1
444 45 1
445 87 1
445 45 1
446 97 1
446 45 1
447 53 1
447 45 1
448 67 1
448 45 1
449 46 1
450 46 1
451 46 1
452 79 1
452 46 1
453 47 1
454 47 1
454 62 1
455 47 1
455 66 1
456 47 1
456 95 1
457 47 1
457 63 1
458 47 1
458 64 1
459 48 1
460 48 1
460 92 1
461 48 1
461 60 1
462 64 1
462 48 1
463 63 1
463 48 1
464 48 1
464 56 1
465 79 1
465 48 1
466 49 1
467 49 1
467 58 1
468 49 1
468 59 1
469 96 1
469 49 1
470 50 1
471 90 1
471 50 1
472 50 1
472 99 1
473 82 1
473 50 1
474 50 1
474 69 1
475 50 1
475 76 1
476 74 1
476 50 1
477 65 1
477 51 1
478 97 1
478 51 1
479 87 1
479 51 1
480 56 1
480 51 1
481 51 1
481 85 1
482 51 1
482 52 1
483 51 1
483 93 1
484 52 1
485 71 1
485 52 1
486 52 1
486 93 1
487 84 1
487 52 1
488 65 1
488 52 1
489 53 1
490 53 1
491 98 1
491 53 1
492 67 1
492 53 1
493 68 1
493 53 1
494 80 1
494 53 1
495 61 1
495 53 1
496 91 1
496 53 1
497 95 1
497 54 1
498 63 1
498 54 1
499 73 1
499 54 1
500 77 1
500 54 1
501 67 1
501 54 1
502 74 1
502 54 1
503 57 1
503 54 1
504 68 1
504 54 1
505 55 1
506 55 1
506 70 1
507 55 1
507 96 1
508 55 1
508 72 1
509 55 1
509 77 1
510 55 1
510 62 1
511 56 1
512 56 1
512 65 1
513 56 1
513 85 1
514 56 1
514 97 1
515 56 1
515 84 1
516 56 1
516 92 1
517 63 1
517 56 1
518 57 1
518 61 1
519 57 1
519 74 1
520 95 1
520 57 1
521 57 1
521 82 1
522 57 1
522 67 1
523 58 1
524 58 1
524 59 1
525 59 1
526 59 1
527 96 1
527 59 1
528 72 1
528 59 1
529 59 1
529 78 1
530 60 1
531 60 1
532 92 1
532 60 1
533 75 1
533 60 1
534 64 1
534 60 1
535 82 1
535 61 1
536 67 1
536 61 1
537 62 1
538 70 1
538 62 1
539 77 1
539 62 1
540 63 1
540 95 1
541 63 1
541 92 1
542 63 1
542 75 1
543 63 1
543 64 1
544 63 1
544 94 1
545 63 1
545 66 1
546 63 1
546 79 1
547 64 1
548 64 1
549 64 1
549 92 1
550 64 1
550 75 1
551 64 1
551 94 1
552 64 1
552 66 1
553 79 1
553 64 1
554 65 1
555 65 1
555 97 1
556 65 1
556 84 1
557 66 1
558 66 1
559 66 1
559 94 1
560 66 1
560 86 1
561 95 1
561 66 1
562 81 1
562 66 1
563 67 1
564 67 1
564 68 1
565 73 1
565 67 1
566 80 1
566 67 1
567 98 1
567 67 1
568 67 1
568 91 1
569 68 1
570 73 1
570 68 1
571 80 1
571 68 1
572 98 1
572 68 1
573 88 1
573 68 1
574 69 1
575 75 1
575 69 1
576 92 1
576 69 1
577 69 1
577 94 1
578 95 1
578 69 1
579 90 1
579 69 1
580 69 1
580 86 1
581 74 1
581 69 1
582 76 1
582 69 1
583 70 1
584 77 1
584 70 1
585 96 1
585 70 1
586 78 1
586 70 1
587 71 1
588 71 1
589 71 1
589 84 1
590 72 1
591 72 1
592 72 1
592 96 1
593 79 1
593 72 1
594 73 1
595 73 1
595 77 1
596 88 1
596 73 1
597 74 1
598 95 1
598 74 1
599 74 1
599 86 1
600 82 1
600 74 1
601 75 1
602 75 1
602 92 1
603 75 1
603 94 1
604 95 1
604 75 1
605 76 1
606 76 1
606 85 1
607 90 1
607 76 1
608 92 1
608 76 1
609 77 1
610 77 1
611 88 1
611 77 1
612 96 1
612 77 1
613 77 1
613 78 1
614 78 1
615 78 1
616 78 1
617 88 1
617 78 1
618 96 1
618 78 1
619 79 1
620 79 1
621 80 1
622 80 1
622 98 1
623 88 1
623 80 1
624 81 1
625 81 1
626 81 1
627 82 1
628 82 1
629 82 1
629 99 1
630 90 1
630 82 1
631 82 1
631 91 1
632 87 1
632 82 1
633 97 1
633 82 1
634 83 1
635 83 1
636 83 1
636 93 1
637 84 1
638 85 1
639 89 1
639 85 1
640 97 1
640 85 1
641 86 1
642 94 1
642 86 1
643 95 1
643 86 1
644 87 1
645 87 1
645 97 1
646 87 1
646 91 1
647 87 1
647 99 1
648 88 1
649 88 1
650 88 1
650 96 1
651 89 1
652 89 1
653 89 1
654 89 1
654 99 1
655 90 1
655 99 1
656 97 1
656 90 1
657 90 1
657 92 1
658 91 1
659 98 1
659 91 1
660 95 1
660 92 1
661 93 1
662 93 1
663 94 1
664 95 1
664 94 1
665 96 1
666 96 1
667 98 1
668 98 1
669 98 1
670 99 1
671 99 1
