1 -0.0 -1.0 -0.0
2 0.730417387165 0.07656730534 -0.678695725845
3 -0.901301965567 -0.217264262758 -0.374767937521
4 -0.464224490892 0.817552401991 0.340739918493
5 -0.876185017447 0.081231671387 0.475080236135
6 -0.400320513252 0.574766703485 0.713713334074
7 -0.975274109183 0.016783987059 -0.220360408729
8 -0.616578344127 0.774387474579 -0.141968957059
9 -0.494421419211 -0.078135528485 -0.865703355321
10 0.428550352302 0.898740100267 0.092794545715
11 0.446072719656 0.771884092473 -0.45300560324
12 -0.313232203445 0.189584761987 -0.930560693747
13 0.211706676025 -0.896890599771 0.388287954189
14 0.570566409222 -0.326966944362 0.753356880875
15 -0.0 -0.0 -1.0
16 0.6922983093 0.503197355627 -0.517218978992
17 -0.301276669801 -0.877436630265 0.373279155731
18 0.9847619845 -0.015287572533 0.173234303792
19 -0.175673518448 0.333043918473 -0.926401944776
20 0.847341765197 -0.531011645354 0.006210108772
21 0.867858289521 0.271318635746 0.416182877119
22 -0.209880664904 0.539240215522 0.81557960768
23 -0.53437664138 0.830648870835 0.156409905467
24 -0.411580760573 -0.909696850095 -0.055253221201
25 -1.0 -0.0 -0.0
26 0.0 1.0 0.0
27 -0.108574743129 -0.520791279552 -0.846751420606
28 0.313899194023 -0.94746616686 0.061442319668
29 0.777945938169 -0.483142544005 -0.401713081015
30 0.252226672704 0.964775067649 0.074771481322
31 0.35544195533 -0.026883430523 0.934311670458
32 0.236501755938 0.91864754731 -0.316470540904
33 -0.639664443247 0.050184168529 -0.76701430839
34 -0.222752403844 -0.048732856013 0.97365624084
35 0.0 1.0 0.0
36 -0.921193553714 0.273014826364 -0.277245993985
37 -0.960882924976 0.078182153931 0.265690713606
38 -0.451750961965 -0.122934396365 0.883633522765
39 -0.513521001698 -0.539471681932 0.667282912421
40 -0.235576997445 0.766404780297 -0.597601197298
41 -0.511972235173 -0.729900713978 0.452912108632
42 -0.457611854917 -0.503549090916 -0.732823105038
43 -0.128306230146 -0.245213555875 -0.960941113347
44 0.694180109644 0.237619409185 -0.679449035434
45 0.085708948304 0.982020099102 0.168197803613
46 -0.252888606775 -0.937700385097 -0.238254780337
47 0.373794043533 0.922137246438 0.099704121035
48 0.094444815572 0.721934606844 -0.685485667431
49 -0.684483710997 -0.675599816532 -0.27394696071
50 0.813450323959 -0.57130992475 0.109103347027
51 0.877850358081 -0.46859574247 0.098978679298
52 0.337340459041 0.821580760672 -0.459572049181
53 0.818744952627 -0.52571214288 0.230832071812
54 -0.727793285761 -0.422972089739 0.539825475967
55 0.600610960196 0.407556480116 0.687869311721
56 0.155739095343 -0.719165072136 -0.677160935968
57 1.0 0.0 0.0
58 0.0 0.0 1.0
59 0.847396408069 0.040559629296 0.529409335073
60 -0.749018737645 0.657669042688 -0.080264319264
61 -0.552389977482 -0.328773426316 0.766011322975
62 -0.385951225802 -0.283038357017 0.878026730663
63 -0.204657385836 -0.943287810061 0.261387570119
64 0.037112417903 0.713356195403 0.699818267064
65 -0.491586721683 0.591158586711 0.639432576917
66 -0.173138146177 -0.95314034739 -0.248085994194
67 -1.0 -0.0 -0.0
68 -0.0 -1.0 -0.0
69 0.0 0.0 1.0
70 0.944026439292 0.119285032007 -0.307547009507
71 -0.593698368923 0.567292923436 -0.570702186572
72 0.678057860484 0.295332026972 -0.673065027825
73 -0.619370009998 0.582183612906 0.526728612834
74 -0.89026165293 -0.338440297785 -0.304782470226
75 -0.256912161572 -0.350197382217 0.900754092261
76 -0.427410697523 -0.88057501548 -0.204713794738
77 -0.054775310071 -0.996005650683 0.070515311918
78 1.0 0.0 0.0
79 -0.0 -0.0 -1.0
80 -0.852407328589 0.522827510763 0.007289729511
81 -0.141922055675 -0.988377987587 -0.054470944234
82 0.029020349952 -0.474677175684 -0.879681418567
83 -0.418160097154 -0.274101361482 -0.866031510271
84 0.359511395737 0.610556990172 -0.705671111841
85 0.090323069496 -0.995912104381 0.000907449546
86 -0.583662425984 0.305948176749 -0.752152833963
87 0.415591894814 0.878395552537 -0.236018283715
88 0.255412564297 0.600874250121 -0.757439474507
89 -0.454180449371 0.71192783345 -0.535610753596
90 1.0 0.0 0.0
91 0.14734276022 0.943474261985 0.296894641217
92 0.304550566202 -0.943902310977 -0.127661192057
93 -0.232052304468 -0.913884662628 0.333116423199
94 0.932178784963 0.358349071392 -0.051270419319
95 0.650392681299 -0.759594044034 0.002499676299
96 0.951329342884 0.303761168241 0.051977245373
97 -0.845362841957 -0.501179857346 0.18487946351
98 0.613191314515 0.347550051321 0.709369701658
99 0.676955220813 0.030625950169 -0.735386755518
100 0.252464732966 0.07054526387 -0.965031048389
101 0.08682111943 -0.443866459532 -0.891877042716
102 -0.609020772953 -0.574738070273 -0.546598434584
103 -0.492157445449 0.311241356722 0.812963631877
104 -0.699813562807 -0.654549866084 0.286051481591
105 -0.423813356216 0.030815792533 0.905225179733
106 -0.278662603835 -0.006909965648 0.960364204663
107 0.533021044362 0.65958548337 0.529939200659
108 -0.836426335407 0.234878730943 -0.495199926482
109 -0.979101868111 -0.089401463842 0.182666116519
110 -0.779305363708 0.514081207139 -0.358334567914
111 0.293793452661 -0.696407915822 0.654752947267
112 0.097342177199 0.072008963106 -0.992642538767
113 -0.165710303035 0.791767626983 0.587915062173
114 -0.501419045236 0.415478971098 0.758917759477
115 -0.406882926891 -0.751837833837 0.518831528933
116 -0.313215380099 0.86262765493 -0.397202284256
117 -0.458265386788 0.825914026552 0.328418720564
118 0.041658362087 0.952038804058 -0.303128184827
119 0.0 1.0 0.0
120 0.0 0.0 1.0
121 0.643915024269 0.042504769939 0.763915431218
122 -0.51104661911 0.547160978999 0.662907396366
123 0.900901024 -0.431191769648 -0.04950760289
124 -0.105260429318 0.785772559057 0.609493008535
125 0.140302694781 -0.870951615612 -0.470912345453
126 -0.562821346795 0.205890070324 0.800525708852
127 -0.165397624454 0.939526952019 0.299887866135
128 -0.385211431066 0.922260183879 -0.032377563352
129 -0.069903936897 0.008185202229 0.997520146198
130 -0.608622388025 0.79303760207 -0.025887265166
131 0.61456629594 0.758643135489 0.216261094214
132 -0.895033536242 0.068615643171 0.440689076917
133 -0.985959381562 0.166915507944 0.004828158909
134 1.0 0.0 0.0
135 -0.436123066793 0.75970981854 -0.482325266003
136 -0.804051283764 -0.314921230801 0.504307596084
137 -0.612605099319 -0.771444238391 0.172013892873
138 0.008650405547 0.236112936533 -0.971687116147
139 -0.212592583564 0.902682322587 0.374124334818
140 -0.195599735113 0.940455794354 0.277999356995
141 -0.084404099055 0.044354964743 -0.995443913621
142 -0.075753171411 -0.017930232613 -0.996965377423
143 0.073593414438 -0.864118737743 -0.497878314885
144 -0.59510592049 0.786281907032 -0.166161686536
145 -0.527522972123 0.354823251289 -0.771893758381
146 -1.0 -0.0 -0.0
147 -0.0 -1.0 -0.0
148 -0.786652259469 0.421738680579 0.450904322418
149 -0.12982035552 0.961855782902 -0.240790631444
150 0.460231438386 -0.703028732526 -0.542160146418
151 -0.177662775957 -0.484531483725 -0.856542572975
152 0.153361799417 0.361405081414 0.919710022566
153 0.893203135433 0.257296826034 -0.368763477266
154 -0.477751998033 -0.729020194254 -0.490186275558
155 -0.246176442808 0.318926709236 -0.915250191556
156 0.0 0.0 1.0
157 -0.967216331708 -0.253420224369 0.016454712369
158 0.775613721791 0.620848606985 -0.113887496132
159 -0.051270824118 -0.858355208279 -0.51048764825
160 -0.822343386071 -0.14430598299 -0.550388170892
161 -0.760492427995 0.115550621848 -0.638983036358
162 0.37106627143 -0.60320458602 0.706012782895
163 -0.808182433228 -0.542466378928 0.229284500903
164 -0.784359628611 -0.619300781982 0.035306011413
165 -0.740785782348 0.154528287977 0.653725808643
166 -0.821833833833 0.569492590943 -0.01635048712
167 -0.328669527783 -0.312777122362 -0.891149153191
168 -0.290670996387 -0.413103198244 0.863050473298
169 -0.375064135507 -0.90279415186 0.21045097677
170 -0.196690472259 0.410597274914 -0.890349782926
171 0.651425964745 0.707706965934 0.273486860424
172 -0.375816742145 -0.026189516166 0.926323855661
173 -0.601105826904 0.466265997636 0.649051465071
174 0.830433152443 -0.495310919821 0.255044843175
175 0.399492099141 -0.606726459641 -0.687232905131
176 0.684210359601 -0.497131297673 -0.533588471285
177 0.33968403736 -0.794579939847 0.503246931392
178 0.318527413185 0.586519377515 0.744671274355
179 0.236608959202 0.947505692631 0.215056185349
180 0.0 0.0 1.0
181 0.793631869996 0.117817018701 -0.596881567005
182 -0.341091003469 -0.917310385356 0.205422939983
183 0.321361258597 -0.426391846 0.845527607555
184 -0.637080411106 0.390745950714 0.664414141771
185 0.113123306171 0.71252002483 0.692472621709
186 1.0 0.0 0.0
187 0.0 1.0 0.0
188 -0.933851499381 0.312468155157 -0.174025943805
189 0.598368171801 0.800774491962 0.02675339229
190 0.40555256998 -0.603474060567 0.686546554289
191 0.53816727474 -0.38148450383 -0.751562078431
192 -0.54519439695 -0.478274615518 0.688488534171
193 -0.032517389482 -0.105067935299 -0.99393327158
194 0.110658084504 -0.415023970953 -0.903055863094
195 0.130470266637 0.428816858412 -0.893920360807
196 0.0 0.0 1.0
197 -0.444276741921 -0.848336644381 0.287998462475
198 -0.237700735458 0.423795051134 -0.87401150736
199 -0.056348248107 -0.691054888761 -0.72060253653
200 0.824835919528 0.198888368274 0.529234468664
201 0.927968531453 -0.167171135078 0.333058878022
202 -1.0 -0.0 -0.0
203 -0.0 -1.0 -0.0
204 0.0 0.0 1.0
205 -0.178300061629 -0.617604656966 0.766011472314
206 0.421374252415 0.886287332962 -0.192193919862
207 0.095901624438 -0.082323026831 -0.991980744613
208 0.976503181295 0.058041250074 -0.207539755735
209 -0.0 -0.0 -1.0
210 -0.76477708643 0.024390973234 0.643833121621
211 -0.541698538391 -0.563828768717 0.623425868145
212 -0.820616048539 -0.132777335934 -0.555841236274
213 0.086213828105 0.852476258884 0.515607800447
214 -0.751074225976 -0.618143064811 0.231919508669
215 0.417084976244 0.243902579965 0.875529356491
216 -0.387391408995 0.445290551069 0.807244833595
217 -0.910499796138 0.367009050577 0.19051109686
218 0.025188656755 0.785768156883 0.618008038135
219 0.405878244272 -0.553479189981 0.727271364131
220 -0.080605309221 0.130317654229 0.988190312198
221 -0.442692650291 0.026695388201 0.896275947255
222 0.24530982071 -0.946434961157 0.209961796912
223 -0.902010787206 -0.395399764835 0.173307719772
224 -0.768018247728 0.163118139224 -0.619306421582
225 -0.303758880625 0.678964044072 -0.668384896073
226 -0.026746725003 0.121849613234 0.992188129568
227 -0.749341955905 -0.481458532246 0.454625466564
228 0.724528084728 0.233164649748 -0.64860874227
229 -0.750660269938 0.369220231898 -0.54789194144
230 -0.301376711378 -0.302411640762 -0.904278318534
231 -0.079402374021 0.584135575908 0.807762893403
232 0.135314004011 -0.773577029149 -0.619086989276
233 -0.109491548826 0.702333381213 0.703377155138
234 0.721939967288 -0.625414450935 0.296073383122
235 0.0 1.0 0.0
236 -0.611144551828 0.753847679502 0.241279947114
237 0.244282047821 -0.275189714864 0.929837029777
238 0.403379641954 -0.004244546015 -0.91502286763
239 -0.036915508652 0.606153085638 0.794490831912
240 -0.870955694653 -0.477518504086 -0.115811295678
241 0.572504877298 0.297594432452 -0.763986727139
242 0.821230167578 0.321419455409 0.471455772628
243 -0.13573684035 0.86068261908 -0.490714723017
244 -0.524347651563 -0.851007080557 0.029094486479
245 -1.0 -0.0 -0.0
246 -0.0 -1.0 -0.0
247 -0.094008979159 -0.907265435966 -0.409916748302
248 -0.041083623547 -0.989129121583 0.141193897574
249 -0.227549803586 0.827228373407 -0.513725904659
250 0.840496840245 0.114126167875 0.529660532175
251 1.0 0.0 0.0
252 0.404319112332 -0.913532669271 0.044543434725
253 -0.92411619664 0.20114391602 0.324885179957
254 -0.537251117597 -0.217169908839 0.814983722129
255 -0.152423130595 -0.956322412416 0.249428612572
256 -0.291186095349 -0.954181220196 0.068911950348
257 0.399889672784 0.034922597621 -0.915897735436
258 -0.811010785847 0.380500133157 -0.444388516849
259 0.638073946431 0.649882119048 0.412934462388
260 1.0 0.0 0.0
261 -0.634183527594 -0.121890166106 -0.763514270158
262 0.669188000104 -0.095024539004 0.736992372758
263 -0.18281032663 0.744529058514 0.642072321086
264 -0.2887757956 0.948441487941 0.130641815007
265 -0.845565673924 -0.273710763663 0.458367875114
266 -0.35182985325 -0.935708111656 0.025808606
267 0.76234600948 -0.646937344837 0.017338791326
268 -0.861673952686 0.472680925416 0.18463678401
269 0.147287916697 -0.447748567553 -0.881945287333
270 0.0 0.0 1.0
271 -0.552603858589 -0.038635767997 -0.832548048406
272 0.482171599029 -0.278699921328 0.830564207597
273 0.439720569968 -0.73208909101 -0.520280100687
274 0.006996375652 -0.700236632525 0.713876536383
275 0.0 0.0 1.0
276 -0.570100150685 -0.732352132884 0.372352214509
277 -0.363322258551 -0.40887436995 -0.837149142053
278 0.37316090416 -0.926866774539 0.040852440102
279 -0.801064192386 -0.585261267119 -0.125560379444
280 0.753310637041 -0.653150043843 -0.076929216488
281 0.0 0.0 1.0
282 -0.199061492824 0.846407507361 0.493932033338
283 -0.971018703679 0.105324054319 0.214544915313
284 -0.276940668571 -0.826879584037 0.489462991036
285 0.733210749254 0.455842134682 0.504588887538
286 -0.8357286553 -0.505444091398 0.214671575161
287 -0.47920310531 0.757734074755 0.442948592747
288 -0.803106655815 0.493813505656 0.333418537302
289 0.431253349811 0.896914907164 0.09779671561
290 0.067143118185 -0.893263523436 0.444490809105
291 0.037794975438 -0.45120654019 0.891618863597
292 1.0 0.0 0.0
293 0.12913293947 -0.984275735403 -0.120523693274
294 -0.309576044462 -0.868110683944 -0.388003238541
295 -0.319100493604 -0.786462700101 0.528820665568
296 -0.784548312247 0.61931615741 0.030519549821
297 0.234148720533 0.831011112234 0.504573986662
298 -0.185006415136 0.730815469583 0.657024638637
299 0.383871689452 -0.328719115452 0.862894123965
300 0.707285891403 0.376972937127 0.598028488031
301 0.223940912283 -0.752226135996 0.619682425223
302 -0.992791739648 0.08949763007 0.079716597383
303 0.317998748344 0.456859577112 -0.830756355891
304 -0.798035026585 -0.574264480334 0.182648304042
305 -0.653394014483 -0.524197048153 0.546162719842
306 0.025464943103 -0.783135102281 0.621329983381
307 -0.28694883959 0.621902652855 -0.728627102042
308 0.821411456133 -0.569923897885 -0.021678799635
309 -0.939734355309 0.322224188374 -0.114328097506
310 -0.217496674672 -0.111580639114 -0.96966229043
311 0.309075385084 -0.217232722508 -0.925895431789
312 -0.90536120179 -0.412226993027 0.101931351964
313 -0.915196199394 -0.015694071547 0.40270288394
314 -0.032348885334 0.51645404368 0.855703669727
315 0.73177535392 0.509578836022 0.452586169998
316 -0.138227205256 -0.790680580041 -0.596420539614
317 -0.406544935279 -0.897817862328 0.169246275245
318 -0.385675784726 -0.709067947228 0.590319265559
319 0.264692139906 0.811357188219 -0.521188626312
320 0.097521471932 -0.695782752087 0.711600958692
321 -0.024533679782 0.303400113174 0.952547358341
322 -0.474890712329 0.731051801569 0.489940889053
323 0.009160279523 0.997375445512 0.071821375432
324 0.181552443151 0.780279315295 0.598500543449
325 0.351982509143 0.310127008114 -0.88313620246
326 -0.562679961542 0.479505838703 0.673398404757
327 -0.579133288937 0.57798382452 0.574925501468
328 -0.76405286194 0.226958925937 0.603914621531
329 0.215596126835 0.603442091651 -0.767708246744
330 -0.71891976392 0.151932032113 0.678285360791
331 0.829169518053 0.035585014639 0.557863439441
332 -0.698818679323 0.695039595515 0.169033766139
333 -0.650909995762 0.205163693193 -0.730906311652
334 -0.238323103986 -0.402124134909 -0.884023912703
335 0.341197115061 -0.464738618831 -0.817069485932
336 -0.825089691041 0.496030837955 -0.270518778527
337 -0.94917207122 0.197034165582 0.245458584715
338 -0.198410526052 0.069211864095 0.977672225759
339 -0.229116884837 -0.972305708841 0.046120078471
340 0.0 0.0 1.0
341 -0.833333630719 -0.516742398399 -0.196296596022
342 0.764951709621 -0.639309704001 0.078306987666
343 0.657011689038 -0.722224792968 0.216164263674
344 -0.608348622138 0.727623301125 -0.31697994511
345 -0.251091969102 0.936119407606 -0.246238254045
346 0.178381212388 -0.983323155447 -0.035436069607
347 -0.0 -1.0 -0.0
348 -0.0 -0.0 -1.0
349 -0.451082940504 -0.863846191874 -0.224263098995
350 -0.709447903117 0.104845752112 0.696915375801
351 -0.494474585525 -0.606903878188 -0.62222388809
352 0.987849759928 0.149215716436 0.043445618643
353 -0.924849628408 -0.38009011841 -0.013589213395
354 -0.91698998073 -0.19790063865 -0.346359224595
355 0.415463431803 -0.161917188527 0.895082655901
356 -0.0 -0.0 -1.0
357 0.386977214584 0.63893876218 0.664835237917
358 0.963492151503 -0.229004558493 -0.138707556322
359 0.687422822468 0.41889223383 -0.593278315453
360 0.116452955871 0.51809906048 0.84735593029
361 -0.750236339575 -0.561273999165 0.349452332434
362 -0.011555733637 0.996795539525 -0.079152494615
363 0.033823851832 -0.979928360597 0.196459550911
364 -0.722615117537 0.382818952972 0.575566713033
365 1.0 0.0 0.0
366 -0.0 -1.0 -0.0
367 0.002359024878 -0.774593276952 -0.632455287196
368 -0.821824374232 0.303296431905 0.482302780743
369 0.360164360963 -0.212858758464 0.90828012311
370 0.994304992829 -0.062524328912 -0.086303473445
371 0.078760807317 -0.193453102967 0.977943061831
372 0.953466052612 -0.020461370833 0.300805283895
373 1.0 0.0 0.0
374 0.0 1.0 0.0
375 0.0 0.0 1.0
376 -0.296810937827 -0.606630402038 -0.737497676274
377 0.295484700525 -0.226650402685 0.928072403812
378 -0.142572856373 -0.517838210291 0.843514415164
379 -0.220492965307 0.777312146564 0.589210216352
380 0.89782915196 0.141846932823 0.416871996587
381 -0.22236874912 0.596367388666 -0.771296361427
382 0.196342078181 -0.799964144026 0.567016010892
383 0.566248430709 0.806929224345 -0.168011730592
384 0.959597455995 -0.085877892847 0.267950946943
385 0.968659069956 0.189580022523 -0.160496172081
386 0.786422871009 0.615644794838 0.050205124661
387 0.231568800166 0.952039109108 0.199993563694
388 -0.0 -1.0 -0.0
389 -0.0 -0.0 -1.0
390 -0.661455113278 -0.292523205559 -0.690584757527
391 -0.462791799792 0.885560419409 0.040081088064
392 0.877500391169 0.466807970891 0.109924436821
393 -0.110645602964 -0.793713136096 -0.598144638138
394 0.174237214529 -0.437777895212 -0.882038495496
395 -0.70389115925 -0.5087669417 -0.495674726976
396 -0.779606072433 0.219523975443 -0.586535247049
397 -0.473043742786 0.519059150239 0.711903937315
398 0.327019041351 -0.11033403089 -0.938554712428
399 0.970455874519 -0.212031826284 -0.115142955731
400 0.719066099805 0.597802820585 -0.354366662951
401 0.648116027465 0.731090707196 0.213194729753
402 -0.941841793569 0.201955918758 0.268603504752
403 0.311921333563 0.94899119782 0.04605201546
404 -0.09161540127 0.783738703713 -0.614296559125
405 -1.0 -0.0 -0.0
406 0.0 1.0 0.0
407 -0.966245621346 0.107099096184 -0.234305746465
408 -0.879170845004 -0.050635537322 0.473808682545
409 0.138255025455 -0.982977796584 -0.120996691523
410 -0.498210402216 0.865875511265 -0.045232666463
411 -0.483409135931 -0.316742208301 -0.816082091936
412 -0.291714770222 0.884789942923 -0.363385813891
413 -0.030059980704 0.698611117135 0.714869851495
414 -1.0 -0.0 -0.0
415 0.0 1.0 0.0
416 -0.0 -0.0 -1.0
417 0.304434520781 0.940685965338 0.149764939733
418 0.276378514284 -0.17169678788 0.945587187875
419 -0.544199328238 0.091132174259 0.83399161744
420 0.974957226616 -0.160992501033 -0.153426923583
421 0.406310116855 0.145662142936 0.902050236437
422 0.455948812575 -0.195243330868 0.868326391435
423 0.057905156366 -0.286773386221 -0.956246839379
424 -0.630109771872 -0.295916050846 0.717910416587
425 -0.814203801449 0.505513726394 0.285531157905
426 -0.641546180014 0.224108676057 0.733616930166
427 0.11665141831 -0.755452297818 0.644735815918
428 -0.766937766953 0.371201629926 0.523465196132
429 -0.347605848328 0.826353150482 0.44306957117
430 1.0 0.0 0.0
431 -0.0 -1.0 -0.0
432 0.0 0.0 1.0
433 0.905764493013 0.416076309537 0.08044369359
434 0.206739734629 -0.949657307146 -0.235392610568
435 0.773038630607 0.456250427171 -0.440734413559
436 0.0 1.0 0.0
437 -0.499873357446 -0.139681187712 -0.854760663762
438 -0.06826865573 0.614720539914 -0.785784988692
439 0.230695208519 -0.305765127768 -0.923735572233
440 0.849052433869 0.506374256185 -0.150648854006
441 0.999601430552 0.006899165216 -0.027374834378
442 -0.765126474157 -0.229530168945 -0.601579072182
443 -0.83274721553 0.505853124446 0.225043754669
444 0.597878388861 0.729073291291 0.333156972101
445 -0.559662616015 -0.461839590635 -0.688100246154
446 0.311314594927 0.875829975812 0.368788660962
447 -0.184280808977 -0.980095644077 -0.073845188771
448 0.413479622103 -0.905246749154 0.097790210405
449 0.495382359249 -0.72862202135 -0.472975969948
450 1.0 0.0 0.0
451 0.0 1.0 0.0
452 -0.0 -0.0 -1.0
453 -0.46350797037 -0.886072066214 0.006054327246
454 -0.0 -0.0 -1.0
455 -0.228375778971 0.969853824506 -0.085018013804
456 -0.929505295201 0.175468071106 0.32439306746
457 0.469472319141 -0.238649513177 -0.85008361437
458 -0.107204945412 0.638384948698 0.762215033278
459 0.439703942809 -0.893940599956 -0.086779297233
460 0.0 1.0 0.0
461 0.64270335217 0.483687685724 -0.594120041565
462 0.956078899918 -0.291581644985 -0.029887814237
463 0.38316488271 0.329617826402 0.862865436308
464 -0.288903405923 0.92952004303 -0.229188375908
465 -0.289632154759 -0.17629410638 -0.940762245727
466 0.820189021011 -0.079683311698 -0.566516142444
467 1.0 0.0 0.0
468 -0.42037672073 -0.79048952243 -0.445432068442
469 0.355962889233 0.733077322451 -0.579558505068
470 -0.380985977854 0.261619301575 -0.886794804744
471 -1.0 -0.0 -0.0
472 -0.872568253547 -0.277736816371 -0.401854331486
473 -0.364311840855 0.256339501046 -0.895302710158
474 -0.498468846848 0.750738266488 -0.433498401327
475 0.099086579944 0.056192247601 0.99349095667
476 -0.486679177155 -0.844377231481 0.223987654752
477 -0.126617182012 0.809389839014 0.573459830956
478 -0.412512690876 -0.565704006298 0.71401138445
479 0.718272739583 0.689496211142 0.093162473089
480 0.35565638206 0.877964647837 -0.32044752308
481 0.412173304844 -0.534820399524 0.737617995324
482 0.906922559581 -0.420465266743 0.026465645384
483 0.931934303792 0.340186248236 -0.125585707496
484 0.950117023671 0.028264103559 0.310610337529
485 0.0 1.0 0.0
486 -0.62501559387 -0.669238173192 0.401840484474
487 -0.233544268175 0.529750399109 -0.815365923648
488 0.29199089991 -0.341996626444 0.893185099445
489 0.967896045337 0.139074931159 0.209369073514
490 -0.0 -1.0 -0.0
491 0.0 0.0 1.0
492 0.892371305256 -0.321245743963 0.316977326542
493 0.226019889566 0.120435835594 -0.966648963702
494 0.403173031163 -0.121634391591 -0.907004179552
495 -0.893912138858 -0.078363896307 0.441339084783
496 -0.856343294671 0.386420424492 -0.342571769426
497 0.084905592388 -0.984070991039 -0.156190028415
498 -0.955972089587 0.290418606169 0.042123593411
499 -0.422128252469 0.905588729743 -0.041434177061
500 -0.157947073534 0.973835856156 -0.163390474712
501 -0.559613669553 0.476558577103 0.678029839637
502 0.145323122325 -0.664662628523 0.73287432781
503 0.936971079848 0.123703999824 -0.32677594152
504 0.722868917343 0.229532296999 -0.651747998059
505 -0.277548926806 0.754203841947 -0.595099284172
506 -0.0 -0.0 -1.0
507 -0.195370140716 0.953877830647 0.227920144605
508 0.935645687542 0.205398779612 0.287016530391
509 0.736541821616 0.671008027903 -0.085172598294
510 -0.220123685564 0.865518171177 -0.449915390286
511 -0.916921117068 -0.397296015431 0.03757048306
512 0.0 1.0 0.0
513 -0.805985439904 0.326595302492 -0.493683075517
514 0.695161547963 0.02760799719 -0.718323200743
515 0.021887727004 -0.796650602551 0.604043661387
516 -0.977994116746 -0.139968308554 0.154713865603
517 0.584912479655 0.397158111529 0.707207766919
518 0.078044023798 0.722722520199 0.686717765277
519 -0.070660571358 0.421033461297 -0.904288619924
520 -0.506317681233 0.267482584373 -0.81981429161
521 -0.09211163902 -0.563762578837 0.82078450318
522 -0.056319362443 0.699871998148 0.712044461829
523 -0.914053704365 0.405053267183 -0.020920714167
524 1.0 0.0 0.0
525 0.21949277058 0.484617648779 -0.846740018043
526 1.0 0.0 0.0
527 -0.0 -0.0 -1.0
528 -0.747874288867 -0.275666401957 -0.603897410893
529 -0.685473354913 0.115182090565 -0.718929319
530 0.030837539895 0.976193413692 0.214698544936
531 -1.0 -0.0 -0.0
532 0.0 1.0 0.0
533 -0.400455887603 0.75381343529 -0.5209610224
534 -0.255101213779 -0.933197821629 0.253111035785
535 0.337697018051 -0.503472947372 -0.7952834182
536 -0.08718670618 0.907607256526 0.410667196362
537 -0.919819370447 0.279755069888 0.275080763819
538 -0.0 -0.0 -1.0
539 -0.977288912878 0.139744385828 0.159304385988
540 -0.897123375163 0.321856289329 -0.302618867149
541 0.640318495636 0.761302449831 -0.102033347621
542 0.729119910186 -0.668319654177 -0.147421153204
543 0.967929410723 -0.250888504091 -0.012946596924
544 0.469294333707 -0.48165513232 0.74011564087
545 -0.920777615424 -0.288419654937 -0.262645551227
546 -0.768272642268 -0.461742142971 -0.443341110825
547 -0.60201117103 -0.451681309868 0.658457701201
548 -1.0 -0.0 -0.0
549 -0.0 -0.0 -1.0
550 0.055699770628 0.009821673581 -0.998399253946
551 0.465921115029 0.280929770628 -0.839044682091
552 0.460638905566 0.758513550915 -0.460943588475
553 0.367935943557 0.906145605043 -0.208622347557
554 -0.990206561183 -0.092222835135 0.104813715086
555 0.0 1.0 0.0
556 0.634236693447 0.699728583217 -0.328821724517
557 0.683058283265 0.437147650107 -0.585092568462
558 -1.0 -0.0 -0.0
559 -0.0 -0.0 -1.0
560 0.180100988138 -0.687756289675 -0.703245988317
561 0.378936790312 0.271290897565 -0.884764464615
562 -0.65196069835 -0.091231680699 -0.75274433126
563 0.051815850348 0.882835179202 0.466815985176
564 -0.0 -1.0 -0.0
565 0.659934760865 -0.671801539412 -0.336405711969
566 -0.006894533398 -0.329580424863 -0.944102329706
567 -0.962568124715 0.003435420593 -0.271018086422
568 -0.420373370979 0.288376282324 -0.860305381109
569 -0.189302538238 0.745085131365 0.639541004186
570 -0.0 -1.0 -0.0
571 0.305623630916 0.081197419253 0.948683917505
572 -0.851374970088 -0.267846208055 -0.45102003186
573 -0.24462385217 0.107684011486 -0.963619906716
574 -0.557671167476 -0.121373068277 0.821140333477
575 -1.0 -0.0 -0.0
576 0.051552415989 0.232965133382 -0.971117704006
577 0.682512717676 0.57447216413 -0.451838602657
578 -0.045856098091 -0.572289998497 -0.818768206447
579 -0.608935201667 0.71059241338 0.352500130805
580 -0.376778508831 -0.139233525342 -0.915779438895
581 0.188091967651 0.881689432797 0.432718333097
582 -0.231838621635 0.972633558335 -0.015323665331
583 -0.47502432299 -0.748229768887 -0.463145879306
584 -0.0 -0.0 -1.0
585 0.150662874135 -0.418407138363 0.895676372874
586 0.641307156716 0.681347367868 0.352832672871
587 -0.847150780621 0.36314414918 -0.387894163155
588 1.0 0.0 0.0
589 0.0 1.0 0.0
590 -0.795248792139 -0.193966673576 -0.574418217106
591 1.0 0.0 0.0
592 -0.0 -0.0 -1.0
593 -0.235955021224 0.779546172337 -0.580200821401
594 0.346992847473 -0.936994461431 -0.040464095811
595 -0.0 -1.0 -0.0
596 0.405482543289 0.416957083044 -0.813468314065
597 -0.825760438057 -0.186897160604 0.532155193809
598 -1.0 -0.0 -0.0
599 0.531461859983 0.624173609298 -0.572674075578
600 -0.676225622339 0.221368875462 -0.702648367726
601 -0.150426786037 -0.451201830323 -0.879652596402
602 -1.0 -0.0 -0.0
603 -0.818040036003 -0.537627689574 -0.204369681948
604 0.090241794205 0.878443984762 0.469246826536
605 -0.586286891726 0.808003949292 -0.058286349336
606 0.0 1.0 0.0
607 -0.061114006073 0.213736656684 -0.974977804799
608 0.221648250626 0.878558809326 -0.423091564026
609 0.144122605083 0.53657538007 0.831453868959
610 -0.0 -1.0 -0.0
611 -0.0 -0.0 -1.0
612 0.858018051642 -0.351824295688 0.374198727977
613 0.508523584473 0.847536454862 -0.151939862168
614 -0.965533459423 0.252204521704 -0.064327427797
615 1.0 0.0 0.0
616 -0.0 -1.0 -0.0
617 -0.0 -0.0 -1.0
618 -0.874654697524 0.009774176062 0.484647939831
619 0.466736070182 -0.867430235947 0.172401353116
620 0.0 1.0 0.0
621 -0.0 -0.0 -1.0
622 -0.0 -1.0 -0.0
623 0.42029504455 0.36539603654 -0.830564754855
624 0.168745941989 0.001026060054 -0.985659045646
625 -1.0 -0.0 -0.0
626 -0.0 -1.0 -0.0
627 -0.0 -0.0 -1.0
628 -1.0 -0.0 -0.0
629 0.0 0.0 1.0
630 -0.32962744504 0.849502438929 0.411936103941
631 0.079418713315 -0.962832533979 0.258159213445
632 0.960332871356 -0.243088677688 0.13663334503
633 -0.869333374491 -0.458441759883 -0.184636499076
634 0.72544336339 0.684853872518 -0.068608307157
635 1.0 0.0 0.0
636 0.0 0.0 1.0
637 -0.352006406496 0.781463991282 0.515175232436
638 0.0 1.0 0.0
639 0.0 1.0 0.0
640 -0.337195316522 0.502544611629 0.796083055867
641 -0.626909216581 0.778924191278 0.01618451135
642 -1.0 -0.0 -0.0
643 -0.300768952165 -0.81549209633 0.494480210157
644 0.94695604591 0.290197708366 0.138056282629
645 0.0 0.0 1.0
646 0.209261940175 -0.723030331896 0.658359005067
647 -0.118566268845 0.990516884032 0.06941428052
648 -0.999454240365 -0.008628307151 0.031886889658
649 -0.0 -1.0 -0.0
650 -0.0 -0.0 -1.0
651 -0.15717885527 0.91572086253 -0.369797389638
652 -1.0 -0.0 -0.0
653 0.0 1.0 0.0
654 0.0 0.0 1.0
655 0.073456276797 0.969330598147 0.234525834176
656 -0.225711646444 -0.539979363354 0.81084927071
657 0.989915407903 0.022391821634 0.139878845865
658 -0.037714058933 -0.178058876444 0.983296845453
659 0.0 0.0 1.0
660 -0.47005318438 0.882205753813 -0.027622668107
661 -0.137695478901 0.989433339757 0.045405079762
662 1.0 0.0 0.0
663 0.0 0.0 1.0
664 -1.0 -0.0 -0.0
665 0.832453342122 -0.247756928097 0.495618742352
666 1.0 0.0 0.0
667 -0.0 -0.0 -1.0
668 1.0 0.0 0.0
669 -0.0 -1.0 -0.0
670 0.0 0.0 1.0
671 -1.0 -0.0 -0.0
672 0.0 0.0 1.0
