0.327544505352 0.059994859404 0.520245461924
0.463746603421 0.352810469826 0.017266972293
0.140016493288 0.914894611083 0.371457357317
0.348110723967 0.898568807683 0.620980766206
0.228136020208 0.772531206470 0.776879102353
0.747908502360 0.481969104081 0.987303741555
0.064469931529 0.184636624118 0.753216233629
0.799042535648 0.691676427394 0.041937630353
0.979422516210 0.597123611043 0.274389313947
0.621418434654 0.502629860059 0.490413780382
0.389739053696 0.882190150228 0.961960252690
0.919765225927 0.305820642844 0.627597448708
0.100025954167 0.190375905790 0.219837545699
0.591482605733 0.619317429985 0.970541252879
0.311080696628 0.474293025080 0.548311933027
0.484980888647 0.534066949190 0.986179467563
0.922751188011 0.772766685098 0.298144742819
0.474518588297 0.532513789491 0.994048045506
0.186815388358 0.067732627903 0.870822788378
0.369224982585 0.267921598181 0.108697351651
0.471943302530 0.362822727253 0.551512314732
0.643162861367 0.999565816375 0.332189878404
0.210163667785 0.047690203752 0.629314432835
0.936424595872 0.816947252952 0.716088963593
0.859079428030 0.563496597833 0.734393430911
0.508605994361 0.597602939896 0.971951186477
0.281649247268 0.267199129253 0.827567912279
0.734979055737 0.233445796455 0.743496858558
0.896749519113 0.300372990036 0.324694449366
0.717521914325 0.441853826546 0.331666544937
0.708563893058 0.584869768483 0.568627157101
0.715768753858 0.495769576353 0.288890436659
0.582806564820 0.474066694632 0.884156612136
0.353433819516 0.111779690183 0.014257201675
0.669089119889 0.417006724101 0.115739315451
0.976878346172 0.031217178592 0.546424482419
0.830016179691 0.807654544101 0.959804253195
0.428086178712 0.644144184408 0.833251858239
0.205982189119 0.133570828082 0.159104071979
0.688709657665 0.504298473045 0.258505799268
0.052649170759 0.895780747099 0.753342074867
0.250901513574 0.846039516729 0.106998593309
0.497569803672 0.288688049746 0.195631240099
0.976342190100 0.207265720028 0.690168088448
0.791397884124 0.816717703613 0.273666672487
0.361282214937 0.369495846154 0.775556854531
0.771241099831 0.998218118276 0.041658317433
0.420771592509 0.321574062689 0.049373783717
0.303520813722 0.813350417001 0.287027551725
0.894277579042 0.319214585693 0.327001586090
0.089262986841 0.635460602223 0.721298750616
0.507017141023 0.756624319876 0.809832230287
0.770943512727 0.852966006018 0.774266010670
0.490860827060 0.085804435225 0.806202910748
0.487765847783 0.337241819479 0.357533951712
0.628657719963 0.350250368303 0.046277294494
0.412280717923 0.879550698310 0.640293617112
0.218640844018 0.251786657676 0.600180548105
0.922178081265 0.371679561963 0.356565017657
0.955812125931 0.445940101852 0.226814541081
0.129886476730 0.866304818161 0.292455504177
0.226474893534 0.205107202350 0.700437900824
0.433891015911 0.265859209655 0.054257783785
0.378931616202 0.570723120371 0.346851281705
0.215939376583 0.738008431747 0.089799156379
0.554601992696 0.821880351572 0.727468398644
0.073469475747 0.387136284695 0.170580623069
0.537327078397 0.110564211090 0.607474587380
0.591464877601 0.055452919788 0.579877518751
0.064455613379 0.621392278614 0.472567780117
0.652340190981 0.234622749891 0.018649161559
0.872401702636 0.961602805381 0.709035625082
0.768281773854 0.477451374817 0.030131377039
0.535865189529 0.040681316005 0.407290962749
0.143034828534 0.291728562067 0.477761572189
0.070910645229 0.650562538184 0.350971234370
0.245714429109 0.906900273128 0.649294043448
0.671830975695 0.180494727290 0.134520012005
0.945171368042 0.109096183571 0.152730964905
0.656592642641 0.779048650122 0.043155852152
0.764069158705 0.109754965082 0.671315476288
0.054659287730 0.066649491623 0.001117101940
0.201350885852 0.466646291098 0.818777109267
0.897196104222 0.570822628532 0.780283342802
0.711663879708 0.922397740074 0.592932671414
0.255316950460 0.873316959888 0.802487162160
0.003848256445 0.337292607447 0.333136443449
0.440674897411 0.592853479572 0.869606801231
0.843175820111 0.110235973303 0.209246904642
0.182956063167 0.981161203922 0.973323687636
0.184915019935 0.665906462524 0.765350529555
0.463732222771 0.400229807664 0.856107956524
0.199575535534 0.735122956574 0.383115385698
0.809450140171 0.765621103845 0.908703015259
0.052194964808 0.468377808461 0.253651874515
0.244669482192 0.411093042155 0.368245658231
0.795684884376 0.386917213659 0.097514165298
0.418005666552 0.671178957670 0.798287132391
0.664584863650 0.023265325048 0.867911058858
0.153341964791 0.590372928990 0.878773957813
